\
\ strid, ra1, dec1, ra2, dec2, ra1_err, dec1_err, corr1, ra2_err, dec2_err, corr2, start_mjd, end_mjd, flux, bg, length, sigma, length_err, sigma_err, pa_err, bg_err, fit_mag_err, ap_snr, ap_mag_err, dmag, dmag_err, chi2, numfit, prob
\ null, deg, deg, deg, deg, deg, deg, null, deg, deg, null, days, days, dn, dn, pixels, pixels, pixels, pixels, deg, dn, mag, null, mag, mag, mag, null, null, null
\
1, 67.7965044897, 45.2499607607, 67.7874972356, 45.2591180087, 0.00276949997129, 0.00260602083274, 0.84708269004, 0.00261920529723, 0.00249546404999, 0.816177803919, 58099.3590046, 58099.3593518, 499.817628975, -0.819941298198, 39.6141640595, 2.42991236409, 19.0428998145, 2.50078013007, 0.221260147906, 0.550613456838, 1.18797320993, 18.3288958539, 0.0592363126189, -0.00246667498354, 1.18944915328, 1.65451596212, 1, 0.000000
2, 67.7916100604, 45.2543461449, 67.7824410378, 45.2554663403, 0.000395685361476, 0.000353884238898, 0.41615788468, 0.000395689383781, 0.000353888646173, 0.416215061414, 58099.3590046, 58099.3593518, 214.809275373, -0.595604776701, 23.2962643622, 1.01291173242, 2.69611321734, 0.295106755363, 0.0459343181085, 0.1377374176, 0.298038387856, 20.9449576072, 0.0518375938076, 0.108198189163, 0.30251283736, 0.86114542821, 6, 0.000000
3, 67.7870522342, 45.22302578, 67.7811248424, 45.2371113925, 0.0014237644655, 0.00139545734638, 0.431409832638, 0.00142376447764, 0.00139545739148, 0.431409853671, 58099.3590046, 58099.3593518, 262.349655026, -0.465180263342, 52.2465488702, 1.23232814981, 10.0727295893, 0.816545941668, 0.0555353501853, 0.100388692248, 0.651409344587, 7.4719482385, 0.145308314525, -0.165032456054, 0.667419388755, 1.12554510454, 7, 0.000000
4, 67.3595831574, 45.1865365762, 67.3578490789, 45.1910121988, 0.000725139050918, 0.000738932935912, 0.384330270453, 0.0007225804621, 0.000736143781255, 0.373155315945, 58099.3590046, 58099.3593518, 469.525363727, -0.184410346509, 16.5018195067, 0.757551451816, 5.24805917895, 0.582271868009, 0.129069436531, 0.911316227559, 0.767911785904, 19.440215554, 0.0558500085425, -0.528557594973, 0.769940084931, 74.8745159723, 2, 0.000000
5, 67.3179842088, 45.0289640867, 67.3142069427, 45.0272918484, 4.56832196547e-05, 4.94395845246e-05, 0.933031900642, 2.64452244437e-05, 2.82853372485e-05, 0.469276003088, 58099.3590046, 58099.3593518, 2818.80551836, -1.09255645372, 11.2018346052, 0.346119891556, 0.273412256796, 0.0253742181332, 0.00845915975732, 0.934195830418, 0.0683467726693, 33.8828630943, 0.0320438152389, -1.09607304324, 0.0754856769816, 101.825051794, 4, 0.001000
6, 67.9018805548, 44.9477797168, 67.8948391062, 44.9562624165, 0.000176528513707, 0.000159113999356, 0.834213416186, 0.000159244099158, 0.000148575150029, 0.742333977568, 58099.3590046, 58099.3593518, 250.466717443, -0.809903754053, 34.9838639549, 0.400973833376, 1.14486271053, 0.0804422751229, 0.00811747128304, 0.0767164365303, 0.191573610022, 13.4162276971, 0.0809270854124, 0.243600546416, 0.207965480814, 3.47661179525, 4, 0.000000
7, 67.5308031807, 44.8238588518, 67.5249060259, 44.8204597873, 0.000221012311173, 0.000242541380984, 0.897244595506, 0.000251839245419, 0.000277644136864, 0.933560167123, 58099.3590046, 58099.3593518, 1398.65061668, -3.40209713436, 19.1644481362, -0.546406359198, 1.78162002819, 0.150431762388, 0.0286874174708, 0.938922685117, 0.271389923666, 34.4771687418, 0.0314914549072, 0.258354387308, 0.273210911934, 146.011255706, 3, 0.000000
