\
\ strid, ra1, dec1, ra2, dec2, ra1_err, dec1_err, corr1, ra2_err, dec2_err, corr2, start_mjd, end_mjd, flux, bg, length, sigma, length_err, sigma_err, pa_err, bg_err, fit_mag_err, ap_snr, ap_mag_err, dmag, dmag_err, chi2, numfit, prob
\ null, deg, deg, deg, deg, deg, deg, null, deg, deg, null, days, days, dn, dn, pixels, pixels, pixels, pixels, deg, dn, mag, null, mag, mag, mag, null, null, null
\
1, 245.065857406, 37.0084456448, 245.05751332, 37.010713335, 0.000206691284825, 0.000208819872763, 0.77133313943, 0.000379183126845, 0.000389295662826, 0.98239700835, 58230.3854398, 58230.385787, 250.472280774, 12.765632867, 25.0235046574, 0.261755393163, 2.18004805513, 0.0278751085034, 0.00377968770288, 0.0777972148843, 0.126079791928, 7.97837022413, 0.136084961497, 0.381426101325, 0.185513424523, 1.05988311564, 0, 0.000000
2, 245.054331922, 37.0034813714, 245.048989341, 37.0123458737, 0.00011884230812, 0.000122017613211, 0.745324354966, 0.000131083487002, 0.000133447882142, 0.837829998814, 58230.3854398, 58230.385787, 427.737166364, 11.2329389596, 34.9747374324, 0.353877157161, 0.899287576816, 0.0327268139549, 0.0038229246198, 0.101615029261, 0.0973485342492, 7.804352602, 0.139119317146, -0.000736686002799, 0.169796706457, 0.940303029783, 5, 0.000000
3, 245.075545004, 37.0079820539, 245.068498626, 37.0099083887, 0.000263385649494, 0.000265061466729, 0.978585785503, 0.000145130365924, 0.000141032619471, 0.718068605442, 58230.3854398, 58230.385787, 270.703681256, 14.3624194112, 21.1448998248, 0.264535197859, 1.51878221944, 0.0175831106059, 0.00334795283544, 0.0616762438124, 0.0915214708908, 6.13519386356, 0.17696852437, -0.00738342768499, 0.199233627312, 1.23189726435, 0, 0.000000
4, 245.054015729, 36.9538058331, 245.048116622, 36.949850984, 7.35232647507e-05, 7.10433451336e-05, 0.976510868572, 5.48500909967e-05, 5.3619529502e-05, 0.953269965244, 58230.3854398, 58230.385787, 382.197938202, 14.1022697892, 21.8804027357, 0.411638064019, 0.455232580765, 0.0351990963432, 0.00547538810399, 0.0954217673403, 0.080515320845, 12.7590920141, 0.0850950995228, 0.737290476823, 0.117149019857, 1.17452869411, 0, 0.000000
5, 245.062618436, 36.9458293578, 245.05118171, 36.9503747604, 0.000477895138495, 0.000465509175409, 0.745326080631, 0.00047789514157, 0.000465509178011, 0.745326086005, 58230.3854398, 58230.385787, 734.516706296, 15.0145754972, 36.2910497119, 1.49063263796, 3.38348098399, 0.358807003736, 0.0359379221256, 0.143076509659, 0.242965169171, 7.9275170212, 0.136957915304, 0.513551860715, 0.278907769692, 1.27723809154, 0, 0.000000
6, 245.06673785, 36.9504119411, 245.060585425, 36.9363981467, 0.000380133175877, 0.000379369410079, 0.852948589899, 0.000273055657636, 0.000277650423048, 0.132258659922, 58230.3854398, 58230.385787, 424.418778626, 12.6404697923, 52.8057876602, 0.306390631981, 2.37645266837, 0.0343576785612, 0.00230577404248, 0.0565321261527, 0.111137079228, 9.977962958, 0.108813413051, 0.489589660385, 0.15553716353, 1.24856345602, 6, 0.000000
