\
\ strid, ra1, dec1, ra2, dec2, ra1_err, dec1_err, corr1, ra2_err, dec2_err, corr2, start_mjd, end_mjd, flux, bg, length, sigma, length_err, sigma_err, pa_err, bg_err, fit_mag_err, ap_snr, ap_mag_err, dmag, dmag_err, chi2, numfit, prob
\ null, deg, deg, deg, deg, deg, deg, null, deg, deg, null, days, days, dn, dn, pixels, pixels, pixels, pixels, deg, dn, mag, null, mag, mag, mag, null, null, null
\
1, 135.027004263, 29.9076302623, 135.021925593, 29.910407416, 0.000427223184638, 0.000420669515281, 0.841300563777, 0.000427119795467, 0.000420580465536, 0.841196406935, 58105.4577199, 58105.4580671, 579.821772853, -0.70985699195, 18.511529064, 0.946808097927, 3.04986350508, 0.359749336969, 0.071438309883, 0.62997619285, 0.390825377606, 42.1623707831, 0.0257513082067, -0.664962865194, 0.391672829866, 10.7186177498, 0, 0.004000
2, 134.610158862, 29.8399340105, 134.607565091, 29.8439778273, 0.000563384400545, 0.000617700884284, 0.781138980109, 0.000563384395831, 0.000617700879815, 0.781138974105, 58105.4577199, 58105.4580671, 996.008123179, -1.60039760567, 16.4526061824, 1.42318117379, 4.30589500469, 0.647055490576, 0.151572787915, 1.21185335619, 0.495411427492, 85.7187780388, 0.0126662585445, 0.0626503111313, 0.495573321109, 10.086790197, 0, 0.022000
3, 134.723578038, 29.7958984327, 134.721382658, 29.7991356631, 0.000305080077875, 0.000333215293782, 0.799402881184, 0.000305079824475, 0.000333215122944, 0.799402329302, 58105.4577199, 58105.4580671, 578.184657093, 0.158690117366, 13.3564705432, 1.21196992592, 2.32598280142, 0.351311447405, 0.104111918842, 0.434305100042, 0.306789690994, 23.0575209762, 0.0470881586047, 0.0761730567568, 0.310382359648, 6.99811275119, 3, 0.000000
4, 135.08155531, 29.768463984, 135.077034787, 29.7720852002, 0.0002947313763, 0.000298665733209, 0.929236004785, 0.000294733068279, 0.000298667292333, 0.929236781017, 58105.4577199, 58105.4580671, 863.685878941, -0.764471255166, 18.9906799908, 1.13223749416, 2.13874706279, 0.268997524257, 0.0531201357135, 0.398882360489, 0.244016964611, 29.3354174391, 0.0370111046489, -0.926547262916, 0.246807821767, 12.5384786222, 0, 0.000000
5, 134.574339786, 29.7339662851, 134.570194642, 29.7322664869, 0.000631097729638, 0.000547196660681, 0.691354345097, 0.000631097661371, 0.000547196570029, 0.69135416937, 58105.4577199, 58105.4580671, 1082.42972029, -1.81481218294, 14.1557143844, 1.6709832726, 4.36221424487, 0.746256075214, 0.213645015935, 1.38339081569, 0.506671334724, 69.8048620746, 0.0155538765136, 0.0175396451517, 0.506910016182, 10.0110963615, 0, 0.028000
6, 134.964484703, 29.6694331648, 134.960681511, 29.6715568808, 0.000259289485533, 0.000257663278108, 0.840479995191, 0.000280447591879, 0.000277768833448, 0.875460638278, 58105.4577199, 58105.4580671, 319.551124855, -1.41933404146, 13.9709454663, 0.575023023439, 1.93281934333, 0.199753483647, 0.0531967644684, 0.4989068582, 0.352780339796, 13.8509014038, 0.0783874040472, 0.128918151084, 0.361384218333, 17.1201522572, 2, 0.000000
7, 135.034774716, 29.6360481322, 135.027211609, 29.6335344335, 0.000218014677801, 0.00019370426663, 0.624205286018, 0.000218014676754, 0.000193704265109, 0.624205273644, 58105.4577199, 58105.4580671, 1945.83484069, -0.348986271086, 25.0316449164, 2.17169058123, 1.50130471614, 0.22480466475, 0.0348482436053, 0.209916577603, 0.111618901368, 57.8887312651, 0.0187555709208, 0.247376072517, 0.113183702816, 0.918971679129, 0, 0.041000
