\
\ strid, ra1, dec1, ra2, dec2, ra1_err, dec1_err, corr1, ra2_err, dec2_err, corr2, start_mjd, end_mjd, flux, bg, length, sigma, length_err, sigma_err, pa_err, bg_err, fit_mag_err, ap_snr, ap_mag_err, dmag, dmag_err, chi2, numfit, prob
\ null, deg, deg, deg, deg, deg, deg, null, deg, deg, null, days, days, dn, dn, pixels, pixels, pixels, pixels, deg, dn, mag, null, mag, mag, mag, null, null, null
\
1, 163.886572504, 11.6166084993, 163.882529199, 11.6102307335, 0.000264133782256, 0.000310221394405, 0.765518016226, 0.000260322558409, 0.000307864506452, 0.756903325643, 58153.4496991, 58153.4500463, 4953.06575305, -1.02555219985, 26.6921832054, 4.86433202245, 2.22632960137, 0.471857882493, 0.0721931825353, 0.439292702145, 0.134044441681, 88.0914008832, 0.0123251099866, -0.0143337333436, 0.134609883299, 1.18802024931, 0, 0.037000
2, 163.735990122, 10.9882785895, 163.717070656, 10.9774630165, 0.000375336303687, 0.000300363241904, 0.361410863058, 0.000954020910244, 0.000968836082226, 0.985592813682, 58153.4496991, 58153.4500463, 50694.3276692, 0.539330350965, 76.3878448007, 11.0654930938, 5.30034397347, 0.349598211563, 0.0214137589042, 0.235969970912, 0.0780966611168, 187.603909735, 0.00578738580816, -0.285642431744, 0.0783108058449, 1.20130608229, 0, 0.022000
3, 163.729631785, 10.9768921776, 163.705910913, 10.9749089976, 3.02348905537e-05, 2.87334966987e-05, 0.152402814682, 3.02348905295e-05, 2.87334966283e-05, 0.152402787948, 58153.4496991, 58153.4500463, 28791.9487274, 7.45690519047, 83.0676580525, -2.96052907066, 0.211137877859, 0.0207349420665, 0.000909422054785, 0.0168062643669, 0.00688601692334, 88.4066321001, 0.0122811623853, -0.217642089854, 0.0140799211149, 1.13133505775, 0, 0.314000
4, 163.755865337, 10.9648236968, 163.707069207, 10.9459901861, 8.82904804284e-05, 7.83614003263e-05, 0.57650124562, 9.07192458389e-05, 8.15727501449e-05, 0.63864641851, 58153.4496991, 58153.4500463, 455215.776937, 3.22445033394, 182.954295476, 18.3407650883, 0.622053062418, 0.0969271586952, 0.00209448746628, 0.0439128703942, 0.00584387180689, 572.721836487, 0.00189574787548, 0.129253718827, 0.00614367135374, 1.59564277131, 1, 0.000000
5, 163.731178206, 10.9705709663, 163.714295881, 10.9662036126, 0.000186930146853, 0.000184514994136, 0.475240385891, 0.000186904350208, 0.000184497280336, 0.474955921483, 58153.4496991, 58153.4500463, 810.188626029, 20.2050971639, 60.9180004555, 0.897667311362, 1.32374863787, 0.0848002380542, 0.004913846744, 0.0282003639946, 0.0907956004989, 31.3181209832, 0.0346679867972, 1.78228121289, 0.0971890445396, 0.649758877845, 1, 0.005000
6, 163.779888013, 10.9615220635, 163.76636817, 10.9573199552, 0.000119659439747, 0.000113147863907, 0.537372873207, 0.000119659439557, 0.000113147863617, 0.537372867259, 58153.4496991, 58153.4500463, 5680.70525322, 3.41967300038, 49.4820940825, 2.42556805772, 0.836951794883, 0.0964571889324, 0.00716725322618, 0.0854230680103, 0.0405729066467, 15.5378758578, 0.0698767460043, -1.23784752771, 0.0808017350427, 1.01545184791, 0, 0.010000
7, 163.669596987, 10.9450140442, 163.656683612, 10.9403611765, 0.00019997341471, 0.000187286676995, 0.00740618528853, 0.000292677752865, 0.000290470393207, 0.890912714769, 58153.4496991, 58153.4500463, 5188.58591189, 1.9153731313, 48.0025234182, 2.20239430343, 1.78513887842, 0.128172160509, 0.00963805454785, 0.222871200273, 0.0678772746627, 52.7820824858, 0.0205701661175, -0.035815350601, 0.0709257086657, 1.09040815214, 0, 0.243000
8, 163.685061371, 10.9442264385, 163.678318176, 10.9421621373, 0.000170743430839, 0.000160731863681, 0.529006032274, 0.000170743379541, 0.000160731827131, 0.529005526511, 58153.4496991, 58153.4500463, 1281.88234991, 6.80994904454, 24.6487911613, 1.26117634859, 1.19321685391, 0.141375195106, 0.0209749477862, 0.262507832234, 0.116475346656, 16.6276900624, 0.0652968753136, 0.0890532175143, 0.133529728167, 1.22418162235, 0, 0.000000
9, 163.741642961, 10.9358115339, 163.727311795, 10.9318850227, 0.000250607934533, 0.00024463679507, 0.769779291864, 0.000202943655018, 0.000190350497438, 0.0510579514683, 58153.4496991, 58153.4500463, 5253.2950711, 1.88689301108, 51.9215418353, 2.27598423771, 1.61277516511, 0.134195057432, 0.00925378717668, 0.193358968077, 0.0652510977695, 53.2017307717, 0.0204079113407, 0.00255026678506, 0.0683680378936, 1.22705279145, 0, 0.163000
10, 163.71825126, 10.9280495211, 163.710362603, 10.9251810538, 0.000186869290828, 0.000176401744395, 0.606292135282, 0.000186869290513, 0.000176401743857, 0.606292129737, 58153.4496991, 58153.4500463, 1769.84195503, 3.35734263144, 29.3569057984, 1.58385859045, 1.30847183103, 0.158621347466, 0.0198815562937, 0.208836148688, 0.104058198445, 22.4245068541, 0.048417394943, -0.00555610894846, 0.114770870854, 1.20448046232, 0, 0.000000
11, 163.68992153, 10.921651236, 163.664849849, 10.9146753418, 0.000379729709764, 0.000347244185354, 0.503263957314, 0.000376897355894, 0.000343773259084, 0.477217907748, 58153.4496991, 58153.4500463, 20254.0115889, 0.690927973667, 90.9446165822, 6.52471094044, 2.67212493975, 0.286989420448, 0.0111565622707, 0.17415491698, 0.0557094056849, 122.119864552, 0.00889074196684, -0.0641157998986, 0.0564143880095, 1.15488244419, 0, 0.013000
12, 163.670417661, 10.9203911338, 163.667211042, 10.9181596141, 0.000109228640313, 0.000108756125383, 0.902627441641, 0.000106172960767, 0.000105098167896, 0.890593710897, 58153.4496991, 58153.4500463, 316.809625065, 7.36191681911, 13.7167180819, 0.55254258738, 0.767232036997, 0.081285582537, 0.021651701815, 0.247120767956, 0.147781345719, 12.5195150542, 0.0867235032714, 0.626061663585, 0.171348452465, 0.968195078679, 0, 0.000000
13, 163.59639494, 10.8552120808, 163.586779059, 10.8537030237, 1.29716785812e-05, 1.23605358293e-05, 0.289000965875, 1.29716695302e-05, 1.23605311229e-05, 0.288998893263, 58153.4496991, 58153.4500463, 15124.0599807, 0.333695832384, 33.9941665105, 1.22047813108, 0.0907268248068, 0.00897861370121, 0.000958171887695, 0.0880487499338, 0.00730127806134, 123.314922844, 0.00880458082219, 0.0321245338328, 0.0114380638564, 1.37901926116, 0, 0.939000
