\
\ strid, ra1, dec1, ra2, dec2, ra1_err, dec1_err, corr1, ra2_err, dec2_err, corr2, start_mjd, end_mjd, flux, bg, length, sigma, length_err, sigma_err, pa_err, bg_err, fit_mag_err, ap_snr, ap_mag_err, dmag, dmag_err, chi2, numfit, prob
\ null, deg, deg, deg, deg, deg, deg, null, deg, deg, null, days, days, dn, dn, pixels, pixels, pixels, pixels, deg, dn, mag, null, mag, mag, mag, null, null, null
\
1, 143.946796731, 29.8634794815, 143.941522355, 29.8608694417, 0.00041709792626, 0.000387017116906, 0.790452136991, 0.000417097221201, 0.000387016264677, 0.790450579462, 58101.4653704, 58101.4657176, 778.462095138, -1.06649795745, 18.7236519947, 1.50000893096, 2.92819592562, 0.431375565336, 0.0864886735196, 0.601379548357, 0.319120203781, 99.1729884588, 0.0109479024645, 0.0568336676071, 0.319307940755, 5.00860609641, 0, 0.006000
2, 144.26268045, 29.8436937584, 144.258206571, 29.841774506, 0.000346433489888, 0.000310318207947, 0.715189018813, 0.000346433490026, 0.000310318207038, 0.715189015543, 58101.4653704, 58101.4657176, 989.190711806, -1.40690420124, 15.3915105163, 1.61507567552, 2.40920748436, 0.38781103212, 0.101716221124, 0.473765054688, 0.260256147005, 37.6032503582, 0.0288734669055, -0.127578253926, 0.261852896003, 8.7512456966, 1, 0.000000
3, 144.019619771, 29.8431173719, 144.015857361, 29.8405481072, 0.000283229231624, 0.000272822315443, 0.889654931558, 0.000283229435338, 0.000272822616846, 0.889655250995, 58101.4653704, 58101.4657176, 813.793961635, -2.16169410317, 14.7644392331, 1.17916000893, 2.01753202574, 0.289618256383, 0.0759030891907, 0.533490688487, 0.25887532487, 16.0001044535, 0.0678580697964, -0.587118150555, 0.267621283651, 11.6411245379, 0, 0.000000
4, 144.044280425, 29.8402006239, 144.039217381, 29.8371779008, 0.000511854922996, 0.000475957117754, 0.838096889923, 0.000519912872285, 0.00048582530734, 0.847021520868, 58101.4653704, 58101.4657176, 967.031099312, -3.31486065683, 18.9530222008, 1.8872062941, 3.68711217888, 0.627950457234, 0.118629247028, 1.07544139787, 0.419808482864, 37.7739653973, 0.0287429766332, -0.00864451994745, 0.420791303368, 5.12813216779, 0, 0.000000
5, 144.491213184, 29.818203794, 144.487159088, 29.8113211054, 0.000415843379234, 0.000430688055256, 0.762943377431, 0.000415843238289, 0.00043068791129, 0.762943070849, 58101.4653704, 58101.4657176, 843.202952731, -1.52578028968, 27.466773846, 1.23404797105, 3.04085187246, 0.338349810222, 0.0447346486455, 0.364656099067, 0.281573462241, 14.0736934645, 0.0771465008457, -0.718069551467, 0.291950676024, 10.0294314207, 8, 0.000000
6, 143.908070756, 29.6619247944, 143.90458862, 29.6612617571, 5.3549594037e-05, 5.12330697683e-05, 0.422152931675, 5.2726933421e-05, 5.03505501423e-05, 0.354745078877, 58101.4653704, 58101.4657176, 643.846397044, -1.66482856664, 11.0166777377, 0.302359207527, 0.374211878775, 0.0314950474908, 0.0106238071492, 0.395215297233, 0.102189675502, 11.5500682771, 0.094002578921, -1.17230505953, 0.138849611534, 64.6779914293, 1, 0.000000
7, 144.474344845, 29.4355787982, 144.472123866, 29.4299670928, 0.000112421283516, 0.000117532296995, 0.578379571853, 0.000112411903807, 0.000117522617751, 0.578212611649, 58101.4653704, 58101.4657176, 15146.6170882, -3.30765595194, 21.0979262677, 0.862154819119, 0.824576438561, 0.0872098508032, 0.0150348330027, 3.07962951062, 0.101099097004, 121.1851164, 0.00895931973339, -0.189273925723, 0.101495304448, 73.8452734504, 3, 0.033000
8, 144.335390184, 29.3154067985, 144.326463211, 29.3350780561, 8.54140087745e-05, 8.69479615341e-05, 0.827528236328, 6.73143505543e-05, 6.89696958887e-05, 0.45414555727, 58101.4653704, 58101.4657176, 3042.68658252, -0.833804320581, 75.1968391374, 1.16404065862, 0.554779100181, 0.0299352758611, 0.00139866200567, 0.0337762457188, 0.0253617267778, 81.7208631298, 0.0132859121059, 0.443407864815, 0.0286309735363, 1.52546050404, 0, 0.378000
9, 144.329223344, 29.3186895948, 144.325152206, 29.3284471224, 0.000191430219941, 0.000247847389145, 0.625258062308, 0.000176467805858, 0.000238593204279, 0.506037067908, 58101.4653704, 58101.4657176, 6780.89582254, -2.21772216065, 36.9070539241, 6.72601554121, 1.68526931885, 0.352146204404, 0.0378306135898, 0.185961948016, 0.0754409376398, 708.929909631, 0.0015315141737, -0.0372329018714, 0.0754564815482, 1.14676263262, 0, 0.012000
10, 144.315057482, 29.3133562156, 144.311417417, 29.3211899859, 8.76457561961e-05, 9.23359440651e-05, 0.645643444703, 9.11549643392e-05, 9.56123985109e-05, 0.702439567882, 58101.4653704, 58101.4657176, 1258.2526314, -0.865512064018, 30.0443368255, 1.19276324637, 0.658662341628, 0.0677749976704, 0.00806465398499, 0.122322786908, 0.0588099217495, 27.4609079316, 0.0395375202983, -1.12422018013, 0.0708648178402, 0.978918700656, 0, 0.003000
11, 144.312951147, 29.3059217288, 144.305794485, 29.3206091283, 9.2910521865e-05, 9.71199927638e-05, 0.699682203192, 9.29105213889e-05, 9.71199922864e-05, 0.699682196522, 58101.4653704, 58101.4657176, 3202.37876407, -0.411048393203, 56.7245507812, 2.01119152361, 0.68076486424, 0.0672493714842, 0.00427822151925, 0.0389318557465, 0.0334610996345, 71.5167694745, 0.0151815610903, -0.0662099951627, 0.0367440469449, 1.46252560644, 0, 0.055000
12, 144.348912128, 29.2634400774, 144.335322962, 29.3127987989, 8.70736610148e-05, 9.01169201919e-05, 0.453437594285, 8.70736607548e-05, 9.01169199173e-05, 0.453437584316, 58101.4653704, 58101.4657176, 25859.6718781, -0.193478850535, 180.427745142, 4.0452234095, 0.632672939867, 0.0498031802298, 0.000983604621196, 0.0113240531725, 0.0119793687773, 129.839713268, 0.00836212725238, -0.808603233079, 0.0146092589986, 4.11863839684, 0, 0.001000
13, 144.322259461, 29.3032966857, 144.318438216, 29.3118459406, 9.80466896353e-05, 0.00010163401738, 0.786552513149, 8.10090143689e-05, 8.54854199059e-05, 0.483285607389, 58101.4653704, 58101.4657176, 1522.82277101, -1.03808885688, 32.6153864025, 1.23313174578, 0.661024795361, 0.058491180264, 0.00642921260779, 0.104624742922, 0.0495149294881, 121.986868896, 0.0089004350598, -0.463901399826, 0.0503085080922, 1.05658124565, 0, 0.011000
14, 144.398326111, 29.0758890424, 144.394199785, 29.0724722682, 0.000161614153901, 0.00015953569918, 0.925926892656, 0.000161542534543, 0.00015945299381, 0.925852172737, 58101.4653704, 58101.4657176, 503.226973041, 3.23585134624, 17.659461034, 1.19459838163, 1.16316700498, 0.159154395412, 0.0331311039215, 0.243067694025, 0.146024157743, 11.1164753839, 0.0976691052929, 0.00893319888962, 0.175676716651, 1.09883173375, 0, 0.000000
15, 144.392320133, 29.0715904323, 144.390550949, 29.0681796502, 0.000234952336355, 0.000256810425892, 0.676606292039, 0.00023495198936, 0.000256809971866, 0.676604619932, 58101.4653704, 58101.4657176, 203.285570105, 4.0384923005, 13.3117451481, 1.17043616144, 1.79072430103, 0.267759837579, 0.0789381662827, 0.139141858902, 0.243014753492, 5.4310118084, 0.199914167573, 0.317317441235, 0.31467736622, 1.1593054847, 1, 0.000000
16, 144.4010907, 29.059722102, 144.392779596, 29.0619269809, 0.000988900488746, 0.000893351554455, 0.941843721142, 0.00072467470528, 0.000458970577946, 0.632197718253, 58101.4653704, 58101.4657176, 3484.29426104, 0.131403405379, 26.9922984976, 6.07712855413, 6.23858485298, 0.667507519242, 0.118810949688, 0.377281211993, 0.252639098087, 48.2977228923, 0.0224800702753, -0.377839187848, 0.25363727534, 1.06469089755, 0, 0.041000
