\
\ strid, ra1, dec1, ra2, dec2, ra1_err, dec1_err, corr1, ra2_err, dec2_err, corr2, start_mjd, end_mjd, flux, bg, length, sigma, length_err, sigma_err, pa_err, bg_err, fit_mag_err, ap_snr, ap_mag_err, dmag, dmag_err, chi2, numfit, prob
\ null, deg, deg, deg, deg, deg, deg, null, deg, deg, null, days, days, dn, dn, pixels, pixels, pixels, pixels, deg, dn, mag, null, mag, mag, mag, null, null, null
\
1, 138.084477939, 49.5828859838, 138.083054443, 49.5678341176, 0.0014770755128, 0.00247082361268, 0.160269685385, 0.00155740663379, 0.00251733704893, 0.41060899929, 58156.333287, 58156.3336342, 6531.33805069, 0.832378548861, 53.6478729767, 9.32450931998, 17.6562649312, 2.11898411066, 0.0959649523439, 0.960559333813, 0.611091270427, 50.1885170788, 0.0216331596937, -0.777487988386, 0.611474066818, 1.20893909792, 8, 0.006000
2, 138.146938039, 49.5703443039, 138.137604057, 49.568247249, 0.000991118036538, 0.0007962673827, 0.535341936933, 0.000991079982424, 0.000796200928174, 0.535200783775, 58156.333287, 58156.3336342, 410.580991813, 5.27892620212, 22.7946534152, 3.54900225458, 6.81308130953, 1.3254699778, 0.241456416028, 0.175202889985, 0.466426966517, 4.36056704988, 0.248989682383, -0.000552578198832, 0.528724859476, 1.31098666436, 1, 0.000000
3, 138.219711707, 49.5611034391, 138.208391886, 49.5651003833, 0.000350278344737, 0.000332113642496, 0.807296891991, 0.000350278821889, 0.000332114013159, 0.807297638895, 58156.333287, 58156.3336342, 291.055856953, 4.58134639959, 29.7322099091, 1.19367418047, 2.44858609768, 0.258689678619, 0.0313241134205, 0.0975089224617, 0.221802609654, 3.79690382889, 0.28595304324, -0.172064143277, 0.36189161442, 1.28779732529, 0, 0.000000
4, 138.194421543, 49.55689173, 138.188465012, 49.5617127335, 0.000334705685276, 0.000335445546082, 0.902063410164, 0.000334705684047, 0.000335445544723, 0.902063409323, 58156.333287, 58156.3336342, 230.31230832, 5.11846343389, 21.9718136191, 1.49082298199, 2.42086005229, 0.32286174155, 0.0557930715161, 0.0659658159415, 0.224722101551, 4.89948430085, 0.221602139754, 0.504075432189, 0.315606608405, 1.28974040054, 5, 0.000000
5, 138.263133506, 49.5593682236, 138.254044262, 49.5567316196, 0.000428982036429, 0.000411631268326, 0.698099237806, 0.000428909209253, 0.000411544220954, 0.697840400581, 58156.333287, 58156.3336342, 235.582225578, 5.44744774208, 22.9855443211, 1.23837744992, 3.02968484895, 0.370146969735, 0.0586370956347, 0.161724076593, 0.315926505141, 4.13382594167, 0.262646811955, 0.116683391432, 0.410844136481, 1.28868187759, 1, 0.000000
6, 138.086921474, 49.5396709947, 138.084925214, 49.547075258, 0.000145401556359, 0.000151446163108, 0.31621988026, 0.000145409552745, 0.000151466581508, 0.316477275783, 58156.333287, 58156.3336342, 328.794108355, 3.63950151844, 26.7355266101, 0.90428106806, 1.06267111918, 0.102142200989, 0.0138394547205, 0.0509682816065, 0.111991861954, 11.7406394487, 0.0924767521819, 0.691946736584, 0.145238172799, 1.31286284593, 0, 0.000000
7, 138.20215586, 49.5359862675, 138.197135301, 49.5402943885, 0.000683934470939, 0.000726005053503, 0.815814881172, 0.00068393034344, 0.000726000496464, 0.815812404828, 58156.333287, 58156.3336342, 319.189789659, 4.61168270727, 19.2086041459, 2.994028623, 5.32850963358, 1.01648554056, 0.225473285177, 0.149148036864, 0.409389005803, 6.48613051079, 0.167393518054, 0.589729098338, 0.442289439122, 1.35058632912, 7, 0.000000
8, 138.140837376, 49.5200867202, 138.131794984, 49.51217706, 0.00291581929042, 0.0028723461361, 0.973182396973, 0.00128596572794, 0.00152925310373, 0.666392206749, 58156.333287, 58156.3336342, 1074.32696835, 3.92649949123, 35.0485119629, 5.60118293584, 17.1316747289, 2.20443862208, 0.247847526281, 0.503456845966, 0.825797135927, 12.0227488136, 0.0903068193133, -0.400023493564, 0.83072030872, 1.29202541581, 0, 0.000000
9, 138.190151121, 49.4606185721, 138.179176189, 49.4682275622, 0.0013046054686, 0.00130256280539, 0.867459387444, 0.00171178193257, 0.00163268529639, 0.923360051833, 58156.333287, 58156.3336342, 567.109584495, 4.05824971072, 37.0866234959, 4.32948555267, 11.1489238733, 1.75498599324, 0.186970950669, 0.147798290203, 0.515669014804, 5.1083844983, 0.212540032004, -0.080201570215, 0.557752452288, 1.31184679964, 1, 0.000000
10, 137.529873928, 48.9032685978, 137.524373524, 48.9123746107, 0.000562612604389, 0.000616264375716, 0.293688781268, 0.00105875989452, 0.00105139435827, 0.951518576422, 58156.333287, 58156.3336342, 1224.91009824, 0.633663664713, 34.8232913644, 2.08132321745, 6.21210646506, 0.268127022241, 0.0283336609607, 0.252728558349, 0.225378260574, 26.8974050264, 0.0403658346853, -0.118765164247, 0.228964540812, 1.08771345801, 0, 0.000000
11, 137.541191699, 48.8856767737, 137.532400809, 48.8989998246, 0.00147501526706, 0.001534970211, 0.914670135347, 0.00361952353991, 0.0035352328414, 0.997261446636, 58156.333287, 58156.3336342, 1950.10516187, 0.186232971181, 51.6182785859, 1.88681512237, 19.5753543442, 0.179112654157, 0.0129617606121, 0.165904548305, 0.411221223547, 39.0682583073, 0.0277907501332, -0.102390952409, 0.412159217401, 1.4764524546, 0, 0.001000
12, 137.597139368, 48.7993691109, 137.587452173, 48.8143709406, 0.00100017224206, 0.000989414509568, 0.944831288285, 0.000548338129049, 0.000581288273648, 0.0788358199863, 58156.333287, 58156.3336342, 2477.91857846, 0.0230950691037, 57.9435254425, 2.43213187402, 5.84974964557, 0.196078917015, 0.0123868418079, 0.133371972456, 0.129927805755, 47.0514069923, 0.0230755310874, -0.0981572166972, 0.131961035322, 1.1892219266, 3, 0.005000
13, 137.614866141, 48.7699504586, 137.60445473, 48.7861962725, 0.000774707878044, 0.000813366893987, 0.314616906395, 0.0011267324322, 0.00112976041583, 0.880849810957, 58156.333287, 58156.3336342, 3286.765267, -0.0776564020813, 62.682288768, 2.83588618782, 7.11438525419, 0.19961613086, 0.0119526690277, 0.132068941508, 0.135122875088, 55.8959834267, 0.0194242258244, -0.130447766357, 0.136511874652, 1.19301327256, 0, 0.024000
