\
\ strid, ra1, dec1, ra2, dec2, ra1_err, dec1_err, corr1, ra2_err, dec2_err, corr2, start_mjd, end_mjd, flux, bg, length, sigma, length_err, sigma_err, pa_err, bg_err, fit_mag_err, ap_snr, ap_mag_err, dmag, dmag_err, chi2, numfit, prob
\ null, deg, deg, deg, deg, deg, deg, null, deg, deg, null, days, days, dn, dn, pixels, pixels, pixels, pixels, deg, dn, mag, null, mag, mag, mag, null, null, null
\
1, 95.5722841014, 29.836376292, 95.5722762255, 29.844975571, 0.000687258918717, 0.000792603416326, 0.0389823373275, 0.000687278872292, 0.000792899177646, 0.047684101776, 58115.3491088, 58115.349456, 3661.98878258, -1.69183478434, 30.5808535104, 2.57249896083, 5.40547350608, 0.809524821012, 0.100397361756, 1.07061771703, 0.3487932745, 156.758908572, 0.00692615312679, 0.203854062457, 0.348862035672, 13.5633054646, 6, 0.005000
2, 95.7597912299, 29.8307875164, 95.7628170582, 29.8366433099, 8.6660718726e-05, 0.000172156487063, 0.859616488941, 8.66607201162e-05, 0.000172156485649, 0.859616492762, 58115.3491088, 58115.349456, 234808.325322, -0.880975514935, -22.818702569, 12.9788444385, 1.30722261551, 0.138846539967, 0.0608300861866, 0.190853273668, 0.0121708810908, 522.499393088, 0.00207796644191, 0.00144233184825, 0.0123469952239, 6.75982084112, 0, 0.011000
3, 95.5513935664, 29.8356341762, 95.5465232574, 29.8330846379, 0.000479280732339, 0.000295264244894, 0.943628287321, 0.00047925573313, 0.000295166332998, 0.943598126941, 58115.3491088, 58115.349456, 158392.229973, 4.3087880546, 17.5481063415, -13.8974378818, 3.91046579865, 0.315857327108, 0.23073089572, 0.5067548195, 0.0289958283526, 339.878385724, 0.00319448441079, -0.00319541621217, 0.0291712665564, 4.3857459462, 3, 0.028000
4, 95.7077253401, 29.8134157131, 95.7043418022, 29.8074078343, 0.000399725953356, 0.000444394287203, 0.754376036842, 0.000399725952456, 0.000444394287097, 0.754376034473, 58115.3491088, 58115.349456, 3009.65824215, -2.33784167677, 23.7788456579, 1.78394880646, 3.06322398448, 0.428778398311, 0.0690088091282, 0.846339880883, 0.253323530378, 148.740196637, 0.00729954799915, -0.00966338311665, 0.253428677233, 11.6770907573, 1, 0.029000
5, 95.5484511795, 29.8030234546, 95.5403988275, 29.8024880023, 0.000577454714245, 0.000513090970321, 0.0938268752366, 0.00057745471498, 0.000513090969834, 0.0938268636479, 58115.3491088, 58115.349456, 2514.03101785, -3.14793623868, 24.9211119243, 1.90125532023, 3.96179171018, 0.560752030167, 0.0858885718763, 0.862158150037, 0.313886061184, 37.203392093, 0.0291837959841, -0.262297554987, 0.315239834656, 19.1780477793, 1, 0.005000
6, 96.386727942, 29.8227045143, 96.3817949924, 29.8178380182, 0.000542370849361, 0.000572634288231, 0.920310683429, 0.000534043737414, 0.000565019501944, 0.917721083099, 58115.3491088, 58115.349456, 2018.16016403, -6.67764516567, 23.0517928008, 1.69590202302, 4.04224165597, 0.598397440711, 0.0908853580387, 2.05006285026, 0.422764745298, 47.7217877069, 0.0227513732601, -0.00527340857703, 0.423376493032, 10.2758209768, 0, 0.011000
7, 96.3364817971, 29.8207985416, 96.3304837871, 29.8191050555, 0.00043791641968, 0.000412710023534, 0.51853403377, 0.000437916449316, 0.000412710065031, 0.518534258816, 58115.3491088, 58115.349456, 1336.12563108, -4.11851089724, 19.469923262, 1.23371534955, 3.07480421815, 0.402394401531, 0.076890810227, 1.07730708479, 0.344818647071, 26.852258276, 0.0404337018361, -0.201721323169, 0.347181197089, 14.6218178015, 1, 0.000000
8, 96.1665779793, 29.8068753978, 96.1625041531, 29.7984864144, 0.000156176020491, 0.000220246879705, 0.395603164156, 0.000221355626726, 0.000265749370799, 0.807988990189, 58115.3491088, 58115.349456, 62448.3323822, -2.7820708034, 32.3691899314, 6.16753999274, 1.72791471158, 0.303059245337, 0.0406017196258, 1.90734040164, 0.0738122133392, 252.693960521, 0.00429664485261, -0.106259500648, 0.0739371624761, 3.65576013622, 3, 0.014000
9, 96.0318902828, 29.7891573162, 96.0256719984, 29.7871281584, 0.000421055457501, 0.000416719754087, 0.611703076818, 0.000416761697379, 0.000411453693793, 0.58814756982, 58115.3491088, 58115.349456, 978.542385653, -3.8424388245, 20.5076151297, -0.692971165293, 2.98376399619, 0.284450007138, 0.0504403899904, 1.28279725541, 0.414278754893, 32.1640870619, 0.0337561642172, 0.676788884379, 0.415651735686, 25.7611706823, 7, 0.000000
10, 96.0023882513, 29.7708793375, 95.9913964923, 29.7743652873, 0.000291582785161, 0.000268238295192, 0.645819114408, 0.00029158278686, 0.000268238296637, 0.645819123037, 58115.3491088, 58115.349456, 4126.85416268, -1.06384354953, 36.1186146863, 1.66670373931, 2.0113808547, 0.223985067601, 0.0228588203541, 0.305696392279, 0.134885212856, 87.5089250391, 0.012407148234, -0.322843392945, 0.135454634378, 26.9152741347, 0, 0.291000
11, 95.9276817963, 29.7695153789, 95.9247363364, 29.7647421786, 0.000132150845898, 0.000146044242512, 0.788239521663, 0.00013215084539, 0.000146044242467, 0.788239518269, 58115.3491088, 58115.349456, 2723.42362961, -0.63992959784, 19.2558833515, 1.46915739576, 1.0083080864, 0.140329810018, 0.028411127435, 0.205318763364, 0.0977753768349, 53.7480469818, 0.0202004773332, -0.406160815517, 0.0998402904628, 29.7020784821, 5, 0.030000
12, 95.7969263746, 29.7350712707, 95.7927674128, 29.7397478515, 0.000616718333149, 0.000616457143509, 0.866761395332, 0.000616718331169, 0.000616457141154, 0.866761394313, 58115.3491088, 58115.349456, 1814.15690421, -0.962438109093, 21.006548407, -1.78413018357, 4.48521754704, 0.665587339032, 0.122714489581, 1.00968629177, 0.400859881407, 76.2958726249, 0.0142306020942, 0.0207714533929, 0.401112396415, 13.8966941083, 0, 0.049000
13, 95.7422169669, 29.7263441834, 95.7438786061, 29.7235784095, 0.000269071925792, 0.000511209927883, 0.975615630091, 0.000269071860785, 0.00051121131348, 0.975615647509, 58115.3491088, 58115.349456, 201011.529695, -0.263716428914, -11.0912834035, 14.4648374428, 4.0731111791, 0.194691449869, 0.372354403079, 0.312049568187, 0.0165740932257, 453.670324552, 0.00239322729744, -0.000239448997577, 0.0167459876732, 4.27256691616, 0, 0.016000
14, 96.0980150693, 29.7051384958, 96.0904831432, 29.6990860727, 0.000627322971079, 0.000657442829554, 0.942472175995, 0.000546194173147, 0.000562716496588, 0.918213052454, 58115.3491088, 58115.349456, 3335.28639976, -5.09418394212, 31.7011934098, 2.03030557676, 4.3621111432, 0.560694807608, 0.0624948039799, 1.50089086339, 0.32338827874, 78.709209893, 0.013794271423, -0.0245383484432, 0.323682345441, 9.2644399479, 6, 0.019000
15, 95.8368097577, 29.6819430119, 95.8247579034, 29.679307947, 0.0016756874472, 0.00142801378081, 0.116072604945, 0.0018357420822, 0.00168102579217, 0.622695666174, 58115.3491088, 58115.349456, 4315.29108697, -4.237267814, 38.3989058921, 3.71889040614, 12.3199147405, 1.73016119958, 0.162424246263, 1.72063842886, 0.606720896853, 71.1854410069, 0.0152522227776, -0.0498014035987, 0.606912577706, 15.4745737972, 2, 0.002000
16, 96.386216271, 29.6881950861, 96.3807279457, 29.6812394081, 0.0002898388492, 0.000310406403572, 0.895846146001, 0.000289838848546, 0.000310406403068, 0.895846145199, 58115.3491088, 58115.349456, 3235.7192362, -1.28064222592, 29.9968131439, -1.4767843041, 2.15875432178, 0.248345248144, 0.0305966224039, 0.467910669615, 0.170107450692, 24.4049093602, 0.0444884342217, -1.59795805477, 0.175828796164, 19.4533270336, 6, 0.007000
17, 96.0337025162, 29.6696691022, 96.0204958072, 29.6685059605, 0.000306929756749, 0.000285405675604, 0.147880366171, 0.000306929756726, 0.000285405675124, 0.147880350994, 58115.3491088, 58115.349456, 6130.99121052, 0.0883069788147, 41.0206733138, 2.14946242484, 2.13181895136, 0.25218784864, 0.0228488083232, 0.300931613611, 0.118959122821, 80.2730845794, 0.0135255323805, 0.0932054408745, 0.11972557341, 19.4704716803, 0, 0.215000
18, 95.7447947789, 29.6536952163, 95.7379980351, 29.650522336, 0.00074021019172, 0.000690627885102, 0.722269107649, 0.000740219174705, 0.00069064092937, 0.722286639285, 58115.3491088, 58115.349456, 2383.29289307, -0.625434686305, 23.8457168842, 2.43740164577, 5.262268568, 0.864004012274, 0.14009155313, 1.17151450445, 0.40730257953, 61.4692620245, 0.017663075316, 5.20730835589e-05, 0.407685387917, 9.32311566391, 1, 0.005000
19, 95.951868596, 29.6538676557, 95.9446750541, 29.6495800299, 0.000593337436065, 0.000578653054147, 0.829871171237, 0.000593850148939, 0.000579290362539, 0.830414404981, 58115.3491088, 58115.349456, 3304.32720012, -6.13063046909, 26.9622626324, 2.43401131107, 4.31460933335, 0.706240199878, 0.092815411605, 1.73093963741, 0.360347949614, 69.5016687538, 0.0156217285747, -0.00656774876748, 0.360686405614, 7.90493088394, 4, 0.002000
20, 95.9265528693, 29.605296807, 95.9205675352, 29.6084148279, 0.000713045355224, 0.000633802570339, 0.804333597183, 0.000713031577272, 0.00063378563315, 0.804318012894, 58115.3491088, 58115.349456, 2542.6879921, -3.3731347741, 21.567247613, 2.30004627946, 4.96444377034, 0.826116791529, 0.149747040911, 1.43937123106, 0.41247114597, 64.3514351672, 0.0168719812066, 0.0149337137476, 0.412816072855, 11.9814373076, 0, 0.015000
21, 96.3223479529, 29.5905969566, 96.316577503, 29.5831215738, 0.000581218995527, 0.000627112102198, 0.774021153916, 0.000979047408618, 0.00102459999367, 0.963056049962, 58115.3491088, 58115.349456, 2606.8742192, -5.89287205292, 32.0255670108, 1.49833212456, 5.97589024262, 0.504262537918, 0.0560586517034, 1.71763473177, 0.392209638817, 59.5346029375, 0.0182370613254, 0.00421314426301, 0.392633405592, 10.0393808091, 8, 0.112000
22, 96.1086476212, 29.5669485852, 96.1010779193, 29.560109169, 0.00116896630251, 0.00120135982671, 0.93388767561, 0.00124947878836, 0.00133905851632, 0.944892171014, 58115.3491088, 58115.349456, 3867.8986547, -4.8098254077, 33.7676069722, 2.73292341256, 9.13514023769, 1.25004882825, 0.128896460657, 2.7193322448, 0.608256531081, 137.603247501, 0.0078903385238, -0.0682882652798, 0.608307705889, 16.9797657737, 0, 0.019000
23, 95.8543443758, 29.5231324417, 95.8465841045, 29.5191803623, 0.00099899716051, 0.000961184642491, 0.774003890313, 0.000999006710643, 0.000961199168433, 0.774015513776, 58115.3491088, 58115.349456, 2063.70647114, 1.49122293092, 27.8265512767, 2.30492620931, 7.16151743296, 1.09141739016, 0.144205421406, 1.40107020617, 0.546799184247, 32.7271729481, 0.0331753740685, -0.0073622184025, 0.547804667138, 9.43929333573, 0, 0.001000
24, 95.9063487842, 29.2926147098, 95.9030725758, 29.2945716527, 0.000141710442532, 0.000134520880441, 0.98175067581, 8.03863521834e-05, 7.66577501066e-05, 0.833996880762, 58115.3491088, 58115.349456, 1023.37325924, 3.78835683475, 12.3109170892, 0.206873526672, 0.806114098764, 0.0248387565586, 0.00756002926109, 0.795149681281, 0.121470726821, 31.1122006558, 0.0348974415783, 0.126435453264, 0.126384211447, 56.2393735562, 1, 0.000000
