\
\ strid, ra1, dec1, ra2, dec2, ra1_err, dec1_err, corr1, ra2_err, dec2_err, corr2, start_mjd, end_mjd, flux, bg, length, sigma, length_err, sigma_err, pa_err, bg_err, fit_mag_err, ap_snr, ap_mag_err, dmag, dmag_err, chi2, numfit, prob
\ null, deg, deg, deg, deg, deg, deg, null, deg, deg, null, days, days, dn, dn, pixels, pixels, pixels, pixels, deg, dn, mag, null, mag, mag, mag, null, null, null
\
1, 194.037611819, 26.046287309, 194.028203302, 26.0441033139, 4.23234079067e-05, 4.17908233556e-05, 0.792797344937, 6.71073180195e-05, 6.71414849465e-05, 0.969404674474, 58234.190081, 58234.1904282, 814.899343063, 47.1678289458, 31.0527207669, 0.153564778036, 0.398573412413, 0.0136362147643, 0.0016688607854, 0.207130178761, 0.0786420280385, 15.6774952725, 0.0692544431294, 0.364869889051, 0.104789057001, 1.36125586695, 1, 0.000000
2, 194.021642206, 26.0425665415, 194.018848686, 26.0457186223, 0.000172791160947, 0.000168388389763, 0.995721710775, 4.52825182925e-05, 4.62534109617e-05, 0.487134352196, 58234.190081, 58234.1904282, 534.852897178, 48.0926358432, 14.334279521, 0.298849906406, 0.88598510205, 0.0363565107868, 0.00782842468935, 0.270864513597, 0.118378174205, 10.5713532701, 0.102705507707, 0.399310175065, 0.156722089833, 1.32191181555, 0, 0.000000
3, 194.028734271, 26.0331459244, 194.022962311, 26.0394671754, 0.00016357701828, 0.000159703866084, 0.959042367798, 0.000151253624985, 0.000148775796223, 0.946512950083, 58234.190081, 58234.1904282, 1110.72163018, 38.2808513017, 29.0879900215, 0.501471955387, 1.11041720404, 0.0810905198332, 0.00966084954187, 0.365998423744, 0.155229984758, 8.91077447113, 0.12184532425, -0.110367194989, 0.197338874046, 1.18647144795, 5, 0.000000
4, 194.031498747, 26.0328526351, 194.028692653, 26.034933861, 2.46522741363e-05, 2.29355813762e-05, 0.876154996772, 6.69113388479e-05, 6.30367959452e-05, 0.990359262664, 58234.190081, 58234.1904282, 719.060904435, 36.6975435497, 11.6306200153, -0.289707407415, 0.353145038181, 0.0232362950505, 0.00623282063561, 0.353709192479, 0.0724082654178, 13.6460477632, 0.0795641509981, 0.148492573525, 0.10757978911, 0.934972730707, 0, 0.000000
5, 194.493171626, 25.6012922951, 194.486224266, 25.6030941064, 0.000172360642867, 0.000163722164385, 0.945865349346, 0.000104295724523, 0.000100397067751, 0.487287648635, 58234.190081, 58234.1904282, 960.6837854, 36.4335263248, 23.1748849036, 0.306999424971, 1.00395962116, 0.0320216833501, 0.00516063280386, 0.328210768013, 0.101047425183, 14.2499774867, 0.0761921347436, 0.184543753841, 0.126553638955, 1.27493664351, 0, 0.000000
6, 194.297004645, 25.5585892916, 194.292424507, 25.5604779579, 0.000141656051333, 0.000135260599652, 0.867587367139, 0.000113082921928, 0.000105589569683, 0.600056306036, 58234.190081, 58234.1904282, 908.771150449, 33.8685184572, 16.1514566418, 0.440987359567, 0.896950684064, 0.0636350155882, 0.0145768240353, 0.540909316254, 0.14198510449, 11.7867771913, 0.0921147644631, 0.0489179373818, 0.169248042024, 1.27667255653, 0, 0.000000
7, 194.769776415, 25.2266584186, 194.76580117, 25.2290454058, 8.8327518663e-05, 8.46517203907e-05, 0.957699206394, 5.82334506293e-05, 5.49008194434e-05, 0.801009944294, 58234.190081, 58234.1904282, 1071.33982309, 43.599348457, 15.3438449266, 0.430583726754, 0.525836922959, 0.0389927966065, 0.00941182740621, 0.322364637445, 0.0902185534987, 8.10907536953, 0.133891492591, -0.45827738008, 0.161450671053, 1.32024734678, 0, 0.000000
8, 194.799059159, 25.2285392123, 194.79466146, 25.2266250829, 0.000155482373276, 0.000153814177005, 0.898456706929, 0.000111540484871, 0.00010720010104, 0.508965842615, 58234.190081, 58234.1904282, 858.904421133, 41.1540118726, 15.6890032331, 0.383504153582, 0.967699905949, 0.0522113294438, 0.012959925347, 0.568225811492, 0.139827165381, 8.41792420572, 0.128979090121, -0.275859403978, 0.19022944532, 1.35428081832, 0, 0.000000
9, 194.885710379, 25.2209814002, 194.883862095, 25.2280363346, 7.84807486169e-05, 7.77234394267e-05, 0.550310437865, 7.27507280076e-05, 7.29920555429e-05, 0.276943257346, 58234.190081, 58234.1904282, 1117.32384833, 51.1445593097, 25.7733717918, 0.37104604194, 0.537253346204, 0.0265171542041, 0.00356294181732, 0.151828304516, 0.0686832642919, 15.4354636395, 0.0703403687841, 0.430641791202, 0.098311536833, 1.23021954236, 3, 0.000000
10, 194.73413192, 25.2255488068, 194.729696179, 25.2296960752, 0.00032536487557, 0.000320203233771, 0.920341269458, 0.000325364876018, 0.00032020323427, 0.920341269686, 58234.190081, 58234.1904282, 2353.10376369, 40.1567937006, 20.5156419983, 1.47786930987, 2.33607795493, 0.320902692813, 0.0596762408159, 0.801521557659, 0.22747006577, 13.485043136, 0.0805141069115, 0.163702674121, 0.241298885685, 1.30137202691, 0, 0.000000
11, 194.91560225, 25.2256875604, 194.908575441, 25.2252599838, 0.000154302677347, 0.000152121941881, 0.473155577919, 0.000149584855535, 0.000143795333754, 0.2952142771, 58234.190081, 58234.1904282, 961.914959463, 44.640283088, 22.6411495619, 0.421741855005, 1.07601124252, 0.0651485780171, 0.00796792348313, 0.464741739653, 0.139741979929, 3.82436807324, 0.283899505478, -1.03049173864, 0.31642811216, 1.14931747236, 0, 0.000000
12, 194.746720189, 25.2222035553, 194.745247452, 25.2247690239, 0.000106225000748, 0.000104065078108, 0.951638354978, 5.94861236515e-05, 6.19436153383e-05, 0.347310357754, 58234.190081, 58234.1904282, 711.54788273, 46.9668576271, 10.2769244516, 0.23879347851, 0.619143705477, 0.0315173937725, 0.00429391733671, 0.31846902722, 0.0777156183886, 11.2819258099, 0.0962367793452, -0.0968317818761, 0.123698161022, 0.774445631088, 0, 0.000000
13, 194.790763598, 25.2249773565, 194.788153153, 25.2223324913, 0.000160149119987, 0.000164592413388, 0.936793629036, 0.000160281869978, 0.000165828740796, 0.936764934615, 58234.190081, 58234.1904282, 838.92111497, 44.4620618806, 12.6004341633, 0.670246639588, 1.17055378479, 0.13941172277, 0.041351879676, 0.663392278543, 0.210643373726, 8.11521106235, 0.133790260834, 0.0461630369366, 0.249540507311, 1.32832272635, 0, 0.000000
14, 194.865997449, 25.2231485797, 194.858337659, 25.2212711635, 5.11120718756e-05, 4.98483949284e-05, 0.700217462681, 7.99504477718e-05, 8.12214922924e-05, 0.959439123396, 58234.190081, 58234.1904282, 1001.93845003, 51.7617803094, 25.5132747947, 0.278060028843, 0.478225670106, 0.0170733552639, 0.00234978095076, 0.150571950006, 0.0591883037237, 5.06493155895, 0.214363450349, -0.875729890746, 0.222384676053, 1.00725700747, 0, 0.000000
15, 194.950710715, 25.2261731801, 194.945152904, 25.2242749836, 0.000284524650846, 0.000267001998002, 0.605231758577, 0.000284524547311, 0.000267001933572, 0.605231383923, 58234.190081, 58234.1904282, 1716.7815914, 47.0395436883, 19.0971624317, 1.24839261391, 1.99157050802, 0.260841873143, 0.0517687267801, 0.602167094687, 0.215365089317, 9.55232738784, 0.113661954901, 0.0705354076989, 0.243518298467, 1.15639187747, 0, 0.000000
16, 194.796212642, 25.2226690024, 194.790240022, 25.2181365379, 2.91078898246e-05, 2.90484994154e-05, 0.370121494403, 0.000150706673282, 0.000156225287138, 0.99822136812, 58234.190081, 58234.1904282, 837.945272932, 52.5189463807, 25.062174401, 0.224636875984, 0.78522681652, 0.0207667708778, 0.00296474705986, 0.311456238369, 0.0866248127602, 15.0030897694, 0.0723675070568, 0.432553983519, 0.112875658418, 1.01405405963, 0, 0.000000
17, 194.663757285, 25.219308629, 194.66000447, 25.217380503, 0.000120209981935, 0.000111954963485, 0.278383743275, 0.00032678569566, 0.000329637888304, 0.99237351016, 58234.190081, 58234.1904282, 552.250098296, 43.4635604283, 13.8756583114, 0.27576190718, 1.77265209892, 0.0340339352046, 0.00789109381916, 0.374364646528, 0.1535355914, 9.8030032274, 0.110755467439, 0.152024764045, 0.189314424686, 1.09888519999, 1, 0.000000
