\
\ strid, ra1, dec1, ra2, dec2, ra1_err, dec1_err, corr1, ra2_err, dec2_err, corr2, start_mjd, end_mjd, flux, bg, length, sigma, length_err, sigma_err, pa_err, bg_err, fit_mag_err, ap_snr, ap_mag_err, dmag, dmag_err, chi2, numfit, prob
\ null, deg, deg, deg, deg, deg, deg, null, deg, deg, null, days, days, dn, dn, pixels, pixels, pixels, pixels, deg, dn, mag, null, mag, mag, mag, null, null, null
\
1, 108.341927587, 44.2532633169, 108.332261899, 44.2487819879, 0.000210146037822, 0.000197537873367, 0.886488179476, 0.000210146023682, 0.0001975378657, 0.886488170924, 58097.3728819, 58097.3732291, 2317.71642781, 1.5066347997, 29.3301436538, 1.28906239972, 1.46324778869, 0.159142241375, 0.0199581265333, 0.229848451417, 0.123269085397, 80.5822689952, 0.0134736365493, 0.237164032655, 0.124003251153, 12.7945901619, 1, 0.014000
2, 107.911690763, 44.2575578795, 107.8972614, 44.2513025485, 0.000141679378104, 0.000133873130602, 0.873173655046, 0.000141679383938, 0.000133873136485, 0.87317367576, 58097.3728819, 58097.3732291, 8846.47796343, 1.15629252595, 42.9529321801, 1.31707652584, 0.985807821862, 0.0902663553375, 0.0075830318318, 0.280422738452, 0.0672766532516, 20.0511350964, 0.0541483661418, -2.85033825466, 0.0863608338807, 42.0797301905, 6, 0.071000
3, 107.592001315, 44.2382316869, 107.582100141, 44.2335637951, 0.000303891144129, 0.0002840369436, 0.876232157711, 0.000303891144009, 0.000284036943242, 0.876232157078, 58097.3728819, 58097.3732291, 1789.9497991, -0.669945123454, 30.1891942491, 1.61592479039, 2.11676172182, 0.253950532252, 0.0311829083539, 0.255041231858, 0.160828019955, 41.724965069, 0.0260212609636, -1.00621047977, 0.162919483257, 2.26980453954, 0, 0.003000
4, 108.496738017, 44.1518049387, 108.48321434, 44.1490354117, 0.000156721005391, 0.000149634363785, 0.552426807757, 0.000158270757017, 0.000151028279639, 0.574931329846, 58097.3728819, 58097.3732291, 1498.92531424, -1.20099351089, 35.8973325944, -0.639123361635, 1.0986742541, 0.0749633074925, 0.00751954731061, 0.193745853571, 0.114334109294, 37.7270110921, 0.0287787495836, 0.246262637277, 0.11790040278, 24.9560757742, 0, 0.000000
5, 108.488101931, 44.1409264518, 108.481901373, 44.1374938421, 0.000232686829478, 0.000220196347599, 0.924704537039, 0.000232679803473, 0.000220187063463, 0.924695449285, 58097.3728819, 58097.3732291, 996.002756245, -1.95198867454, 19.9881816645, 1.0163580929, 1.62958485463, 0.191708756486, 0.0352299158828, 0.47035175503, 0.194222043978, 15.5015697863, 0.0700404036316, -0.927769811138, 0.206465155675, 6.03719923111, 4, 0.000000
6, 108.167770097, 43.9996715738, 108.16058241, 43.9969251273, 0.00025592685314, 0.000246161604408, 0.770133431597, 0.000311535454844, 0.000294649962352, 0.887666257978, 58097.3728819, 58097.3732291, 307.081171382, 0.155860237907, 20.820560147, 0.453889505163, 1.98648525657, 0.130414230432, 0.0220631371855, 0.362200643297, 0.282472550819, 16.1410411744, 0.0672655619317, -0.0571460362849, 0.290371138009, 5.91734599961, 5, 0.000000
7, 108.29846868, 43.8357458967, 108.295004155, 43.8340433129, 4.57880505352e-05, 4.29289821842e-05, 0.892354657876, 4.58853255339e-05, 4.27379468921e-05, 0.889935803548, 58097.3728819, 58097.3732291, 4955.23403353, -5.82369669842, 10.7535238813, 0.596369525763, 0.318878815129, 0.0388104924601, 0.0134992452373, 1.39072088845, 0.0647932061458, 68.6630189334, 0.0158125323009, -0.657463814296, 0.0666947954522, 47.6612983219, 0, 0.006000
8, 107.514155343, 43.7931994405, 107.508138941, 43.7943689849, 3.14928076415e-05, 3.04023834566e-05, 0.459869278239, 3.12497423838e-05, 3.04223394764e-05, 0.463258728169, 58097.3728819, 58097.3732291, 6513.86814032, -3.29037994477, 15.9921258585, 0.586121747082, 0.221467892612, 0.0212350733166, 0.00499174652582, 0.633822293987, 0.036124165779, 69.3198530128, 0.0156627020625, -0.609409375772, 0.0393735391999, 33.5003471328, 0, 0.003000
