\
\ strid, ra1, dec1, ra2, dec2, ra1_err, dec1_err, corr1, ra2_err, dec2_err, corr2, start_mjd, end_mjd, flux, bg, length, sigma, length_err, sigma_err, pa_err, bg_err, fit_mag_err, ap_snr, ap_mag_err, dmag, dmag_err, chi2, numfit, prob
\ null, deg, deg, deg, deg, deg, deg, null, deg, deg, null, days, days, dn, dn, pixels, pixels, pixels, pixels, deg, dn, mag, null, mag, mag, mag, null, null, null
\
1, 163.729402145, 10.9893291373, 163.715011343, 10.9789661686, 0.000190337633884, 0.000172599531036, 0.725674988737, 0.000274855514624, 0.000277378875235, 0.923071987504, 58153.4427662, 58153.4431134, 35325.696319, 1.20068004566, 62.2704582389, 8.41310871005, 1.75289185594, 0.254952985281, 0.0173439887161, 0.197705752836, 0.0405862819252, 156.38990291, 0.00694249554834, -0.1012165469, 0.0411757759484, 1.24136716547, 0, 0.020000
2, 163.723507809, 10.9791322168, 163.699877182, 10.9772516546, 3.14876605265e-05, 2.98897990553e-05, 0.144565293167, 3.14876605072e-05, 2.98897989845e-05, 0.144565266025, 58153.4427662, 58153.4431134, 27822.2132443, 7.14832917753, 82.721880618, 2.99718281263, 0.219798444539, 0.0217544451291, 0.000959041681606, 0.0166420983746, 0.00714035149333, 87.8001544922, 0.0123659942404, -0.201875061227, 0.0142794409205, 1.22211165208, 0, 0.052000
3, 163.753352947, 10.964666135, 163.701793351, 10.9449657108, 9.22666044118e-05, 8.2083940195e-05, 0.587491588807, 9.35164958154e-05, 8.37424271755e-05, 0.618968311906, 58153.4427662, 58153.4431134, 477807.394536, 2.56879738747, 193.055275031, 19.2046221203, 0.644462699138, 0.101196197809, 0.00207339786315, 0.0403634755945, 0.00578689903411, 601.6875185, 0.00180448517108, 0.131367062134, 0.00606171322018, 1.77260200111, 0, 0.002000
4, 163.682992189, 10.9776519927, 163.674856978, 10.9746787008, 0.000451994819079, 0.000410229157507, 0.839911911947, 0.000353799623943, 0.000270037883038, 0.137170005954, 58153.4427662, 58153.4431134, 5158.95314139, -0.914289067699, 30.2884733024, 4.21371706495, 2.90472374505, 0.444125789454, 0.0494959047111, 0.77773410261, 0.176994068589, 74.5904010179, 0.0145559775781, -0.134070243758, 0.177591601149, 1.09746384779, 0, 0.041000
5, 163.719190279, 10.9691510658, 163.714719281, 10.9668625768, 5.34217572089e-05, 5.05345158413e-05, 0.751169524894, 5.34217534462e-05, 5.05345111614e-05, 0.751169440722, 58153.4427662, 58153.4431134, 950.191124085, 19.4019690348, 17.5933371143, 1.2698162124, 0.375722609398, 0.0509305672339, 0.0112327356143, 0.0214979987772, 0.0406901108814, 15.1909469005, 0.0714725824446, 0.633089824433, 0.0822436329745, 0.676993362796, 1, 0.002000
6, 163.777378309, 10.9630541264, 163.758580118, 10.9571717001, 0.000127707364556, 0.000123187278622, 0.549107907987, 0.000127707364385, 0.00012318727839, 0.549107903628, 58153.4427662, 58153.4431134, 6856.99129693, 3.33694199083, 68.8434734589, 2.32433446741, 0.898546064434, 0.0872727223027, 0.00453070849162, 0.0835052674116, 0.0379905487314, 22.7571026712, 0.0477097730958, -0.955134207083, 0.0609877384542, 0.959777767108, 0, 0.018000
7, 163.663298411, 10.9486170105, 163.647681893, 10.9431402032, 0.000114137939488, 0.000109699622669, 0.598370508783, 0.000114137940825, 0.000109699624174, 0.598370534792, 58153.4427662, 58153.4431134, 6698.11526037, 1.24185216716, 57.8669712651, 2.25997096039, 0.802609861027, 0.0833510108814, 0.00520112443035, 0.0920741003067, 0.0373840246235, 80.6296506195, 0.0134657188319, 0.361892999724, 0.0397352599175, 1.19540793995, 0, 0.023000
8, 163.678886246, 10.9446528209, 163.673827073, 10.943088862, 8.61624898564e-05, 8.04001972053e-05, 0.529155231444, 8.61636398044e-05, 8.0400854123e-05, 0.529172527794, 58153.4427662, 58153.4431134, 1287.67006834, 6.7069596302, 18.5086809559, 1.08785441482, 0.600448054543, 0.0750757753302, 0.0151849288836, 0.187579643534, 0.0708735138065, 19.4198385714, 0.0559086112259, 0.135596066268, 0.0902708578031, 1.15845756118, 0, 0.000000
9, 163.706116314, 10.9391012455, 163.697894894, 10.933704501, 0.000103427835838, 0.000103326208542, 0.896953100313, 0.000104121804127, 0.000104020773962, 0.899408522464, 58153.4427662, 58153.4431134, 547.028110608, 12.4731247152, 34.510965385, 0.724395359564, 0.740235007783, 0.0563123474965, 0.0058134509712, 0.0400042471898, 0.075410017736, 12.2277960558, 0.0887924692071, 0.581229837597, 0.116493662329, 0.852019723377, 0, 0.000000
10, 163.7450505, 10.9382496229, 163.729901268, 10.9343066068, 0.000581973584454, 0.000553605139537, 0.220035042855, 0.000662816173089, 0.000643942822594, 0.6741038346, 58153.4427662, 58153.4431134, 3715.93635477, 1.83274031622, 54.6904054262, 2.16960051779, 4.45117638769, 0.192251035133, 0.0126771884318, 0.237693612873, 0.118791177827, 41.8285673543, 0.0259568107022, -0.0551621757139, 0.121593996362, 1.18638689458, 1, 0.055000
11, 163.704317828, 10.9308767648, 163.699046149, 10.9283158583, 9.43819744951e-05, 9.07383138403e-05, 0.74438676946, 9.43843120519e-05, 9.07409351978e-05, 0.744415643943, 58153.4427662, 58153.4431134, 1005.63486213, 6.24704833812, 20.5250240665, 1.05507707967, 0.665538659575, 0.0780317280577, 0.014109188386, 0.125558144406, 0.0748775006823, 5.90736288947, 0.183793720662, -1.036869342, 0.198461008421, 1.12499200091, 0, 0.000000
12, 163.713113112, 10.928558548, 163.706248997, 10.9262865911, 0.000234223124329, 0.000210891900321, 0.54760020175, 0.000234237285939, 0.000210909945356, 0.547770965985, 58153.4427662, 58153.4431134, 2004.13868704, 3.99153197831, 25.2781590983, 2.09533623773, 1.62355734013, 0.242907628197, 0.036203288073, 0.335245467673, 0.129256688486, 24.3582729896, 0.0445736118164, 0.0520852722916, 0.136726363181, 1.22903874628, 0, 0.001000
13, 163.682870269, 10.9238212202, 163.657835876, 10.9178540104, 0.000290383523275, 0.000262128699535, 0.443998134224, 0.000286867701331, 0.000257619612628, 0.388793838863, 58153.4427662, 58153.4431134, 19195.9793891, 1.09540280408, 89.9033208526, 6.62602777042, 1.99732771608, 0.283422390197, 0.0114926614287, 0.122627164974, 0.0485292719573, 106.994105111, 0.0101476263915, 0.00888858220384, 0.0495788720937, 1.21194898278, 6, 0.015000
14, 163.401777666, 10.8216709908, 163.392208819, 10.8198249384, 1.08439748555e-05, 1.03953672504e-05, 0.352939025027, 1.08439798317e-05, 1.0395378885e-05, 0.352944037483, 58153.4427662, 58153.4431134, 14461.5725728, 0.785131752433, 34.0486660644, 1.13157211378, 0.0760120805411, 0.00724284399956, 0.00076945457904, 0.0719886266192, 0.00631878528369, 120.717126906, 0.0089940527296, 0.0636296337748, 0.0109918165907, 1.40012394786, 0, 0.720000
