\
\ strid, ra1, dec1, ra2, dec2, ra1_err, dec1_err, corr1, ra2_err, dec2_err, corr2, start_mjd, end_mjd, flux, bg, length, sigma, length_err, sigma_err, pa_err, bg_err, fit_mag_err, ap_snr, ap_mag_err, dmag, dmag_err, chi2, numfit, prob
\ null, deg, deg, deg, deg, deg, deg, null, deg, deg, null, days, days, dn, dn, pixels, pixels, pixels, pixels, deg, dn, mag, null, mag, mag, mag, null, null, null
\
1, 163.745462024, 10.9967064088, 163.738006106, 10.9939782614, 0.000189557985678, 0.000178972340841, 0.610024998881, 0.000189559285568, 0.000178973890223, 0.610040129188, 58153.4442477, 58153.4445949, 1767.5211338, 2.34941529236, 27.7613192335, 1.47442723626, 1.32821050685, 0.161334817177, 0.0211246163638, 0.312594400869, 0.115717807199, 31.5132235757, 0.0344533526425, 0.191145531322, 0.120737916213, 1.28001573877, 0, 0.003000
2, 163.72454296, 10.9782929731, 163.700954814, 10.976459, 3.40094474465e-05, 3.21645198454e-05, 0.140725912933, 3.40094474279e-05, 3.21645197692e-05, 0.1407258852, 58153.4442477, 58153.4445949, 28987.4561591, 7.28854700646, 82.5636793773, -3.18697637952, 0.237124032687, 0.0241898821715, 0.00107216298177, 0.017973767541, 0.00748976628309, 78.6771150047, 0.0137998985435, -0.344368084881, 0.0157013948038, 1.16751322619, 0, 0.248000
3, 163.751344067, 10.9877641626, 163.747189189, 10.9848479007, 7.81850230831e-05, 7.77219812955e-05, 0.900658808225, 8.00887310922e-05, 7.93849291114e-05, 0.906492657233, 58153.4442477, 58153.4445949, 558.579301022, 5.27039320896, 17.8202882082, 0.663514695824, 0.56455016524, 0.0571245052489, 0.0116272826179, 0.138735080159, 0.0854592689904, 12.1763644303, 0.0891675188411, 0.0180030272201, 0.123507623541, 1.05979064135, 0, 0.000000
4, 163.771497154, 10.9821738095, 163.729027787, 10.9724794245, 0.000288969690024, 0.000270607849044, 0.408667194133, 0.00028896968966, 0.000270607848307, 0.408667184514, 58153.4442477, 58153.4445949, 55464.1170495, 7.11373690532, 152.134912147, 7.72048246088, 2.0124652645, 0.234949914331, 0.00571755474158, 0.0564164667074, 0.0308718406829, 301.069334047, 0.00360626633794, 1.39271114439, 0.0310817583809, 2.86322164679, 0, 0.002000
5, 163.727949065, 10.9807924005, 163.724656402, 10.9766112889, 0.000128812745399, 0.000136145993732, 0.856636171794, 0.000128812745293, 0.000136145993991, 0.856636171414, 58153.4442477, 58153.4445949, 2130.04176966, 10.2624145437, 18.7831662177, 2.10680274043, 0.972912895132, 0.15976040627, 0.0350774756098, 0.164518049147, 0.0815343899833, 1.80592134877, 0.601209020259, -2.39294671282, 0.606712570161, 1.01823882935, 0, 0.000000
6, 163.715375339, 10.9647938616, 163.710644763, 10.9669028968, 9.42271958239e-05, 8.58297171136e-05, 0.6948915902, 9.42271966243e-05, 8.58297178469e-05, 0.694891599751, 58153.4442477, 58153.4445949, 2005.33452313, 10.3860616221, 18.1303708384, 1.48680645732, 0.653889194754, 0.0943036092087, 0.0203684478659, 0.163133339563, 0.0659980388826, 24.7122163937, 0.0439352014186, 0.363179573448, 0.0792845701259, 1.3444683086, 0, 0.000000
7, 163.712726318, 10.9637178915, 163.7085994, 10.9649199559, 0.000111454801328, 9.98140782421e-05, 0.509398711147, 0.000111454745274, 9.98141241398e-05, 0.509399957778, 58153.4442477, 58153.4445949, 1051.3643498, 10.3309199853, 15.0217512856, 1.18059572009, 0.766821189612, 0.108768984754, 0.0281296780591, 0.2050254465, 0.0958704162181, 6.2769648095, 0.172971529666, -0.761808924739, 0.197763208866, 1.14082143405, 0, 0.000000
8, 163.665670247, 10.9471444418, 163.650328856, 10.9415786602, 7.13506297142e-05, 6.88511825711e-05, 0.61549031682, 7.13506295901e-05, 6.8851182395e-05, 0.615490312127, 58153.4442477, 58153.4445949, 7133.7242016, 0.868100743432, 57.0754047226, 2.12893819213, 0.502243016338, 0.0506411983921, 0.00322410817309, 0.0476326003935, 0.0236700882224, 93.7389533475, 0.0115825509672, 0.474426333483, 0.0263520125107, 1.23848499374, 0, 0.022000
9, 163.712564348, 10.9288170452, 163.705557032, 10.9266009641, 0.000136495037387, 0.0001271484747, 0.538704897811, 0.000136495037011, 0.000127148474175, 0.538704888642, 58153.4442477, 58153.4445949, 1942.80114528, 3.66248498906, 25.6913437954, 1.54517375221, 0.951272898129, 0.120773720266, 0.0175395071789, 0.192102975746, 0.0812043444608, 26.0594754213, 0.0416637782306, 0.0907516631911, 0.0912689211931, 1.17231942823, 0, 0.000000
10, 163.44346789, 10.8285876535, 163.433929557, 10.8269586556, 1.15319247421e-05, 1.1025807445e-05, 0.313547631704, 1.15319298706e-05, 1.1025809e-05, 0.313548305639, 58153.4442477, 58153.4445949, 14707.7196941, 0.246649269742, 33.8064047242, 1.15407932405, 0.0807564384893, 0.00780271468993, 0.000835009970521, 0.0834317530296, 0.00669675280874, 122.767507883, 0.00884384006389, 0.0450509960192, 0.0110932414225, 1.28338592202, 0, 0.920000
