\
\ strid, ra1, dec1, ra2, dec2, ra1_err, dec1_err, corr1, ra2_err, dec2_err, corr2, start_mjd, end_mjd, flux, bg, length, sigma, length_err, sigma_err, pa_err, bg_err, fit_mag_err, ap_snr, ap_mag_err, dmag, dmag_err, chi2, numfit, prob
\ null, deg, deg, deg, deg, deg, deg, null, deg, deg, null, days, days, dn, dn, pixels, pixels, pixels, pixels, deg, dn, mag, null, mag, mag, mag, null, null, null
\
1, 188.033902654, 16.8178133483, 188.029206899, 16.8098529103, 0.000640061523756, 0.000651210959414, 0.826409198047, 0.000639803127918, 0.000650971182848, 0.826131759072, 58155.4083218, 58155.408669, 302.682596945, -0.327014398048, 32.4991166239, 0.901288711657, 4.61551396556, 0.405556964772, 0.0444912308769, 0.200210832604, 0.447263526907, 43.1593928942, 0.0251564290401, -0.215184520789, 0.447970432532, 1.28108847561, 5, 0.000000
2, 187.743692854, 16.8106683834, 187.7380311, 16.8067327268, 0.00292640755821, 0.00280205168119, 0.874335738074, 0.002926407727, 0.0028020516759, 0.87433573047, 58155.4083218, 58155.408669, 300.103102031, -0.00668206284275, 23.8122665867, 1.81727316208, 20.8016119028, 2.97800065963, 0.470866560142, 0.773007045408, 1.78433469689, 24.452653169, 0.0444015705476, 0.733047580135, 1.78488705805, 2.49416192391, 1, 0.000000
3, 188.169327896, 16.7953755164, 188.170582488, 16.7911008912, 0.000119552311847, 0.000127871059634, 0.503456500662, 0.000119271338628, 0.000127445549696, 0.497502697202, 58155.4083218, 58155.408669, 261.270478055, -0.0745909429803, 15.7868844701, 0.769694621712, 0.887823848872, 0.101362626178, 0.0239324367911, 0.0842965730229, 0.13249469292, 19.1483206097, 0.0567013800786, 0.276477645845, 0.144117626107, 2.04700683466, 3, 0.000000
4, 187.791928959, 16.6017242465, 187.782800065, 16.5999436244, 0.00146465274903, 0.00140389282589, 0.382602175516, 0.00146487828984, 0.00140400507629, 0.382922863975, 58155.4083218, 58155.408669, 209.126403131, -0.218724378886, 31.7391235347, 0.909880122867, 10.2599340056, 0.916000097737, 0.103060431084, 0.311614089038, 1.00178304589, 25.0097079355, 0.0434125903253, 0.170193462215, 1.00272325396, 1.56807386608, 0, 0.000000
5, 188.063600591, 16.5498783193, 188.061833552, 16.5433031128, 0.00170367798109, 0.00220831880739, 0.41753186838, 0.00170354772653, 0.00220823210363, 0.417337363422, 58155.4083218, 58155.408669, 567.642344258, -0.529882450892, 24.1356734085, 3.88204985133, 14.9346241243, 2.85996843614, 0.511925990444, 0.339716412875, 0.885041806438, 27.4172743538, 0.0396004427992, 0.206190122797, 0.885927307521, 1.32747053974, 3, 0.000000
6, 188.31211841, 16.5402893714, 188.308086146, 16.5337522215, 0.00116082599316, 0.00120216862404, 0.822174473913, 0.00116082598143, 0.00120216861498, 0.822174467253, 58155.4083218, 58155.408669, 415.921848233, -1.30063466346, 26.9957281926, 1.40424575312, 8.49974380803, 1.00662158023, 0.13803252117, 0.340120090509, 0.731314230129, 9.77901098248, 0.111027199653, 0.0147526679854, 0.73969422213, 5.12656487827, 4, 0.000000
7, 188.325585579, 16.5162172699, 188.314752494, 16.5231390537, 0.000568917788614, 0.000567447255757, 0.899156584758, 0.000586253250276, 0.000584167988194, 0.909374221783, 58155.4083218, 58155.408669, 271.2461496, 0.0184727092136, 44.3660142949, 0.63325771701, 4.11369970037, 0.2578479676, 0.0203976037653, 0.153099796497, 0.397750453935, 18.4330124827, 0.0589017235124, 0.278802854738, 0.402088095618, 0.818125568329, 5, 0.000000
8, 188.224622473, 16.1516318337, 188.222341379, 16.1473930103, 0.000887190732989, 0.000988296144059, 0.717720583607, 0.000887190734026, 0.000988296138365, 0.717720585637, 58155.4083218, 58155.408669, 289.691405283, -0.0187007889343, 16.9610679834, 1.94716428988, 6.90561600263, 1.14765427519, 0.279812418555, 0.231212567682, 0.638901705242, 17.0530400089, 0.0636681907854, -0.122315569259, 0.642066217363, 1.31477297289, 0, 0.000000
