\
\ strid, ra1, dec1, ra2, dec2, ra1_err, dec1_err, corr1, ra2_err, dec2_err, corr2, start_mjd, end_mjd, flux, bg, length, sigma, length_err, sigma_err, pa_err, bg_err, fit_mag_err, ap_snr, ap_mag_err, dmag, dmag_err, chi2, numfit, prob
\ null, deg, deg, deg, deg, deg, deg, null, deg, deg, null, days, days, dn, dn, pixels, pixels, pixels, pixels, deg, dn, mag, null, mag, mag, mag, null, null, null
\
1, 154.665394511, 19.988455442, 154.663980807, 19.9912878601, 0.000142208487926, 0.000152669322661, 0.699047111136, 0.000142134571928, 0.0001525760538, 0.698502432915, 58154.2984259, 58154.2987731, 552.497149007, 16.5087240881, 11.1204061333, 0.891761530695, 1.06956756576, 0.153042200594, 0.0535856551044, 0.351546405187, 0.178565853916, 3.15974103461, 0.343615566233, -0.892643389285, 0.387243362167, 1.15945282416, 0, 0.000000
2, 154.671125289, 19.9835067394, 154.6682802, 19.9896167414, 0.000162054812089, 0.00016460806585, 0.783617463465, 0.000143278951511, 0.000142982755092, 0.631472295401, 58154.2984259, 58154.2987731, 450.318082509, 17.5076101131, 23.7065266975, 0.435740040293, 1.09785989408, 0.0674532551196, 0.0103001022357, 0.217466252657, 0.152842888953, 7.0597724252, 0.153791955231, 0.0272847202168, 0.216824616216, 1.04055452349, 0, 0.000000
3, 154.671771346, 19.9587007621, 154.66646622, 19.9607249379, 0.000226373223148, 0.000219891327712, 0.985011883747, 0.000103439628481, 0.000100374329101, 0.643492014463, 58154.2984259, 58154.2987731, 322.442040561, 20.1749556271, 19.131816486, 0.266354946032, 1.24508649034, 0.0357976206379, 0.00685867260944, 0.237070944337, 0.139595863884, 7.17529752656, 0.151315844498, 0.11051926629, 0.205872509116, 1.06780156632, 0, 0.000000
4, 154.674554098, 19.9200987395, 154.669388241, 19.9140655473, 0.00169649933369, 0.00172548720435, 0.999958877791, 0.000182635936453, 0.000180724165278, 0.857866286714, 58154.2984259, 58154.2987731, 620.392902753, 23.2991312048, 27.5324508721, 0.234605141944, 8.65139970307, 0.0306930959584, 0.00389259524541, 0.22065807579, 0.353034302549, 16.423523413, 0.066108603949, 0.548186589163, 0.359170664576, 1.5472235865, 5, 0.000000
5, 154.668190383, 19.8916003704, 154.665114853, 19.8878162584, 0.000456174257052, 0.000448835250671, 0.997017616466, 0.00350300951106, 0.00356122328785, 0.999998674772, 58154.2984259, 58154.2987731, 235.684701801, 22.6557952915, 16.9301541004, 0.179477777012, 17.9017184945, 0.00857277957072, 0.00185363803217, 0.0384973171854, 1.14823290212, 7.74081148617, 0.140261290008, 0.313401693534, 1.1567679227, 0.853942784088, 0, 0.000000
6, 154.669304741, 19.8878751253, 154.665278976, 19.8855297856, 0.000356519430595, 0.000337705976593, 0.80641584933, 0.000356519429343, 0.00033770597434, 0.806415845093, 58154.2984259, 58154.2987731, 912.490916699, 20.989594316, 15.8316575894, 1.43359966792, 2.53109386013, 0.386068199158, 0.0952130994632, 0.619205048249, 0.291708326432, 7.286459761, 0.149007369885, 0.0535770357992, 0.327562122337, 1.3161877148, 0, 0.000000
7, 154.675394061, 19.8823273724, 154.669848929, 19.8772889288, 0.00057896632292, 0.000582794981419, 0.893235902979, 0.000579117077116, 0.000582937879229, 0.893289639232, 58154.2984259, 58154.2987731, 2295.95538681, 21.1566520413, 25.7769198258, 2.62087936728, 4.28525774725, 0.722502924622, 0.104156191578, 0.958978240955, 0.333829297689, 14.0442224589, 0.077308388409, -0.00122028617758, 0.342663956251, 1.37093348375, 1, 0.000000
8, 154.66291748, 19.864085546, 154.659991516, 19.8700162032, 0.000103203685613, 0.000105432493012, 0.467914351373, 0.000147572601646, 0.000148156486278, 0.893066358357, 58154.2984259, 58154.2987731, 282.140707779, 22.4997295535, 23.2391682725, 0.411963109793, 0.915995942545, 0.0504957562991, 0.00781725825994, 0.111371240499, 0.120234224654, 3.341403704, 0.324934159694, -0.282463089327, 0.346465693705, 1.44527403395, 2, 0.000000
9, 154.659254179, 19.864115085, 154.658778133, 19.8678511907, 7.96960206204e-05, 8.37634646929e-05, 0.594796394497, 9.52782585562e-05, 9.49613770391e-05, 0.803812753395, 58154.2984259, 58154.2987731, 304.176938004, 21.1896855154, 13.3745056279, 0.323731020292, 0.636127605618, 0.0303609481073, 0.00718602840962, 0.096742410008, 0.0935055161157, 8.0586490902, 0.134729306687, 0.310411945774, 0.163997767133, 0.964909418421, 1, 0.000000
10, 154.6759975, 19.7735312475, 154.670469858, 19.7656627552, 8.89837458442e-05, 9.08605976912e-05, 0.898610686929, 9.15523886705e-05, 9.24166953395e-05, 0.911467897228, 58154.2984259, 58154.2987731, 621.410016542, 18.290973041, 33.5307109, 0.348394900762, 0.646252841554, 0.0436344629801, 0.00453275268514, 0.226634234171, 0.119286493578, 8.06970473359, 0.134544725068, -0.141464322414, 0.179809762231, 0.965802225682, 1, 0.000000
11, 154.66181232, 19.7699486445, 154.659212985, 19.7658017199, 0.00044425924177, 0.00048230066328, 0.797697978755, 0.000444259241736, 0.000482300664472, 0.797697978298, 58154.2984259, 58154.2987731, 755.625496758, 16.2624479512, 17.1145968936, 1.52823348524, 3.37719582329, 0.51098294493, 0.116665462462, 0.524818233213, 0.359981865671, 6.17791995429, 0.175744621619, 0.0199423939276, 0.400590958011, 1.25335276228, 0, 0.000000
12, 154.672564318, 19.712116012, 154.669509562, 19.7164627413, 0.000312815606168, 0.000307812777139, 0.999364716707, 6.75645351865e-05, 6.88354404947e-05, 0.816695905917, 58154.2984259, 58154.2987731, 226.236544602, 20.1112630149, 18.5263280234, 0.173078727931, 1.59719131603, 0.0213936193274, 0.00401341537237, 0.171552126161, 0.139611733225, 5.61122035145, 0.193493774394, -0.0497991681791, 0.238602759379, 1.07614711923, 1, 0.000000
13, 154.669412642, 19.7132722747, 154.667198824, 19.7107240502, 5.61098563676e-05, 5.86799552164e-05, 0.924826702287, 7.76062705936e-05, 7.93140008179e-05, 0.969897870174, 58154.2984259, 58154.2987731, 337.254075562, 18.2254385737, 11.7028483083, 0.372736951486, 0.494075856386, 0.044171600975, 0.0125750182461, 0.226351458873, 0.111803870727, 6.27912895663, 0.172911913779, -0.140176920697, 0.20590928934, 1.20090511837, 0, 0.000000
