\
\ strid, ra1, dec1, ra2, dec2, ra1_err, dec1_err, corr1, ra2_err, dec2_err, corr2, start_mjd, end_mjd, flux, bg, length, sigma, length_err, sigma_err, pa_err, bg_err, fit_mag_err, ap_snr, ap_mag_err, dmag, dmag_err, chi2, numfit, prob
\ null, deg, deg, deg, deg, deg, deg, null, deg, deg, null, days, days, dn, dn, pixels, pixels, pixels, pixels, deg, dn, mag, null, mag, mag, mag, null, null, null
\
1, 205.652451927, 39.5596100907, 205.649296792, 39.5656174787, 0.000135249256841, 0.000147901535053, 0.844930693179, 0.000299520529219, 0.000272978390217, 0.99096656425, 58232.1730671, 58232.1734143, 541.258651862, 22.044708102, 23.0408591323, 0.162332854397, 1.61139482648, 0.00905442247232, 0.00177925539436, 0.150473296101, 0.0922530497604, 8.69965087779, 0.124802273104, -0.372418019566, 0.155197398696, 1.30735666578, 1, 0.000000
2, 205.733598378, 39.562212604, 205.728049404, 39.5600952375, 0.000283926833647, 0.000280199591101, 0.686365744001, 0.000283926817924, 0.000280199591863, 0.68636575736, 58232.1730671, 58232.1734143, 1121.69488766, 22.4007996105, 16.967949133, 1.23876158955, 2.0427206101, 0.283019763007, 0.0635359398676, 0.628255213905, 0.24094618035, 7.07154137557, 0.153536003976, -0.252304185084, 0.285706783858, 1.25220363098, 0, 0.000000
3, 205.586020765, 39.5568608057, 205.582448648, 39.5559185835, 3.9984172072e-05, 4.18753185441e-05, 0.558755665242, 4.16703221393e-05, 4.05007701145e-05, 0.471564005931, 58232.1730671, 58232.1734143, 619.173880952, 19.6862610504, 10.3465187896, 0.421776706301, 0.289715589552, 0.0343625183619, 0.0125904556374, 0.299189055374, 0.079274826649, 11.4194373715, 0.0950779070317, -0.00772354818767, 0.123791383164, 0.970349051818, 0, 0.000000
4, 205.603425368, 39.5562453579, 205.596351305, 39.5513484341, 0.00024623225974, 0.00026711625786, 0.947417394569, 0.000247727661318, 0.000268675085451, 0.9481903847, 58232.1730671, 58232.1734143, 986.312865331, 23.8723398099, 26.0567221458, 0.78152347188, 1.84375488121, 0.169997560223, 0.0231159574531, 0.575180418825, 0.219843364968, 10.7914642688, 0.100610647241, 0.213241023525, 0.241771808652, 1.26302262055, 0, 0.000000
5, 205.730526421, 39.5599005425, 205.725758079, 39.557245576, 0.000148755001601, 0.000163930781522, 0.996174019603, 4.24484725064e-05, 4.06097588196e-05, 0.234632131034, 58232.1730671, 58232.1734143, 303.238969296, 25.9439752791, 16.1200869988, 0.214202034324, 0.816817855583, 0.0199511342746, 0.00440958258946, 0.158324320705, 0.0989250675519, 8.06576010355, 0.134610525334, 0.231591294069, 0.16705137689, 1.07059793039, 0, 0.000000
6, 205.416315714, 39.5491339277, 205.41081416, 39.5455625474, 0.000175632033419, 0.000190348975486, 0.933332809255, 0.000169916534334, 0.000183546520453, 0.925464614727, 58232.1730671, 58232.1734143, 616.666258172, 18.2888000708, 19.7134399313, 0.620500078513, 1.28802590789, 0.122363801171, 0.0221722851182, 0.38721346681, 0.195455412387, 4.51850695693, 0.240286496205, -0.641025617839, 0.309742503525, 1.15298216159, 0, 0.000000
7, 205.807972043, 39.5607508303, 205.800180491, 39.5568526514, 0.00011461548394, 0.000123808753811, 0.82577479838, 0.000124717184995, 0.000135451366528, 0.876620936562, 58232.1730671, 58232.1734143, 496.864824178, 20.4489891176, 25.4573092346, 0.416114080573, 0.888710256015, 0.0620594030775, 0.00849276575964, 0.184975153724, 0.142639138935, 3.78398499438, 0.286929310336, -0.696338933864, 0.32042838995, 1.11409962735, 1, 0.000000
8, 205.062048291, 39.5307565097, 205.058371428, 39.5348572953, 0.000127106188912, 0.000119169251051, 0.801165760324, 0.000166983686053, 0.000154880593532, 0.928860894988, 58232.1730671, 58232.1734143, 514.617095988, 18.4161280042, 17.7289055214, 0.407807304069, 1.0301642912, 0.0631492047089, 0.0117779665376, 0.316095420642, 0.146190083343, 8.55130493083, 0.126967312421, -0.0265498667609, 0.193629127176, 1.43132995454, 0, 0.000000
9, 205.300161368, 39.5425937404, 205.294781081, 39.5412554195, 9.04344424145e-05, 9.19855541608e-05, 0.548300279085, 8.3609633583e-05, 8.78470442957e-05, 0.438058866287, 58232.1730671, 58232.1734143, 528.623372571, 23.2910139027, 15.4977399107, 0.407325903901, 0.629255392893, 0.0405977701496, 0.00983524555232, 0.219946148873, 0.0992342878717, 4.48806664765, 0.241916239218, -0.725107347822, 0.261478317814, 0.967244464703, 0, 0.000000
