\
\ strid, ra1, dec1, ra2, dec2, ra1_err, dec1_err, corr1, ra2_err, dec2_err, corr2, start_mjd, end_mjd, flux, bg, length, sigma, length_err, sigma_err, pa_err, bg_err, fit_mag_err, ap_snr, ap_mag_err, dmag, dmag_err, chi2, numfit, prob
\ null, deg, deg, deg, deg, deg, deg, null, deg, deg, null, days, days, dn, dn, pixels, pixels, pixels, pixels, deg, dn, mag, null, mag, mag, mag, null, null, null
\
1, 163.744283789, 10.9968749011, 163.731424259, 10.9927251201, 0.000267222350446, 0.000236335508769, 0.462074989323, 0.000280764168985, 0.000253789300343, 0.608869525939, 58153.4403009, 58153.4406481, 7274.32168241, -1.59198211586, 47.2285215108, 4.09689912901, 1.91111722293, 0.285300314708, 0.0215692961877, 0.299160823665, 0.0857572620975, 134.237137051, 0.00808819547712, -0.0247250613118, 0.0861378366836, 1.18362126047, 0, 0.017000
2, 163.724511172, 10.9916346134, 163.720588422, 10.9885450859, 0.000147488037841, 0.000139621080362, 0.820708203206, 0.000147488037799, 0.000139621079983, 0.820708202226, 58153.4403009, 58153.4406481, 4744.805801, 7.17340154285, 17.5471617905, 2.83508756229, 1.08385607994, 0.202132316128, 0.051883245055, 0.341476808391, 0.0807353018919, 34.2103422382, 0.0317370752154, 0.0773538980135, 0.0867492415806, 1.20721859115, 0, 0.013000
3, 163.723452368, 10.9781450647, 163.699318614, 10.9761642058, 3.34855969126e-05, 3.18094051094e-05, 0.149449896349, 3.34855968912e-05, 3.18094050319e-05, 0.149449869284, 58153.4403009, 58153.4406481, 27044.8630446, 6.64116654739, 84.5012511837, 3.02736784613, 0.233811204236, 0.0230201377331, 0.000992786282937, 0.0165718055069, 0.00747782218833, 81.0011963335, 0.0134039527057, -0.296803558221, 0.0153487384764, 1.28277577756, 0, 0.037000
4, 163.772938826, 10.9792393378, 163.730467132, 10.9695732233, 0.00024482970874, 0.000231924401744, 0.41093761814, 0.000244829708359, 0.000231924401095, 0.410937608153, 58153.4403009, 58153.4406481, 43099.7185404, 7.61115696819, 152.122162666, 6.50057452415, 1.71084911017, 0.184466567674, 0.00442997588742, 0.0494781603706, 0.0285695895502, 214.027039987, 0.00507289268133, 1.13133201525, 0.0290164726875, 2.88527776148, 0, 0.008000
5, 163.712012712, 10.9657821635, 163.707699355, 10.9678017083, 9.58329247975e-05, 8.57352962314e-05, 0.702395120948, 9.5832925795e-05, 8.57352971867e-05, 0.702395132284, 58153.4403009, 58153.4406481, 2221.27933603, 8.15168249201, 16.6749780218, 1.69419294694, 0.664421570062, 0.104698485668, 0.0254715948397, 0.170930628239, 0.0654463494089, 27.2598647345, 0.0398291119685, 0.333855591866, 0.0766132025904, 1.24093157965, 0, 0.003000
6, 163.720324171, 10.9684362977, 163.717512018, 10.9669518788, 4.13365689989e-05, 4.21544860958e-05, 0.750671673478, 5.2001660403e-05, 4.99511092975e-05, 0.863456151748, 58153.4403009, 58153.4406481, 287.601562264, 7.84749261905, 11.1408963501, 0.350929387682, 0.329256916987, 0.0285024761471, 0.00884064486186, 0.150543958086, 0.0755403034633, 11.7734829221, 0.0922187777349, 0.366507242521, 0.119208390704, 0.930854912193, 0, 0.000000
7, 163.711058469, 10.9635513925, 163.705126936, 10.965628875, 0.000118703011221, 0.000112501124157, 0.614163125772, 0.000118723911833, 0.000112498355009, 0.614070762795, 58153.4403009, 58153.4406481, 668.582071664, 10.4982646554, 21.9751094818, 0.864104709047, 0.828874598068, 0.0855265260505, 0.0142231556902, 0.110030780401, 0.0985561074219, 24.7904454643, 0.0437965588929, 0.875249253402, 0.107849176543, 0.886647754964, 0, 0.000000
8, 163.775909614, 10.9637132047, 163.756862032, 10.9577626281, 0.000149640006056, 0.000144886377624, 0.550034304514, 0.000149640005308, 0.000144886376767, 0.550034290928, 58153.4403009, 58153.4406481, 5847.03983144, 3.40249543674, 69.7475352078, 2.15147842448, 1.05409492603, 0.0981049372322, 0.00500251387331, 0.0934030369968, 0.046024317113, 25.4184113274, 0.0427145579939, -0.692049172105, 0.0627914901107, 1.17331498005, 0, 0.050000
9, 163.68480315, 10.9553651966, 163.679198156, 10.9520644048, 0.000255024104693, 0.000227186218229, 0.756178187066, 0.000255023660836, 0.000227185328009, 0.756175480152, 58153.4403009, 58153.4406481, 3422.40830054, 4.62367414479, 22.8073535032, 3.30596521459, 1.81232324029, 0.337624348519, 0.0619757181042, 0.36293263577, 0.121688282972, 34.5548087136, 0.0314206978761, 0.144028907426, 0.125679347817, 1.1775715935, 3, 0.022000
10, 163.689714329, 10.9508020773, 163.67992856, 10.9535477708, 0.00024659547874, 0.000236532454426, 0.521947193346, 0.000246590873875, 0.00023652517844, 0.521863984853, 58153.4403009, 58153.4406481, 656.480153386, 12.6507323101, 35.5149659398, 0.963927278915, 1.72756208412, 0.150718430155, 0.0150646190572, 0.140150959271, 0.155941247235, 3.23781332462, 0.335330081109, -0.813997527559, 0.369816083865, 0.777957317486, 6, 0.000000
11, 163.678323122, 10.9448280148, 163.670559323, 10.9424690734, 7.5059584962e-05, 7.26556150452e-05, 0.53624763365, 7.50825167488e-05, 7.2676243795e-05, 0.536915569621, 58153.4403009, 58153.4406481, 1262.08678105, 6.34594231739, 28.360299914, 0.886634575384, 0.528518017044, 0.0489927835114, 0.00621582571183, 0.0974664682082, 0.0546774443269, 15.5216950345, 0.0699495900638, -0.148539357183, 0.0887838277403, 1.04299989034, 0, 0.000000
12, 163.656531791, 10.9471323793, 163.646366049, 10.9432541076, 0.000300957472836, 0.000296252979601, 0.876886652801, 0.000212783057338, 0.000195425024299, 0.136124768415, 58153.4403009, 58153.4406481, 4101.82666448, 2.27941309821, 38.0586075606, 2.26518546015, 1.85497013238, 0.162114233252, 0.0157062756916, 0.27064159892, 0.0847782927294, 45.8847779452, 0.0236622307741, 0.024475099574, 0.0880185212516, 1.11556231461, 0, 0.159000
13, 163.701694433, 10.931218202, 163.697359201, 10.9291663665, 7.10273061543e-05, 6.84453767757e-05, 0.736096964178, 7.08920294426e-05, 6.83847322541e-05, 0.735426947701, 58153.4403009, 58153.4406481, 868.278247137, 6.37513103082, 16.7948618015, 0.793422281784, 0.500580323084, 0.0562710590547, 0.0123700595276, 0.167644244925, 0.0715001256325, 10.7171044914, 0.101308726217, -0.42186772766, 0.123998895048, 1.21625847657, 0, 0.000000
14, 163.710578496, 10.9288621293, 163.704480766, 10.9268005502, 0.000127890781385, 0.000118477334819, 0.565307364252, 0.000127890781075, 0.00011847733439, 0.565307357042, 58153.4403009, 58153.4406481, 1671.33931096, 4.06949500027, 22.5058211428, 1.49391988858, 0.890565119046, 0.118007296012, 0.0198012287252, 0.18850555075, 0.0823379381911, 22.039456191, 0.049263293765, 0.0303252069584, 0.095950029589, 1.17019195689, 0, 0.000000
15, 163.683100082, 10.9192636662, 163.660525021, 10.9147291255, 0.000245621881259, 0.000222295440489, 0.256872128105, 0.000254480818259, 0.000233467555209, 0.452628661663, 58153.4403009, 58153.4406481, 15596.9077957, 1.63500293213, 80.4165588777, 5.35578688684, 1.7358531217, 0.222633853807, 0.0101606844423, 0.114579858789, 0.0458243373786, 85.6570614715, 0.0126753846806, -0.0201672380666, 0.0475450867387, 1.21232550472, 0, 0.009000
16, 163.333095977, 10.809376567, 163.32347658, 10.8076341306, 1.1337613324e-05, 1.08417950837e-05, 0.331160614713, 1.13376253641e-05, 1.08418029118e-05, 0.331163987539, 58153.4403009, 58153.4406481, 14507.8452732, 0.928217229712, 34.1564404155, 1.17609659209, 0.0794037207866, 0.00769644424295, 0.000816389083923, 0.0723276586662, 0.00647213525127, 121.310969757, 0.00895002493949, 0.082754536859, 0.0110449753792, 1.71557327018, 0, 0.255000
