\
\ strid, ra1, dec1, ra2, dec2, ra1_err, dec1_err, corr1, ra2_err, dec2_err, corr2, start_mjd, end_mjd, flux, bg, length, sigma, length_err, sigma_err, pa_err, bg_err, fit_mag_err, ap_snr, ap_mag_err, dmag, dmag_err, chi2, numfit, prob
\ null, deg, deg, deg, deg, deg, deg, null, deg, deg, null, days, days, dn, dn, pixels, pixels, pixels, pixels, deg, dn, mag, null, mag, mag, mag, null, null, null
\
1, 162.97601222, 10.7780592972, 162.96614812, 10.7758713975, 0.000108151201726, 0.000106986246247, 0.0166289052679, 0.000125876317502, 0.000127557417151, 0.702151517746, 58153.4259722, 58153.4263194, 258.319266218, 17.4778258149, 35.3245280908, 0.27813605702, 0.835863517257, 0.0264012388231, 0.00271205674349, 0.0441083953853, 0.0912988072951, 4.84019104153, 0.224316808044, 0.112216218993, 0.242184852095, 1.23511521282, 0, 0.000000
2, 162.935205698, 10.7401828116, 162.925718743, 10.7384868419, 1.07950433995e-05, 1.04182794828e-05, 0.324574714237, 1.07951824998e-05, 1.04184529232e-05, 0.32465520277, 58153.4259722, 58153.4263194, 15368.8530247, 3.46533239373, 33.6879077801, 1.00777681438, 0.0758660021257, 0.00687108624156, 0.000734482537182, 0.0916025101697, 0.00670706574811, 116.899100752, 0.00928780630282, 0.0564927608511, 0.0114563553047, 1.3332585173, 0, 0.661000
3, 162.358148501, 9.97038326156, 162.357709928, 9.96678947542, 0.000116105944533, 0.000125682869668, 0.18772901177, 0.000118057828603, 0.000126789546997, 0.310502270188, 58153.4259722, 58153.4263194, 321.081017431, 12.3009899534, 12.8732976378, 0.605448877817, 0.874029330383, 0.0941579216924, 0.0284805781529, 0.246172988902, 0.160287413737, 5.10024003732, 0.2128794325, -0.163375587511, 0.266476467599, 1.06937578241, 0, 0.000000
4, 162.385168385, 9.97000489317, 162.382185228, 9.96582080158, 0.000501364643157, 0.000530542698478, 0.873443036697, 0.000501364673083, 0.00053054273161, 0.873443056719, 58153.4259722, 58153.4263194, 459.717084624, 11.3330541477, 18.180274085, 1.32520549065, 3.74172137234, 0.523095393689, 0.108255244308, 0.480646781162, 0.424863067577, 5.90924280798, 0.183735250021, 0.172317361811, 0.462890125506, 1.30124104515, 1, 0.000000
5, 162.374851301, 9.95989861603, 162.371521294, 9.96644007847, 0.000137488761182, 0.000138627251294, 0.760523755246, 0.000139676171111, 0.000140206620284, 0.776735271971, 58153.4259722, 58153.4263194, 503.359627177, 13.5276036015, 26.0257191247, 0.583459086756, 0.993287583355, 0.0777635984538, 0.0107567651408, 0.156738502965, 0.131754555842, 8.30022281948, 0.130808079298, 0.190792254594, 0.185661026052, 1.250857028, 2, 0.000000
6, 162.388006065, 9.95839561559, 162.379822547, 9.9623527308, 0.000138628377016, 0.000134207680247, 0.93114386858, 8.63817744355e-05, 8.41247426543e-05, 0.456089238634, 58153.4259722, 58153.4263194, 375.188687511, 15.0208312081, 31.9292616836, 0.422652395668, 0.811016613331, 0.0434231794047, 0.00489818612791, 0.0646621319202, 0.10024652249, 5.54472101587, 0.195814397451, -0.00343536176681, 0.219983280093, 1.29604000987, 3, 0.000000
7, 162.388530671, 9.95238270829, 162.38644229, 9.96344230623, 0.000461975171715, 0.000480362595161, 0.327392110413, 0.000461975201113, 0.000480362604404, 0.327392417157, 58153.4259722, 58153.4263194, 591.094575912, 16.0299229464, 40.0098730045, 1.28466828665, 3.37297206278, 0.317643353104, 0.0285284369178, 0.113985212255, 0.246109114506, 6.45843270381, 0.168111406366, 0.464528444805, 0.298045535436, 1.25166315583, 0, 0.000000
8, 162.401887022, 9.95752113136, 162.399473616, 9.96028231515, 7.55056948269e-05, 7.41585852977e-05, 0.940225941562, 9.50280973796e-05, 9.50960937632e-05, 0.965408418619, 58153.4259722, 58153.4263194, 206.01972582, 14.0064801265, 12.9575464538, 0.413822391217, 0.609029883221, 0.0603559264906, 0.0142751497856, 0.117270832905, 0.131912919636, 7.94492267552, 0.136657869321, 0.64549820517, 0.189937862509, 1.36682287264, 0, 0.000000
9, 162.422296554, 9.94804596014, 162.414296312, 9.9463339781, 3.37348838867e-05, 3.26054753902e-05, 0.243332346126, 3.49570100762e-05, 3.46092967243e-05, 0.485347403303, 58153.4259722, 58153.4263194, 387.338406206, 16.573686384, 28.6710055493, 0.321956511891, 0.242591619169, 0.0212777063147, 0.00254571101729, 0.0587974134707, 0.062239942515, 6.17226782548, 0.175905556184, -0.089435572382, 0.186592001813, 1.05271377834, 0, 0.000000
10, 162.438045402, 9.9416816623, 162.436165404, 9.94649103256, 0.000351117557273, 0.00037207961711, 0.612969543386, 0.000351117175755, 0.000372080298659, 0.612967166246, 58153.4259722, 58153.4263194, 287.190465068, 15.8920622479, 18.3298104657, 1.10959278739, 2.60729915901, 0.328780896271, 0.0677341417549, 0.135859547938, 0.301447880869, 3.37847544781, 0.321368682866, 0.177265919424, 0.440623030727, 1.30447753263, 0, 0.000000
