\
\ strid, ra1, dec1, ra2, dec2, ra1_err, dec1_err, corr1, ra2_err, dec2_err, corr2, start_mjd, end_mjd, flux, bg, length, sigma, length_err, sigma_err, pa_err, bg_err, fit_mag_err, ap_snr, ap_mag_err, dmag, dmag_err, chi2, numfit, prob
\ null, deg, deg, deg, deg, deg, deg, null, deg, deg, null, days, days, dn, dn, pixels, pixels, pixels, pixels, deg, dn, mag, null, mag, mag, mag, null, null, null
\
1, 163.732840368, 10.9859649192, 163.718282756, 10.9767767392, 0.000187456708611, 0.00016922093438, 0.744404184326, 0.000209185974273, 0.000198496825871, 0.836845049986, 58153.4447454, 58153.4450926, 31218.1943867, 3.02301341956, 60.3837779777, 8.10527570128, 1.43175088992, 0.23841203716, 0.0167087837026, 0.126492218947, 0.0345881460728, 112.475452601, 0.00965309478336, -0.0415428320591, 0.0359099162857, 1.32599292482, 2, 0.009000
2, 163.72502564, 10.9787270838, 163.701326921, 10.9768244596, 3.03158043129e-05, 2.87339931745e-05, 0.145893127598, 3.03158042959e-05, 2.87339931021e-05, 0.145893099005, 58153.4447454, 58153.4450926, 29101.2499377, 6.50120488876, 82.9615652335, 3.0929250793, 0.211514455739, 0.0212145950488, 0.000934348986798, 0.0151053796987, 0.00675094324243, 99.2351063598, 0.0109410494389, -0.111664463932, 0.0128561968516, 1.35914203123, 0, 0.044000
3, 163.777947217, 10.9776567584, 163.717157341, 10.960773258, 0.000341271926185, 0.000328191112667, 0.49569774014, 0.000341271779134, 0.000328190944305, 0.495696342253, 58153.4447454, 58153.4450926, 65568.4923023, 7.05111098969, 220.42617161, 7.56105499773, 2.39767085771, 0.234118743781, 0.00380948140457, 0.0589181379741, 0.0312038839444, 405.41174287, 0.00267810743979, 1.68382511971, 0.03131859883, 3.33414700901, 0, 0.004000
4, 163.728188705, 10.9804097817, 163.7248804, 10.9765991088, 0.00014375532248, 0.000149923358442, 0.860109047074, 0.000143755322434, 0.00014992335844, 0.860109046987, 58153.4447454, 58153.4450926, 2098.18483327, 10.2528210728, 17.7952829693, 2.24059479977, 1.0848763244, 0.185701727058, 0.044260549142, 0.169364233937, 0.0898851592412, 3.18073489397, 0.341347594487, -1.72713693291, 0.352983741997, 1.082755626, 0, 0.000000
5, 163.691345714, 10.978162743, 163.674554744, 10.9724218409, 0.000380183916473, 0.000319693024694, 0.335971727399, 0.000437491078276, 0.00039581583649, 0.733764746043, 58153.4447454, 58153.4450926, 17347.4142137, -5.47028152632, 62.0374447937, 6.63541376756, 2.89849732378, 0.416163925694, 0.0233460035378, 0.389729122248, 0.0894721004731, 230.208984753, 0.00471630681975, -0.0794860499645, 0.0895963186358, 1.59177108164, 0, 0.015000
6, 163.713758339, 10.9640596643, 163.709042073, 10.9652208912, 0.00011086843112, 0.000101308207715, 0.449923965362, 0.000110870473556, 0.000101307549826, 0.449899916618, 58153.4447454, 58153.4450926, 885.60804847, 11.1024979436, 16.9654685131, 1.05015597017, 0.765671641383, 0.0976255558002, 0.0217610147191, 0.158963925851, 0.0948764391549, 4.45395580787, 0.243768966643, -0.980203022692, 0.261581436278, 1.06886125452, 0, 0.000000
7, 163.705199788, 10.9605257761, 163.701020786, 10.9600888279, 6.76796561417e-05, 6.37145777525e-05, 0.207639898726, 6.74126888866e-05, 6.3526476521e-05, 0.182549861765, 58153.4447454, 58153.4450926, 417.680140548, 11.7125470365, 14.6640275094, 0.606378959104, 0.470209977606, 0.0483998738114, 0.0127767484383, 0.0924084952887, 0.080614313803, 7.85257448034, 0.138264999266, -0.0936320877712, 0.160049609846, 0.686191247578, 0, 0.000000
8, 163.66516889, 10.9475551492, 163.648827802, 10.9419139392, 0.000116298514296, 0.000112225185326, 0.593105046899, 0.000116298514169, 0.00011222518514, 0.593105043599, 58153.4447454, 58153.4450926, 6412.16397143, 1.25087915582, 60.4453770641, 2.15469844555, 0.81862649057, 0.0813060474803, 0.00484004281591, 0.0863425628331, 0.0379924634158, 82.520445764, 0.0131571781357, 0.453453680021, 0.0402062011747, 1.18810353923, 0, 0.041000
9, 163.682119133, 10.9447160072, 163.675615515, 10.9428692583, 6.85933795318e-05, 6.51997056311e-05, 0.499855104452, 6.85899532626e-05, 6.51973070625e-05, 0.499762574683, 58153.4447454, 58153.4450926, 1435.47037001, 7.32418759787, 23.6245381293, 1.03655193219, 0.480093028099, 0.0522306307989, 0.00812050136194, 0.0982792135922, 0.0504504537497, 22.4258543936, 0.0484144856067, 0.274386029293, 0.0699228911024, 0.970909553085, 0, 0.000000
10, 163.710937642, 10.9318665702, 163.706001166, 10.9297285532, 0.000151894166885, 0.000145104340179, 0.690794917497, 0.000151914615699, 0.00014511514681, 0.690873734306, 58153.4447454, 58153.4450926, 681.256124915, 6.49187136313, 18.8280217576, 0.965760354577, 1.06827303538, 0.125745236442, 0.0246545235465, 0.219917190163, 0.133087346785, 10.6365218077, 0.102076244884, -0.000904838772499, 0.16772537567, 1.23091336376, 0, 0.000000
11, 163.705155353, 10.930230211, 163.701390154, 10.9287456515, 0.000124274129048, 0.000116648870067, 0.639209065802, 0.000124241102611, 0.000116663967755, 0.639484360672, 58153.4447454, 58153.4450926, 606.264107558, 6.3741903236, 14.1590658071, 0.871913013789, 0.869575644215, 0.111802816935, 0.0294723461371, 0.326063814389, 0.133704770959, 11.0962982164, 0.0978467037907, 0.0035904443803, 0.165683261737, 1.10381891192, 0, 0.000000
12, 163.713690351, 10.928683625, 163.707542292, 10.9269548834, 0.000204137179501, 0.000182286661732, 0.476975046565, 0.000204137190642, 0.00018228667607, 0.476975245193, 58153.4447454, 58153.4450926, 1807.59997657, 4.18439445627, 22.3169152529, 1.8901932154, 1.40847873858, 0.209910714822, 0.0361156135945, 0.300399513271, 0.120878711557, 21.7668511287, 0.0498802605089, 0.0294133580466, 0.130765833826, 1.23606637679, 0, 0.001000
13, 163.691343364, 10.9265016973, 163.68676963, 10.9246263683, 0.000179859977576, 0.000160410618776, 0.632334217119, 0.000179859029923, 0.000160409318579, 0.632322920908, 58153.4447454, 58153.4450926, 1419.41665283, 4.85824635907, 17.2968663498, 1.77640688774, 1.24900916472, 0.201586774264, 0.046204171417, 0.330991561072, 0.125718805906, 17.7335178356, 0.0612250888303, -0.014341157551, 0.139834651145, 1.20349817598, 0, 0.000000
14, 163.685220359, 10.9208152138, 163.66387718, 10.9148738012, 0.000131608109141, 0.000124326819313, 0.489477838283, 0.000131608108967, 0.000124326818996, 0.489477831293, 58153.4447454, 58153.4450926, 12326.8429561, 1.74341720171, 77.4193850022, 3.67526618724, 0.919716696625, 0.104402174624, 0.00494884466064, 0.0548940839135, 0.0289032342501, 83.7169915692, 0.0129691259135, 0.145284402329, 0.0316795703424, 1.11532125796, 0, 0.016000
15, 163.457191498, 10.8312459659, 163.447491952, 10.8296110135, 1.10321110032e-05, 1.0557620463e-05, 0.309948761585, 1.10321152256e-05, 1.05576219781e-05, 0.309949468244, 58153.4447454, 58153.4450926, 14563.2959644, 0.281478124659, 34.3609235111, 1.14990905109, 0.077274142071, 0.00739116255779, 0.000777946390214, 0.0738489055904, 0.00635325305232, 122.176457864, 0.00888662368955, 0.0480217969559, 0.0109240974431, 1.27843081239, 0, 0.891000
