\
\ strid, ra1, dec1, ra2, dec2, ra1_err, dec1_err, corr1, ra2_err, dec2_err, corr2, start_mjd, end_mjd, flux, bg, length, sigma, length_err, sigma_err, pa_err, bg_err, fit_mag_err, ap_snr, ap_mag_err, dmag, dmag_err, chi2, numfit, prob
\ null, deg, deg, deg, deg, deg, deg, null, deg, deg, null, days, days, dn, dn, pixels, pixels, pixels, pixels, deg, dn, mag, null, mag, mag, mag, null, null, null
\
1, 163.731825129, 10.9884083843, 163.718207404, 10.978032228, 0.000176692108278, 0.000163938130789, 0.754876311638, 0.000271587529372, 0.000278194744566, 0.938358859715, 58153.4462269, 58153.4465741, 31962.491945, 1.96616396631, 60.1499264924, 7.55605648336, 1.70331957476, 0.230532840667, 0.0162717490382, 0.189681827937, 0.0402770150575, 136.03632487, 0.00798122270502, -0.102273753837, 0.0410601736213, 1.24052233283, 0, 0.020000
2, 163.727647999, 10.9774971711, 163.703495141, 10.975491861, 3.24867392062e-05, 3.08448003487e-05, 0.151298907679, 3.24867391858e-05, 3.08448002733e-05, 0.151298880852, 58153.4462269, 58153.4465741, 29064.7262834, 7.25581643813, 84.5794790417, 3.061118561, 0.22680169497, 0.022437573297, 0.000967253955634, 0.0170650032687, 0.00721177460617, 89.3949206044, 0.0121453903356, -0.201373929325, 0.0141251619238, 1.24399292357, 0, 0.051000
3, 163.772909009, 10.9817464194, 163.73087751, 10.9721251967, 0.000263760945405, 0.000248658978104, 0.411656467929, 0.000263760945062, 0.000248658977456, 0.411656458715, 58153.4462269, 58153.4465741, 46420.8091548, 8.47741652495, 150.59786074, 6.9709762726, 1.84043909485, 0.205655818845, 0.0050228176768, 0.0493341255423, 0.0297535454276, 231.80706142, 0.00468379262524, 1.23402139686, 0.0301199498484, 3.02109580912, 0, 0.009000
4, 163.679785259, 10.9462148911, 163.675570924, 10.9455780013, 0.000381933370797, 0.000313877441698, 0.260329202984, 0.000381933335313, 0.000313877382636, 0.260328257699, 58153.4462269, 58153.4465741, 723.839515226, 7.56502372562, 14.880149582, 1.81694465576, 2.58166634459, 0.441863546485, 0.123059396309, 0.356575269175, 0.269912511418, 7.3967767927, 0.1467850437, -0.0614375294779, 0.307243572552, 1.28821235094, 0, 0.000000
5, 163.668821679, 10.9458180738, 163.65231319, 10.9400220449, 9.94562530261e-05, 9.64503954386e-05, 0.603359033652, 9.9456252851e-05, 9.64503952042e-05, 0.60335902895, 58153.4462269, 58153.4465741, 6324.12059552, 1.38118247141, 61.1838993641, 1.96275047798, 0.701140449822, 0.0661512848986, 0.00387403382442, 0.079090639577, 0.0337211574968, 80.5075838669, 0.0134861357478, 0.422821132976, 0.0363179338665, 1.21729570848, 0, 0.284000
6, 163.683214553, 10.9449903749, 163.675401814, 10.9427469895, 7.81950339794e-05, 7.50369742324e-05, 0.508256782859, 7.81962041425e-05, 7.50383525036e-05, 0.508304557697, 58153.4462269, 58153.4465741, 1653.84222999, 6.68114116001, 28.4068213899, 1.04959091183, 0.5489268398, 0.0550977874547, 0.00704296113243, 0.100078652759, 0.0522366679086, 24.2115462839, 0.0448437366216, 0.236563690924, 0.0688449721359, 1.16180920349, 0, 0.000000
7, 163.739467739, 10.9361466229, 163.724171844, 10.932532633, 0.000245053453627, 0.000233822783291, 0.588631100574, 0.000224951385986, 0.000210210032805, 0.229914212247, 58153.4462269, 58153.4465741, 5246.64576898, 1.77723154014, 54.9045540195, 2.57621905524, 1.65091734182, 0.169385769721, 0.0109998197797, 0.185639586513, 0.0712852403674, 51.6143455984, 0.0210355511083, 0.00275710263299, 0.074324154248, 1.19130916463, 0, 0.138000
8, 163.714001173, 10.9290919286, 163.707445614, 10.9264928988, 0.000193796113311, 0.000179973728291, 0.661731986001, 0.000188758744945, 0.000173777112046, 0.609134410478, 58153.4462269, 58153.4465741, 2046.12225301, 3.96748483491, 24.6734171171, 1.80843068476, 1.33837162192, 0.186099050054, 0.0279039022561, 0.369435293619, 0.114171370348, 24.8217258737, 0.043741366345, -0.0614775548677, 0.122263686092, 1.08534474843, 0, 0.001000
9, 163.692730225, 10.926866821, 163.683111345, 10.9242261945, 0.000479142082551, 0.000460707679055, 0.784580233042, 0.000384540080984, 0.000348432874881, 0.00266863826701, 58153.4462269, 58153.4465741, 2244.86018028, 5.45474434301, 34.8571734005, 2.20751366266, 3.06833394567, 0.298924005479, 0.0307373624787, 0.394764789578, 0.164684090732, 22.793223179, 0.0476341672362, -0.0386115932107, 0.171434721187, 1.20299657911, 0, 0.001000
10, 163.68538699, 10.9204092659, 163.670916925, 10.9164526911, 0.000478367781052, 0.000454087922545, 0.804844879454, 0.000771336709475, 0.000774862452135, 0.974749802003, 58153.4462269, 58153.4465741, 6838.09930647, 3.21444652913, 52.4230784196, 2.80737355332, 4.58052851837, 0.155060568401, 0.0111714454939, 0.200970854624, 0.102828132082, 53.2200167523, 0.0204008993423, -0.00963770441921, 0.104832349213, 1.15372543454, 6, 0.044000
11, 163.499335691, 10.8379992215, 163.489696394, 10.8363840855, 1.17219038636e-05, 1.12186868253e-05, 0.308380214933, 1.17219240012e-05, 1.12187072294e-05, 0.308389639026, 58153.4462269, 58153.4465741, 14700.3283729, 0.854111562129, 34.1375296164, 1.13818392532, 0.0821105445098, 0.00784178039444, 0.000830392332374, 0.0827983077912, 0.00681253987497, 119.852923935, 0.00905890460668, 0.0361922579621, 0.0113346571285, 1.43896976637, 0, 0.903000
