\
\ strid, ra1, dec1, ra2, dec2, ra1_err, dec1_err, corr1, ra2_err, dec2_err, corr2, start_mjd, end_mjd, flux, bg, length, sigma, length_err, sigma_err, pa_err, bg_err, fit_mag_err, ap_snr, ap_mag_err, dmag, dmag_err, chi2, numfit, prob
\ null, deg, deg, deg, deg, deg, deg, null, deg, deg, null, days, days, dn, dn, pixels, pixels, pixels, pixels, deg, dn, mag, null, mag, mag, mag, null, null, null
\
1, 163.742017114, 10.9976581732, 163.733260059, 10.9945694761, 0.000350365247766, 0.00028950567926, 0.765476737709, 0.000303173668844, 0.0002152742527, 0.307425360133, 58153.4398032, 58153.4401504, 8774.1489996, -4.27521158481, 32.4651948774, 5.44729295434, 2.34397383449, 0.438599643968, 0.0439665091886, 0.843998546423, 0.147006297181, 134.280039304, 0.00808561131191, -0.172570833636, 0.147228490861, 0.972642627562, 0, 0.043000
2, 163.721966811, 10.9790654488, 163.6979122, 10.9771673508, 3.25859936284e-05, 3.09273778878e-05, 0.143287315282, 3.25859936082e-05, 3.09273778143e-05, 0.143287287819, 58153.4398032, 58153.4401504, 26971.9007619, 6.13376791721, 84.2007204791, 3.05865758089, 0.227454225875, 0.0225378111445, 0.000976406684309, 0.015422136366, 0.00724747365346, 90.428076625, 0.0120066272034, -0.179836479103, 0.0140244419197, 1.33015968889, 0, 0.037000
3, 163.772188893, 10.9796976156, 163.729960522, 10.9700583239, 0.000269885618726, 0.000255642708183, 0.412100638241, 0.000269885618343, 0.00025564270752, 0.412100629018, 58153.4398032, 58153.4401504, 39681.4778668, 7.84073833074, 151.271590438, 6.46366534851, 1.88596705343, 0.203511836405, 0.004910305331, 0.0530495551543, 0.0317523169794, 196.906293506, 0.00551397411137, 1.11707254018, 0.0322275277374, 2.78317313002, 0, 0.005000
4, 163.710165827, 10.964421946, 163.705309063, 10.9659691941, 0.000113149179784, 0.000103586911254, 0.555424314568, 0.000113148938433, 0.000103586811259, 0.555422551969, 58153.4398032, 58153.4401504, 1101.4447954, 8.47406332388, 17.816514364, 1.15039645473, 0.782845137056, 0.101901889072, 0.0216722124418, 0.184473961505, 0.0910914418661, 5.475368129, 0.198294649634, -1.04177225073, 0.218216449551, 1.07067845221, 0, 0.000000
5, 163.769868919, 10.9640823746, 163.755963435, 10.9597327282, 0.000208570970755, 0.000197228114645, 0.627872055521, 0.000194960112881, 0.000181083849795, 0.436012829664, 58153.4398032, 58153.4401504, 6466.98406476, 1.93969342072, 50.9237766789, 2.86822724232, 1.4151427347, 0.166276407817, 0.0117813862168, 0.198975462691, 0.0633814442326, 53.3862998974, 0.0203373563413, -0.105107755301, 0.0665643713707, 1.14724088383, 0, 0.140000
6, 163.661359233, 10.9472129109, 163.646102901, 10.9416961227, 0.000111827684878, 0.000107576532615, 0.612659290173, 0.000111827684655, 0.000107576532311, 0.612659284993, 58153.4398032, 58153.4401504, 6229.32225084, 0.919468241034, 56.7353870907, 2.23268055617, 0.786602020078, 0.0817008358452, 0.00522399499777, 0.077124983216, 0.0368314895052, 83.9571751152, 0.0129320240142, 0.449443328677, 0.0390358279569, 1.25307297783, 0, 0.024000
7, 163.676410051, 10.9462492207, 163.671305983, 10.9449078518, 0.000105910312545, 9.8756984139e-05, 0.461738708658, 0.000105909134954, 9.87554611199e-05, 0.461694150496, 58153.4398032, 58153.4401504, 1038.42391218, 5.71763773605, 18.4381409986, 1.0198956248, 0.737371596047, 0.0899910875017, 0.018092744228, 0.237632104072, 0.0910530670124, 16.2236738224, 0.0669229557156, -0.0184765316781, 0.113001517751, 1.18671068302, 0, 0.000000
8, 163.706103709, 10.9321409558, 163.697234725, 10.9300209295, 0.00013804184343, 0.000130790018029, 0.429212363571, 0.000138041841514, 0.000130790016831, 0.429212334334, 58153.4398032, 58153.4401504, 1387.22269245, 6.365802793, 31.8541492391, 1.38141179606, 0.964736310301, 0.104550121361, 0.0120232705398, 0.087964389169, 0.0760063549264, 7.08590451075, 0.15322478635, -0.835942571856, 0.171040349454, 1.0529730272, 0, 0.000000
9, 163.683359247, 10.9199127519, 163.659757029, 10.9150551549, 0.000241358056807, 0.000218918887461, 0.362444508957, 0.000241600506045, 0.000219228640249, 0.367898160201, 58153.4398032, 58153.4401504, 16567.5040373, 1.41296788061, 84.1592086058, 5.69570642069, 1.66930332615, 0.226917360775, 0.00997950346829, 0.097648231138, 0.0431909725652, 90.0827986476, 0.012052647354, -0.000217608454673, 0.0448411241983, 1.20366845856, 0, 0.007000
