\
\ strid, ra1, dec1, ra2, dec2, ra1_err, dec1_err, corr1, ra2_err, dec2_err, corr2, start_mjd, end_mjd, flux, bg, length, sigma, length_err, sigma_err, pa_err, bg_err, fit_mag_err, ap_snr, ap_mag_err, dmag, dmag_err, chi2, numfit, prob
\ null, deg, deg, deg, deg, deg, deg, null, deg, deg, null, days, days, dn, dn, pixels, pixels, pixels, pixels, deg, dn, mag, null, mag, mag, mag, null, null, null
\
1, 212.497269871, 69.2477284616, 212.48864137, 69.2551996669, 0.000242248848068, 0.000245671643247, 0.638684000623, 0.000242253478355, 0.000245682702415, 0.638708327989, 58232.241412, 58232.2417592, 3064.44320008, 51.7290887454, 28.6991376939, 0.971827045864, 1.74687887082, 0.169104376966, 0.0211800169731, 0.83749292804, 0.174251846649, 22.4033721292, 0.0484630705814, 0.40751712281, 0.180865627665, 1.26359887909, 1, 0.000000
2, 212.821460371, 69.2523936436, 212.811991212, 69.2570875151, 0.000293209192047, 0.000291140730496, 0.882385565066, 0.000293181478512, 0.000291110288871, 0.882353632286, 58232.241412, 58232.2417592, 2081.20854931, 53.0836245425, 20.5101846165, 0.990649625718, 2.0998482203, 0.2407332795, 0.0430314195949, 1.19180113414, 0.248539063823, 10.9944116465, 0.0987534612733, -0.0640037775484, 0.267439548981, 1.13999795335, 0, 0.000000
3, 213.103617327, 69.2578403188, 213.093752672, 69.2554757726, 2.35993121832e-05, 2.29835013104e-05, 0.577389071213, 4.72520764557e-05, 4.91456893124e-05, 0.977042404888, 58232.241412, 58232.2417592, 1043.36487449, 48.2664430077, 15.0009894336, -0.266979694079, 0.268200642084, 0.017685527813, 0.00429095774744, 0.363368349948, 0.0642328307115, 10.5508300816, 0.102905287675, -0.376391818902, 0.121306862018, 1.15965688855, 0, 0.000000
4, 212.771355524, 69.2512250948, 212.768757367, 69.2546764844, 0.000272297584363, 0.000299718315257, 0.426622554173, 0.000272286190503, 0.000299708230694, 0.426501108681, 58232.241412, 58232.2417592, 1544.04355846, 50.5033983318, 12.6993183278, 1.00136870933, 2.0769591523, 0.296658761624, 0.0901348207931, 1.74112829105, 0.312936081086, 10.1037729428, 0.107458492081, 0.00382130864892, 0.330872057396, 1.19644193708, 0, 0.000000
5, 212.609292846, 68.92680384, 212.596222373, 68.9273610805, 0.000366336185671, 0.00035355176677, 0.967436398863, 0.000269168964914, 0.000279344286928, 0.909115944002, 58232.241412, 58232.2417592, 699.266173793, 61.9787859668, 16.8237917575, 0.291641822323, 2.27216666648, 0.0485803389121, 0.00965365080731, 0.565840361058, 0.188510836237, 6.98926967645, 0.155343298373, -0.191686842151, 0.244270087665, 1.23776309139, 1, 0.000000
6, 212.417206304, 68.8989234906, 212.4068203, 68.902514565, 0.000359379463465, 0.000346790856795, 0.944091387818, 0.000359367689569, 0.000346775470859, 0.944087205619, 58232.241412, 58232.2417592, 1524.86955617, 73.8046677045, 18.4284888206, 0.932332549039, 2.53987969021, 0.297755292677, 0.0593859605792, 1.40674027612, 0.328225321263, 7.9727993679, 0.13618004852, -0.0055904781901, 0.355354565375, 1.21476196121, 1, 0.000000
7, 212.375495531, 68.8913199741, 212.365349792, 68.8925678705, 0.000126982854168, 0.000113251259956, 0.736626715565, 0.000112595376934, 9.80752553308e-05, 0.491291130299, 58232.241412, 58232.2417592, 899.854326826, 56.5409157535, 13.7252458826, 0.287134344212, 0.862385270233, 0.0343323139068, 0.0099832540318, 0.59018084084, 0.117598269852, 5.45652598807, 0.198979388558, -0.983630425463, 0.231132321719, 0.850858559586, 5, 0.000000
8, 212.375185381, 68.8845913773, 212.356571146, 68.8837409213, 0.000260626830306, 0.00026438372783, 0.615038300756, 0.000239840035163, 0.000236028869991, 0.326435155407, 58232.241412, 58232.2417592, 890.713837929, 62.3593985749, 24.0290770084, 0.352085158999, 1.7842283715, 0.0607727607143, 0.00819613086554, 0.491073452332, 0.16605372836, 2.58717757414, 0.419660488561, -1.29068087329, 0.451318918683, 1.32309460807, 2, 0.000000
9, 212.748248334, 68.8770495684, 212.739793059, 68.8849839548, 0.000117119148306, 0.000112295152388, 0.725906408046, 0.000104295306982, 0.000104393024295, 0.504583324833, 58232.241412, 58232.2417592, 1355.3686965, 51.4647296124, 30.2123718961, 0.387271540098, 0.775591057541, 0.0453882638572, 0.00546061718518, 0.301511562356, 0.112700782186, 8.4805520052, 0.128026595921, -0.36623452459, 0.17056457888, 1.29589576308, 1, 0.000000
10, 212.373251357, 68.8760622404, 212.362682886, 68.8688283011, 0.000148502461313, 0.000154671482209, 0.991340345361, 5.44387446978e-05, 5.46993117221e-05, 0.202945744863, 58232.241412, 58232.2417592, 1166.79404382, 73.097454121, 29.0612432683, 0.213155044516, 0.812824944384, 0.00971494529958, 0.0012187347036, 0.0961410243399, 0.0499554476954, 11.1827958958, 0.0970898704473, -0.0697724622731, 0.109187864243, 1.07057663381, 0, 0.000000
11, 212.354991052, 68.8460660323, 212.349861385, 68.8401238131, 0.000210306540291, 0.0002231568228, 0.626846206189, 0.000203935221287, 0.000212158501353, 0.56728301251, 58232.241412, 58232.2417592, 1139.74441602, 62.2827358864, 22.1227707366, 0.516994424425, 1.51345413383, 0.127362432679, 0.0203904641135, 0.983550131899, 0.241463211029, 4.71314411934, 0.230363463808, -0.704283589376, 0.333724149168, 1.1916779751, 3, 0.000000
12, 212.355049063, 68.8412680739, 212.345728953, 68.8386628535, 0.000288476038928, 0.000290963861919, 0.894705810485, 0.000288161100182, 0.000290580324846, 0.894289082823, 58232.241412, 58232.2417592, 1292.72213019, 58.1066781861, 15.1250110315, 0.840566271391, 2.08491707997, 0.253553641251, 0.062546113436, 1.2965505953, 0.308954274083, 7.89185537713, 0.137576799482, -0.0867991747901, 0.338201299864, 1.30801644848, 0, 0.000000
13, 212.366782854, 68.8316826255, 212.360353107, 68.8356924868, 8.32486709463e-05, 8.26558463758e-05, 0.773175630237, 9.69837780535e-05, 9.54948698408e-05, 0.880105497189, 58232.241412, 58232.2417592, 1073.93574635, 65.4278781587, 16.4703200123, 0.324609350677, 0.644071143201, 0.0291022814638, 0.00717829574998, 0.342359961054, 0.0911449596492, 10.9398449049, 0.0992460326625, -0.0659212515237, 0.134748575758, 1.22071910884, 0, 0.000000
14, 212.692446268, 68.8279643637, 212.681246604, 68.8310869659, 6.34336315014e-05, 6.0939491954e-05, 0.790372833612, 0.00019046850794, 0.000183106381652, 0.996814399809, 58232.241412, 58232.2417592, 1240.78854033, 62.4921859914, 18.1646992808, 0.280000312783, 0.993642797429, 0.0222840554195, 0.00379124474412, 0.403436665841, 0.0872643630058, 12.4335433821, 0.0873231524911, -0.148040211358, 0.123452023118, 1.27803465319, 3, 0.000000
15, 212.434610337, 68.8024844337, 212.428471288, 68.8058684277, 4.67360296685e-05, 4.57198801801e-05, 0.901292400942, 3.73692197775e-05, 3.61113807274e-05, 0.786645648525, 58232.241412, 58232.2417592, 969.044628639, 61.1820051391, 14.3855215903, 0.258148130184, 0.304682584424, 0.0223876366035, 0.00684079582924, 0.540339649946, 0.0841700821177, 11.6553965072, 0.0931530904233, -0.097063136491, 0.125547206178, 0.943425653412, 3, 0.000000
16, 212.503143627, 68.80646808, 212.489870818, 68.8026229659, 0.000248209243637, 0.000241016524827, 0.951464934916, 0.00173301686378, 0.0018011936454, 0.999977969222, 58232.241412, 58232.2417592, 863.775069488, 85.4034808469, 21.8580299152, 0.174436689625, 8.96683548516, 0.0117655092958, 0.00199630647029, 0.263373806617, 0.432096458004, 6.97928816466, 0.155565464434, -0.454416474002, 0.459247169555, 0.739788780107, 0, 0.000000
17, 212.508366767, 68.797277579, 212.495323552, 68.8040019974, 0.000147306627279, 0.00013832258436, 0.970043615778, 8.55943568182e-05, 8.45006478868e-05, 0.722805222677, 58232.241412, 58232.2417592, 1623.64589432, 69.6491535616, 29.1966386441, 0.303207462247, 0.827214689849, 0.0454091983734, 0.00575197750599, 0.670626315301, 0.143312069391, 21.1381799894, 0.0513637505832, 0.49485136311, 0.152238576278, 0.991393159732, 2, 0.000000
18, 212.446079156, 68.8032657961, 212.431044363, 68.8051974693, 0.0015966425048, 0.00150913613415, 0.747850051984, 0.00327627401633, 0.0031460949394, 0.985073496984, 58232.241412, 58232.2417592, 2627.46104249, 61.1895173749, 20.5079856492, 1.81652166695, 18.2098786952, 0.729324104732, 0.151145132355, 2.14508483678, 0.962104675499, 13.1287589162, 0.0826990739712, 0.156709904437, 0.965652392661, 1.27869868196, 0, 0.003000
19, 212.600010864, 68.8034076835, 212.591311514, 68.7991370548, 9.12300591489e-05, 9.51569106965e-05, 0.780716199402, 0.000242053877998, 0.000254079123229, 0.995053898138, 58232.241412, 58232.2417592, 1018.79183412, 58.9212946561, 18.85339932, 0.259390546591, 1.33994893993, 0.0277973518378, 0.0050305320264, 0.615884783819, 0.113620881202, 7.60812756769, 0.142707413237, -0.550394170696, 0.18241466618, 0.959275996415, 7, 0.000000
