\
\ strid, ra1, dec1, ra2, dec2, ra1_err, dec1_err, corr1, ra2_err, dec2_err, corr2, start_mjd, end_mjd, flux, bg, length, sigma, length_err, sigma_err, pa_err, bg_err, fit_mag_err, ap_snr, ap_mag_err, dmag, dmag_err, chi2, numfit, prob
\ null, deg, deg, deg, deg, deg, deg, null, deg, deg, null, days, days, dn, dn, pixels, pixels, pixels, pixels, deg, dn, mag, null, mag, mag, mag, null, null, null
\
1, 149.273900136, 25.056533616, 149.273874642, 25.059536588, 0.000158964489744, 0.000177554815045, 0.00485819732309, 0.000158951244365, 0.000177865181991, 0.0188133233465, 58154.298912, 58154.2992592, 829.319205458, 19.5068458087, 10.6758091133, 0.750585452998, 1.21801023552, 0.168626216819, 0.0589801942277, 0.863181376832, 0.227839032431, 6.91535630192, 0.157003653515, -0.507196925162, 0.276696172572, 1.40627828812, 0, 0.000000
2, 149.509305314, 24.9869079684, 149.506645892, 24.9922190527, 9.57950268825e-05, 9.55457434157e-05, 0.274983775704, 0.000153078951274, 0.000153310245319, 0.916352665348, 58154.298912, 58154.2992592, 607.479106563, 23.5048156668, 20.7332830273, 0.336327707092, 0.908993675667, 0.0481698803494, 0.00821022192626, 0.322883684277, 0.1364812835, 9.00343528506, 0.120591326575, -0.0735123231957, 0.182124706701, 1.24256270417, 3, 0.000000
3, 149.712781064, 24.9392854017, 149.706527859, 24.9432142132, 0.000650354779017, 0.000618094917748, 0.89003706793, 0.000650354835103, 0.000618094962965, 0.890037089345, 58154.298912, 58154.2992592, 1175.71602375, 33.3583860872, 24.519296039, 1.29182289808, 4.56820017257, 0.548962144006, 0.0820321019351, 0.904090595296, 0.442488441586, 6.71849965336, 0.161603968263, -0.0132955221928, 0.471075220635, 1.3267400113, 2, 0.000000
4, 149.715151001, 24.9298164443, 149.711800941, 24.9407020703, 0.00122135516827, 0.00128712222697, 0.414416558663, 0.00185818717231, 0.00183853049196, 0.904916187591, 58154.298912, 58154.2992592, 1453.46108822, 30.2597632482, 40.1731402289, 1.33924479509, 11.3354319108, 0.557061009262, 0.0497076379063, 0.725666818483, 0.486451941324, 4.91815212204, 0.220761004909, -0.548950289252, 0.534201191038, 1.30755111104, 0, 0.000000
5, 149.707301766, 24.9306856063, 149.70304811, 24.9264822732, 0.000161431530197, 0.000166588459735, 0.965477561695, 0.000160829231301, 0.000165928776669, 0.965211281268, 58154.298912, 58154.2992592, 890.08062593, 28.4330526268, 20.2792961881, 0.584644984541, 1.16987857272, 0.105328736515, 0.0186033160764, 0.492209072604, 0.178151276661, 4.10983728513, 0.264179851763, -0.985807885406, 0.318635954427, 1.3095397307, 1, 0.000000
6, 149.766067434, 24.9159095533, 149.762796566, 24.9071403776, 0.000197037597208, 0.000204108583845, 0.616213995574, 0.000196421941111, 0.000204109038584, 0.609177061523, 58154.298912, 58154.2992592, 1059.43846089, 33.7572754914, 32.9071064382, 0.613729419702, 1.42971566488, 0.102094425364, 0.0109811660438, 0.255315891345, 0.161519837663, 3.8365036881, 0.283001475569, -0.88951754713, 0.325850415272, 1.3156656604, 4, 0.000000
7, 149.799713146, 24.906196051, 149.798267134, 24.9094100379, 0.000499674105525, 0.000538623368004, 0.629227918014, 0.000499729969338, 0.000538730798825, 0.629373205175, 58154.298912, 58154.2992592, 542.734557692, 34.2696298443, 12.3390175465, 0.959287447046, 3.76965712654, 0.537959809823, 0.166842189364, 1.4147758079, 0.597634555312, 4.19585386283, 0.258764065731, -0.12315011998, 0.651249493985, 1.3199221557, 0, 0.000000
8, 149.832305333, 24.9055953974, 149.827378486, 24.9090817296, 5.00436236459e-05, 4.81980622931e-05, 0.852556406669, 0.000107345089715, 0.000103385370849, 0.985977556502, 58154.298912, 58154.2992592, 825.709414255, 31.5257843602, 20.1453410377, 0.363927002449, 0.583373583209, 0.0365779323662, 0.00661490757069, 0.271439204365, 0.0965078268166, 5.40447794328, 0.200895667658, -0.806976170477, 0.222874022534, 1.08817931887, 1, 0.000000
9, 149.741083657, 24.8991456033, 149.738360879, 24.9025510355, 0.000464897183674, 0.000479618007807, 0.845218881544, 0.000464897182844, 0.000479618007769, 0.845218880679, 58154.298912, 58154.2992592, 1097.31133193, 28.6704979242, 14.9529348566, 1.47260438386, 3.44949739087, 0.539643497028, 0.144792622258, 0.804116314399, 0.391432426579, 9.12271729716, 0.119014562152, 0.314152953119, 0.409125666002, 1.29126467974, 1, 0.000000
10, 149.764400926, 24.9006656564, 149.759821436, 24.8989426561, 0.000336540892782, 0.000317937730842, 0.645297507386, 0.000336535908821, 0.000317934443876, 0.64528374355, 58154.298912, 58154.2992592, 1103.23525128, 34.7701920971, 15.9843132063, 1.02112834047, 2.36489856166, 0.309742035754, 0.0723919046082, 1.13994073713, 0.318928812874, 7.22109662069, 0.150356138657, -0.188151375484, 0.352594038681, 1.18377684105, 0, 0.000000
11, 149.749394791, 24.887830576, 149.747192533, 24.8908772027, 2.2156111968e-05, 2.1876974449e-05, 0.83566589627, 2.20404469777e-05, 2.30151967044e-05, 0.823948692543, 58154.298912, 58154.2992592, 683.881243527, 26.4652601026, 12.9500299713, 0.261928114644, 0.157669377384, 0.0243186692241, 0.00651550512503, 0.451523120625, 0.0855080151657, 10.9198309872, 0.0994279312593, -0.249889050768, 0.131139369268, 1.18616058195, 0, 0.000000
12, 149.841120057, 24.8835512854, 149.835702953, 24.8888180629, 0.000187623711263, 0.000182923735182, 0.983358183317, 0.000365822336812, 0.000357442113493, 0.998494393237, 58154.298912, 58154.2992592, 627.751119639, 35.2365522957, 25.6039270921, 0.246661118369, 2.04554534845, 0.0273664215124, 0.00333851976715, 0.262857774901, 0.126257630574, 11.0349237433, 0.0983909114389, 0.245405167644, 0.160067987842, 1.0222755767, 5, 0.000000
13, 149.8332798, 24.8808917035, 149.830218532, 24.884080644, 0.000134698152334, 0.000132852326552, 0.934602870819, 0.000135598222505, 0.000133626790575, 0.935677136293, 58154.298912, 58154.2992592, 1130.17943141, 31.4137155119, 15.0307797668, 0.709196135446, 0.963224327779, 0.109588210507, 0.0267037421415, 0.556060222876, 0.154311526667, 10.2503000534, 0.105922382672, -0.0878338267627, 0.187167300599, 1.41011857109, 0, 0.000000
14, 149.815639297, 24.8781231156, 149.810112718, 24.8821500776, 3.39029813697e-05, 3.36487396127e-05, 0.704517791716, 0.000126407044829, 0.000123092517933, 0.995878375251, 58154.298912, 58154.2992592, 1030.94783739, 28.6925444846, 22.8573210923, 0.262568378184, 0.649516500476, 0.0231217237945, 0.00382085629619, 0.461179418593, 0.0876554074248, 16.7473421178, 0.064830359177, 0.102380297899, 0.109024978431, 0.985975183764, 1, 0.000000
15, 149.86069476, 24.8750417347, 149.854669339, 24.8766477186, 0.000135438490823, 0.000132092571561, 0.631945273193, 0.000128347365409, 0.000122945447795, 0.445795562098, 58154.298912, 58154.2992592, 926.685077696, 30.3799008911, 20.250535209, 0.459402898347, 0.923166539702, 0.0711134735032, 0.0124258712449, 0.555190193608, 0.150715788838, 10.9550937835, 0.0991078877296, 0.0072773221811, 0.180381879399, 1.16888761945, 0, 0.000000
16, 149.838377104, 24.8720822726, 149.834444804, 24.8708945238, 0.000370084010216, 0.000377213488413, 0.991095437849, 0.000203683820181, 0.000191555134565, 0.9046612274, 58154.298912, 58154.2992592, 458.142830383, 27.9943574177, 13.3649266803, 0.198686935965, 2.14557533342, 0.0286475247994, 0.00994791579879, 0.49157065187, 0.215893356732, 8.20509228874, 0.132324679181, -0.278611422067, 0.253218803017, 1.34339740304, 0, 0.000000
17, 149.961077228, 24.8608172833, 149.957945024, 24.8633178887, 0.000366605102957, 0.000351828321005, 0.889501814193, 0.00036660510339, 0.000351828321767, 0.889501814668, 58154.298912, 58154.2992592, 1374.04709413, 23.7705692146, 13.4554369951, 1.33734388413, 2.6301894934, 0.419008986318, 0.122690670891, 1.51295954835, 0.34608959309, 11.2024537666, 0.096919498833, 0.00260124916102, 0.359404223263, 1.19113287758, 0, 0.000000
18, 150.052935242, 24.8065698073, 150.04787977, 24.804314692, 0.000125906560593, 0.000124394567568, 0.27368943084, 0.000212534193416, 0.00021767945834, 0.945683522097, 58154.298912, 58154.2992592, 664.664278551, 25.4713186305, 18.1759516313, 0.267550176823, 1.25155273873, 0.0433685459184, 0.00973727741954, 0.479492874403, 0.17345956372, 16.9738690551, 0.0639651573389, 0.461747356997, 0.184877693623, 2.73288173241, 4, 0.000000
