\
\ strid, ra1, dec1, ra2, dec2, ra1_err, dec1_err, corr1, ra2_err, dec2_err, corr2, start_mjd, end_mjd, flux, bg, length, sigma, length_err, sigma_err, pa_err, bg_err, fit_mag_err, ap_snr, ap_mag_err, dmag, dmag_err, chi2, numfit, prob
\ null, deg, deg, deg, deg, deg, deg, null, deg, deg, null, days, days, dn, dn, pixels, pixels, pixels, pixels, deg, dn, mag, null, mag, mag, mag, null, null, null
\
1, 195.634185727, 42.3236940522, 195.629225946, 42.3214850525, 6.61485047111e-05, 5.95400908565e-05, 0.847074578898, 6.61501727299e-05, 5.95414820447e-05, 0.847085097046, 58132.5090509, 58132.5093981, 1174.77392473, -0.657544506309, 15.2198118717, 1.06495245461, 0.455035256478, 0.061603173175, 0.0154157132438, 0.188071544818, 0.0602505185565, 42.5137843979, 0.0255384511196, 0.0985001897608, 0.0654395711472, 1.78305305026, 0, 0.001000
2, 195.429709784, 42.2315829103, 195.425311628, 42.2296985435, 1.67898026027e-05, 1.50317965488e-05, 0.827096073175, 1.67912016942e-05, 1.50329731474e-05, 0.827137311096, 58132.5090509, 58132.5093981, 1983.74962749, 0.177669459022, 13.3753063315, 0.997732378755, 0.115295810128, 0.0159272081318, 0.00461487980891, 0.070075520192, 0.0164143054872, 46.436129005, 0.0233812815156, 0.132198427492, 0.0285677046669, 1.58620550947, 0, 0.002000
3, 195.382537217, 42.2103683508, 195.377587212, 42.2080351433, 7.71516147243e-05, 6.96687034461e-05, 0.86224112185, 7.7151126305e-05, 6.96680037505e-05, 0.862236523476, 58132.5090509, 58132.5093981, 661.359787883, 0.50784860286, 15.4493654286, 1.0795117216, 0.531603974393, 0.0720959559797, 0.0177173981835, 0.128696305531, 0.0699163538042, 22.7981245446, 0.0476239263731, 0.103667134006, 0.0845951233373, 1.22281323823, 0, 0.000000
4, 195.133162928, 42.0967761515, 195.129020882, 42.0948770539, 2.20047677271e-05, 1.97356519123e-05, 0.84273262042, 2.20056396719e-05, 1.9736441369e-05, 0.842751101777, 58132.5090509, 58132.5093981, 1360.1292941, 0.0647563098547, 12.8441962556, 1.00669247982, 0.151410997169, 0.021374053075, 0.006489937645, 0.0678454497356, 0.021925878168, 37.0482134183, 0.0293060340724, 0.0344926489356, 0.0366003793217, 1.52907279104, 0, 0.000000
5, 195.039694228, 42.0547018733, 195.03501315, 42.0524115647, 3.27411074577e-05, 2.98262094456e-05, 0.883149796824, 3.26646222883e-05, 2.97640763167e-05, 0.882469146448, 58132.5090509, 58132.5093981, 713.165541169, 0.21884636351, 14.7982812929, 0.837853598478, 0.225165926287, 0.0275283091037, 0.00698500320982, 0.0593526294246, 0.0332777372209, 27.3589624171, 0.0396848457995, 0.161441273394, 0.0517908754577, 1.34840459726, 0, 0.000000
6, 194.924900026, 41.8086380673, 194.921655802, 41.8101214726, 0.000399048724713, 0.000427888388976, 0.979841915096, 0.000182614180145, 0.000187231203131, 0.264365827217, 58132.5090509, 58132.5093981, 948.631439365, -2.97099971191, 10.0889609427, 0.0699752513759, 2.28042146197, 0.0303570300252, 0.0242069975241, 1.12264518544, 0.512514873194, 29.6826200301, 0.0365781795426, -0.135554462426, 0.513818507319, 64.1198801283, 2, 0.000000
