\
\ strid, ra1, dec1, ra2, dec2, ra1_err, dec1_err, corr1, ra2_err, dec2_err, corr2, start_mjd, end_mjd, flux, bg, length, sigma, length_err, sigma_err, pa_err, bg_err, fit_mag_err, ap_snr, ap_mag_err, dmag, dmag_err, chi2, numfit, prob
\ null, deg, deg, deg, deg, deg, deg, null, deg, deg, null, days, days, dn, dn, pixels, pixels, pixels, pixels, deg, dn, mag, null, mag, mag, mag, null, null, null
\
1, 163.886374028, 11.6197512072, 163.879070344, 11.6105132745, 0.000519607387166, 0.000588324986005, 0.938600142981, 0.000411686772527, 0.000465159131183, 0.896916203976, 58153.4531481, 58153.4534953, 13829.0731713, -6.89079805293, 41.538465376, 7.39550990088, 4.16928970154, 0.861557357548, 0.0599354901416, 1.55158014318, 0.262334392415, 189.326056462, 0.00573474261836, -0.389653801059, 0.262397066898, 1.1210574433, 0, 0.008000
2, 163.751387108, 10.9945148619, 163.743578486, 10.9927749512, 0.000314315720289, 0.000251989098718, 0.421727526728, 0.000309743244026, 0.000244728066844, 0.331883769833, 58153.4531481, 58153.4534953, 3819.73366888, 1.34922180196, 27.9391409132, 3.87457868944, 2.12466799224, 0.399210808552, 0.0554468531259, 0.40389950935, 0.133380816725, 48.8601950941, 0.0222212826344, -0.017543461051, 0.135219183817, 1.15630618164, 0, 0.127000
3, 163.739840892, 10.9890647738, 163.730681202, 10.9847860592, 0.000142650924036, 0.000133924834643, 0.711617234268, 0.000142650923858, 0.000133924834317, 0.711617231456, 58153.4531481, 58153.4534953, 5458.54197958, 6.32024199163, 35.3941184615, 2.51478710277, 1.00066532717, 0.136376746353, 0.0147046411291, 0.148480398286, 0.0565265152163, 47.0904816727, 0.0230563835024, 0.370513951383, 0.0610478807389, 1.45419100724, 3, 0.021000
4, 163.73221967, 10.976197804, 163.708246817, 10.9741743892, 3.6224013098e-05, 3.41781625218e-05, 0.153390695682, 3.62240130768e-05, 3.41781624401e-05, 0.153390670031, 58153.4531481, 58153.4534953, 29980.8699246, 7.51247579874, 83.9604381944, 3.37886919976, 0.252368356497, 0.0262624571459, 0.00114730725126, 0.018332038084, 0.00768642982874, 62.492221033, 0.0173739416972, -0.613547306821, 0.0189982908076, 1.06887996518, 0, 0.065000
5, 163.759167518, 10.9705447351, 163.696244346, 10.9451974608, 0.000104782772685, 9.27213773766e-05, 0.622472113426, 0.000104784845988, 9.27240533597e-05, 0.622513156535, 58153.4531481, 58153.4534953, 681605.545204, 0.870465546305, 237.339093181, 25.3386284151, 0.726710203524, 0.119545015986, 0.00200175863113, 0.0359345499006, 0.00528897846646, 751.135663839, 0.00144545953152, 0.013055005932, 0.0054829414073, 1.4093219102, 0, 0.000000
6, 163.784821332, 10.9610572827, 163.765481174, 10.9554477796, 0.0001450803771, 0.000139760545975, 0.487906024897, 0.000147794553834, 0.000142818838675, 0.543365828271, 58153.4531481, 58153.4534953, 6655.99142056, 3.20966822698, 70.3736789131, 2.27728490161, 1.03088409792, 0.097161909738, 0.00487348864464, 0.112605316133, 0.0438877319065, 29.1059926371, 0.0373028406314, -0.725137908219, 0.0575989143219, 0.930502991386, 0, 0.068000
7, 163.710830261, 10.9294177095, 163.706466105, 10.9273969246, 0.000136276481047, 0.000128359907906, 0.710180020099, 0.000136275800139, 0.000128359282178, 0.710174802563, 58153.4531481, 58153.4534953, 823.336515433, 5.13582100087, 16.8390203031, 1.13481073427, 0.95641430041, 0.127420673359, 0.0286615198991, 0.223112777959, 0.116866667973, 8.83515952648, 0.122888126865, -0.456525138789, 0.169585700481, 1.09667934182, 0, 0.000000
8, 163.696349821, 10.9257972535, 163.692585191, 10.9241908405, 0.000213981535391, 0.000192129820711, 0.650931072321, 0.000213981534622, 0.000192129819733, 0.650931065726, 58153.4531481, 58153.4534953, 802.396204618, 6.36978071388, 14.3252473453, 1.4456378374, 1.48838237811, 0.237546946442, 0.0658998406447, 0.370664454882, 0.180053774453, 11.34710452, 0.0956839872976, 0.0548566710303, 0.203898963018, 1.15620192625, 0, 0.000000
9, 163.693909976, 10.8721041077, 163.684021106, 10.8703774179, 1.6655779188e-05, 1.57355020429e-05, 0.319543659353, 1.66557791652e-05, 1.57355020048e-05, 0.31954364746, 58153.4531481, 58153.4534953, 15057.6929574, 0.0841587451441, 35.0584296216, 1.48028267092, 0.116198846382, 0.0124244374035, 0.00129725466798, 0.084857471546, 0.00840187758926, 124.406340506, 0.00872733817542, 0.0387675551011, 0.0121143707494, 1.16971584163, 0, 0.992000
