\
\ strid, ra1, dec1, ra2, dec2, ra1_err, dec1_err, corr1, ra2_err, dec2_err, corr2, start_mjd, end_mjd, flux, bg, length, sigma, length_err, sigma_err, pa_err, bg_err, fit_mag_err, ap_snr, ap_mag_err, dmag, dmag_err, chi2, numfit, prob
\ null, deg, deg, deg, deg, deg, deg, null, deg, deg, null, days, days, dn, dn, pixels, pixels, pixels, pixels, deg, dn, mag, null, mag, mag, mag, null, null, null
\
1, 163.88586897, 11.6166369347, 163.882435547, 11.6108541201, 0.000260230818023, 0.000316606408812, 0.795808035249, 0.000224828422671, 0.000296673529104, 0.707877463196, 58153.4501852, 58153.4505324, 6217.91967089, -2.45828515283, 23.7845535538, 5.29808865748, 2.26378672624, 0.536703856121, 0.0847611495587, 0.860522899162, 0.173084733878, 101.113338942, 0.0107378137852, -0.0866600434513, 0.173417489736, 1.10079458622, 0, 0.036000
2, 163.749939927, 10.9951961054, 163.743014852, 10.9928545257, 0.000252801743298, 0.000207332178425, 0.533002831004, 0.000252810278658, 0.000207346015686, 0.533122007009, 58153.4501852, 58153.4505324, 4014.74441026, 1.01993720462, 25.5550392628, 3.64146701097, 1.73307456362, 0.321794491458, 0.0523243655897, 0.305519109263, 0.105539768815, 50.3187107055, 0.0215771864886, -0.000146505006978, 0.107722874907, 1.19840551422, 0, 0.066000
3, 163.73729814, 10.9901054383, 163.728511465, 10.9857176664, 0.000122515282483, 0.000113761779821, 0.729365293471, 0.000122515282336, 0.000113761779446, 0.72936529009, 58153.4501852, 58153.4505324, 7250.08672811, 5.24103476112, 34.396247929, 2.99435613068, 0.859348827645, 0.127426469658, 0.0145910861588, 0.11856890586, 0.0447412412606, 56.4181988528, 0.019244432237, 0.323121033242, 0.0487044848208, 1.54954187062, 0, 0.024000
4, 163.729799583, 10.9768309526, 163.7061099, 10.9748719665, 3.13303109123e-05, 2.97754331569e-05, 0.150684257203, 3.13303108879e-05, 2.97754330846e-05, 0.150684230451, 58153.4501852, 58153.4505324, 27578.1478555, 7.49255845555, 82.9534228326, 2.95020239884, 0.218795282302, 0.0214662435305, 0.000942644002559, 0.0168832109356, 0.00715356494937, 83.3444024639, 0.0130271040725, -0.247879568116, 0.014861996232, 1.1396072713, 0, 0.056000
5, 163.771614278, 10.9837129166, 163.729644936, 10.9738762027, 0.000305182767331, 0.00028255254998, 0.415514440209, 0.000305182767028, 0.000282552549208, 0.415514430935, 58153.4501852, 58153.4505324, 61620.326216, 6.86980423075, 150.556086512, 8.84451765158, 2.118876012, 0.264628726172, 0.00659041363681, 0.0554414274649, 0.030626764613, 347.264457058, 0.00312653996886, 1.53729525152, 0.0307859377449, 2.79725330113, 0, 0.003000
6, 163.732771191, 10.9790913754, 163.729154388, 10.9754038991, 0.000140791205796, 0.000143095884209, 0.87676766429, 0.000140791205915, 0.000143095884303, 0.876767664481, 58153.4501852, 58153.4505324, 1988.94733623, 10.9494302963, 18.1945531451, 2.13517339324, 1.04454369045, 0.174552052672, 0.0399270063778, 0.173050436037, 0.0883897587968, 5.01748474474, 0.2163905343, -1.18619700646, 0.233746899006, 0.984311390369, 0, 0.000000
7, 163.716721875, 10.9730334878, 163.722682345, 10.9738667399, 0.000179148045722, 0.000120073848386, 0.548484186782, 0.000171551884521, 0.000102862358385, 0.102249349045, 58153.4501852, 58153.4505324, 14814.947782, 8.28725743516, -21.0077998597, -4.88966591802, 1.19890362012, 0.19815663363, 0.048831720947, 0.466007697326, 0.0554933318728, 75.8091769902, 0.0143219626946, -0.116596878596, 0.0573116785461, 1.10816639591, 1, 0.071000
8, 163.691573978, 10.9768380162, 163.68032058, 10.9724051157, 0.000398985272367, 0.000356720693482, 0.660732322459, 0.000393186558146, 0.000349242747953, 0.630276654881, 58153.4501852, 58153.4505324, 6927.22573555, -2.85770406208, 42.3096566287, 4.25432414971, 2.84568644808, 0.348433539563, 0.0282900071895, 0.506048719704, 0.123584021612, 136.175073942, 0.00797309062025, -0.120698499608, 0.123840948687, 1.08109178582, 0, 0.010000
9, 163.782053117, 10.9643125844, 163.765192264, 10.9594673801, 0.000143268332445, 0.000136930999853, 0.508156878217, 0.000143268412283, 0.000136931093659, 0.508158648215, 58153.4501852, 58153.4505324, 6079.05000172, 3.2200288631, 61.3028252059, 2.38769570257, 1.0050989381, 0.10475571809, 0.00613667439984, 0.101666115807, 0.0449000650483, 14.0701591447, 0.0771658794754, -1.45377585816, 0.0892781540835, 0.954157374136, 1, 0.037000
10, 163.669121977, 10.9448088224, 163.655165318, 10.939767766, 0.000141897064157, 0.000135813733257, 0.610135783468, 0.000141897013689, 0.000135813674987, 0.610135010614, 58153.4501852, 58153.4505324, 5469.50555781, 1.70857464516, 51.8959335947, 2.20971491563, 0.997200180166, 0.10854455149, 0.00754048422298, 0.135297309289, 0.0506275195485, 62.813304552, 0.017285131112, 0.233675070942, 0.0534969297548, 1.16359817162, 0, 0.078000
11, 163.684401588, 10.9438638353, 163.679514399, 10.9422800134, 0.000107301011237, 9.9662404561e-05, 0.547690328869, 0.000107300883223, 9.9662293393e-05, 0.547688035127, 58153.4501852, 58153.4505324, 1106.49377017, 6.5343732414, 17.9597713152, 1.13967349692, 0.747192866134, 0.0967344167646, 0.0203145233498, 0.196414014384, 0.0876083993831, 16.7366589456, 0.0648717410257, 0.125660962285, 0.109011808655, 1.15770297639, 0, 0.000000
12, 163.67769524, 10.9422332726, 163.672264061, 10.9402735489, 0.000218362481322, 0.000206991813406, 0.604437292423, 0.000218364005931, 0.000206993675667, 0.604453515792, 58153.4501852, 58153.4505324, 587.775656812, 5.87716120567, 20.1926267545, 1.02614306872, 1.53013371707, 0.179691396367, 0.032738690169, 0.240146918172, 0.179667634414, 11.1977689238, 0.0969600473226, 0.216106220559, 0.204160989498, 1.18663497341, 0, 0.000000
13, 163.708714627, 10.9294055694, 163.704645315, 10.9274569009, 0.000138565175552, 0.000130801402536, 0.725155676413, 0.000138563117725, 0.000130799044791, 0.725136997073, 58153.4501852, 58153.4505324, 776.379442386, 6.0558328725, 15.800156618, 1.06999924938, 0.973633367119, 0.130011091327, 0.0311879262055, 0.256098874783, 0.126449916653, 12.074685509, 0.0899183837083, -0.00395093010203, 0.155160875063, 1.23203739714, 0, 0.000000
14, 163.688257953, 10.920920213, 163.66341417, 10.9153790699, 0.000404776532362, 0.000371767217708, 0.602303239269, 0.000368953228034, 0.000326841733805, 0.153886959417, 58153.4501852, 58153.4505324, 22116.8068034, 0.449859052032, 88.9128622257, 6.81771994099, 2.73113167811, 0.280634167844, 0.0112078299816, 0.180966616756, 0.0542136838694, 133.137248264, 0.00815501461025, -0.077673919841, 0.0548236060651, 1.1545848129, 0, 0.015000
15, 163.610406943, 10.8575895751, 163.600918003, 10.8558592594, 1.1890139134e-05, 1.1340895912e-05, 0.334614176346, 1.18901416362e-05, 1.13408961622e-05, 0.334614252756, 58153.4501852, 58153.4505324, 14911.2522271, 0.288907575417, 33.6898940243, 1.22122154689, 0.0832076579651, 0.00826859325491, 0.000891269442331, 0.0780404552691, 0.00671609324657, 122.745461571, 0.00884542850596, 0.034136032933, 0.0111061925947, 1.27786210667, 0, 0.938000
