\
\ strid, ra1, dec1, ra2, dec2, ra1_err, dec1_err, corr1, ra2_err, dec2_err, corr2, start_mjd, end_mjd, flux, bg, length, sigma, length_err, sigma_err, pa_err, bg_err, fit_mag_err, ap_snr, ap_mag_err, dmag, dmag_err, chi2, numfit, prob
\ null, deg, deg, deg, deg, deg, deg, null, deg, deg, null, days, days, dn, dn, pixels, pixels, pixels, pixels, deg, dn, mag, null, mag, mag, mag, null, null, null
\
1, 163.724690673, 10.9900090259, 163.72108698, 10.9888355971, 6.84556475484e-05, 5.7972785787e-05, 0.519904709732, 6.84556475097e-05, 5.79727853122e-05, 0.519904693194, 58153.4407986, 58153.4411458, 2902.92481441, 8.64711015601, 13.2468834885, 1.68603639147, 0.46855586776, 0.080130703474, 0.025877487685, 0.18349033822, 0.0510090525613, 50.2181492413, 0.0216203946414, 0.8185451645, 0.0554018493162, 1.26166752499, 0, 0.064000
2, 163.723005007, 10.9784543801, 163.699140664, 10.9765544025, 3.45028848694e-05, 3.26424940993e-05, 0.144291224319, 3.45028848536e-05, 3.26424940191e-05, 0.144291196251, 58153.4407986, 58153.4411458, 28155.1310851, 6.68751621901, 83.5399834961, 3.21147358736, 0.240585875696, 0.0244921213922, 0.00107274142362, 0.016771287484, 0.00752182974038, 74.8988081664, 0.0144960411432, -0.406106962098, 0.0163313542448, 1.25066575015, 0, 0.040000
3, 163.772165647, 10.962903729, 163.759252207, 10.9589339127, 0.000137363253511, 0.000128985659313, 0.529671094061, 0.000137363253312, 0.000128985658918, 0.52967108682, 58153.4407986, 58153.4411458, 5346.3156905, 3.97194628776, 47.2162303072, 2.55099844817, 0.958848744389, 0.115436712647, 0.00907417269091, 0.0871897161404, 0.046297684756, 10.1819045743, 0.106633901039, -1.55849148109, 0.116250868661, 1.27710988782, 0, 0.017000
4, 163.662155225, 10.9468309726, 163.653608431, 10.9436060854, 0.000970179702952, 0.000935129470153, 0.950046588225, 0.00205495645234, 0.00208246768153, 0.99741858918, 58153.4407986, 58153.4411458, 3336.44018372, 3.16529208723, 31.9511493451, 2.01393092873, 11.4984165569, 0.172240763086, 0.0215837514468, 0.404714533326, 0.385908907517, 37.3199448917, 0.0290926529476, -0.116343843623, 0.387003962972, 1.06442331351, 6, 0.090000
5, 163.660819601, 10.948535925, 163.64469949, 10.9426602821, 0.000118607828416, 0.000114596929392, 0.61930947341, 0.000118567252828, 0.00011455123211, 0.61859975278, 58153.4407986, 58153.4411458, 6567.33471747, 1.34811952414, 60.0033767367, 2.13223287033, 0.83547039186, 0.0832894071562, 0.00496364625701, 0.109693120083, 0.039753716921, 74.271857654, 0.0146184064739, 0.242491858099, 0.0423562960712, 1.19031670123, 0, 0.062000
6, 163.678110979, 10.9450142345, 163.672525557, 10.9435367626, 0.000103848676633, 9.51717098499e-05, 0.458568633351, 0.000103848675185, 9.51717086047e-05, 0.458568597214, 58153.4407986, 58153.4411458, 1479.48808479, 6.63238408171, 20.1856320393, 1.37211740488, 0.719539438925, 0.095882004247, 0.0180916991684, 0.14795427204, 0.0721705349225, 22.0729743723, 0.0491884866283, 0.31398908684, 0.0873389565302, 1.04976528152, 0, 0.000000
7, 163.71029706, 10.9424090986, 163.703402832, 10.9402722622, 0.000159938779682, 0.000154588290557, 0.543418257072, 0.000160055980755, 0.000154805587432, 0.546786478337, 58153.4407986, 58153.4411458, 684.274134354, 13.0262249378, 25.2280390498, 0.813458137689, 1.12637603098, 0.106829767687, 0.0150976443558, 0.211094226039, 0.131795962143, 22.8673708449, 0.0474797129989, 0.850092284177, 0.140087468332, 0.735593520878, 7, 0.000000
8, 163.7038711, 10.9326804816, 163.700604902, 10.9297666645, 9.98773772346e-05, 0.000100152625575, 0.93400000691, 9.99586072571e-05, 0.000100219746138, 0.934090901173, 58153.4407986, 58153.4411458, 646.472116975, 6.51056106113, 15.4001532767, 0.84906708213, 0.720102250104, 0.0872762735955, 0.0211326023698, 0.20447465289, 0.104873458454, 8.59239722258, 0.126360103779, -0.344052577991, 0.164211199725, 1.22788075237, 0, 0.000000
9, 163.708633199, 10.9324041569, 163.703786522, 10.9305401489, 0.000122312043013, 0.000116960641441, 0.637718077717, 0.000122255044789, 0.000116925068667, 0.637276494624, 58153.4407986, 58153.4411458, 587.922466535, 6.6555663588, 18.164490293, 0.841643633333, 0.859057451077, 0.0962769599604, 0.0194365162226, 0.171027701616, 0.115317872865, 11.333753857, 0.0957966988216, 0.139132593796, 0.149917374934, 1.19770906861, 0, 0.000000
10, 163.711621784, 10.9294806368, 163.704813109, 10.9274212821, 0.000134021856501, 0.000124122579823, 0.517205377382, 0.000134021856343, 0.000124122579415, 0.517205369447, 58153.4407986, 58153.4411458, 1787.0855741, 3.48834819626, 24.8620000812, 1.58056748595, 0.932096888481, 0.120846767386, 0.0183206585023, 0.15300700671, 0.0790502584651, 24.2448115185, 0.0447822085121, 0.0830641514859, 0.0908536711565, 1.26708804444, 0, 0.000000
11, 163.688713615, 10.9274351075, 163.683506726, 10.9251940573, 0.000162546851852, 0.000150385454483, 0.669668430643, 0.000162546849481, 0.000150385451524, 0.669668405196, 58153.4407986, 58153.4411458, 1478.22798999, 5.30131900555, 19.8397642451, 1.53506305894, 1.1362421922, 0.162376183054, 0.0311715197199, 0.304325175331, 0.113482296035, 17.8966099984, 0.0606671433784, -0.0267522463413, 0.128680743699, 1.21171919996, 0, 0.000000
12, 163.684000399, 10.9198366477, 163.661911998, 10.9149968052, 0.000265196907202, 0.000240473536194, 0.294299864433, 0.000275165426553, 0.000252958839018, 0.476170812432, 58153.4407986, 58153.4411458, 14140.4380626, 1.88658916022, 78.9815163099, 5.24221866321, 1.87719521497, 0.241476035105, 0.011194387413, 0.122358957898, 0.0509044983102, 78.7398217463, 0.0137889085939, 0.00010640266626, 0.0527389983639, 1.21871958436, 0, 0.012000
13, 163.346413281, 10.8120979595, 163.336947791, 10.8104240103, 1.14227830793e-05, 1.09012805313e-05, 0.323282767397, 1.14227786469e-05, 1.09012752278e-05, 0.323280388726, 58153.4407986, 58153.4411458, 14406.5247729, 0.878099762192, 33.584309694, 1.19875647321, 0.0799425329144, 0.00788003892374, 0.000852066249521, 0.0701958353973, 0.00650577262662, 119.777123925, 0.00906463746315, 0.0617960414901, 0.0111576310123, 1.59309244744, 0, 0.702000
