\
\ strid, ra1, dec1, ra2, dec2, ra1_err, dec1_err, corr1, ra2_err, dec2_err, corr2, start_mjd, end_mjd, flux, bg, length, sigma, length_err, sigma_err, pa_err, bg_err, fit_mag_err, ap_snr, ap_mag_err, dmag, dmag_err, chi2, numfit, prob
\ null, deg, deg, deg, deg, deg, deg, null, deg, deg, null, days, days, dn, dn, pixels, pixels, pixels, pixels, deg, dn, mag, null, mag, mag, mag, null, null, null
\
1, 154.884132887, 8.04662896969, 154.880908432, 8.04462960969, 4.87473752239e-05, 4.77700402295e-05, 0.687429389351, 6.96552445573e-05, 7.16485366996e-05, 0.933012357925, 58153.4116551, 58153.4120023, 244.876557166, 5.84383819116, 13.3891781031, 0.370024575525, 0.42946223188, 0.0408616229932, 0.0103892144337, 0.14909514149, 0.103884044626, 8.31935193492, 0.130507305527, 0.0473559515594, 0.166805430139, 1.08964111592, 4, 0.000000
2, 154.909974739, 8.0426526679, 154.906049129, 8.04157355338, 0.000123986128807, 0.000118549740313, 0.501733443649, 0.00012303631917, 0.000117162889853, 0.468326394531, 58153.4116551, 58153.4120023, 300.69503186, 6.0936968278, 14.340195091, 0.559962903718, 0.866487226881, 0.0841276263732, 0.0225465917104, 0.179792961368, 0.152612727461, 5.84961431038, 0.185608169556, -0.307329759918, 0.240293647833, 1.37404605582, 2, 0.000000
3, 155.006599737, 8.03465801087, 155.000549861, 8.03117576166, 0.000109605046673, 0.000111544483902, 0.802454936226, 0.000127809074148, 0.000126457558359, 0.873820358795, 58153.4116551, 58153.4120023, 284.386924361, 7.86588042138, 24.629975696, 0.418851734398, 0.848246901112, 0.0601586727858, 0.00875668468101, 0.119991003704, 0.139379251791, 5.6349679526, 0.192678328234, -0.143301165822, 0.237805622307, 1.17655266006, 0, 0.000000
4, 155.036984796, 8.0241255441, 155.033324073, 8.02261792451, 4.60451892423e-05, 4.33210955564e-05, 0.808969830489, 3.47879807e-05, 3.4026152874e-05, 0.472040020864, 58153.4116551, 58153.4120023, 203.934064124, 9.76991485117, 13.956007593, 0.326893179545, 0.283640769399, 0.0319945851846, 0.0085600206225, 0.090743377765, 0.0924799873755, 7.57569860564, 0.143318294626, 0.302913499125, 0.170565769249, 1.21651418655, 1, 0.000000
5, 155.116285337, 8.01774168355, 155.111826022, 8.02235749764, 0.00036323478287, 0.000359630753587, 0.934072490173, 0.000363234803551, 0.000359630771462, 0.934072497766, 58153.4116551, 58153.4120023, 479.768273058, 9.40207121366, 22.7166733281, 1.32684893502, 2.60503349044, 0.324566677701, 0.0534863170373, 0.161870797627, 0.250856597343, 4.90281643867, 0.221451530634, -0.0435119923333, 0.334618906893, 1.27150458183, 0, 0.000000
6, 155.119858212, 8.02150913091, 155.114397127, 8.01767567374, 0.000793566941049, 0.000750906796618, 0.794461853809, 0.000990117965431, 0.000987171463301, 0.907999263048, 58153.4116551, 58153.4120023, 671.621194279, 8.52462405445, 23.5628950495, 2.18127430071, 6.53247626547, 0.921737225958, 0.145804026368, 0.586747009611, 0.524299379975, 7.44332507496, 0.145867094857, -0.0590678258704, 0.544212319967, 1.28627880364, 0, 0.000000
7, 155.163206356, 8.01759247357, 155.158171147, 8.02169776087, 0.000453891970975, 0.000440355998805, 0.927590507584, 0.000453891493134, 0.000440355494614, 0.927590303909, 58153.4116551, 58153.4120023, 494.917388762, 7.40106361228, 22.9696040725, 1.2105290115, 3.22150239348, 0.387964617104, 0.061708023277, 0.344305211425, 0.335483824792, 6.52854482548, 0.166306004444, 0.0146818304007, 0.374442363804, 1.18442158958, 2, 0.000000
8, 155.315932981, 8.0179406438, 155.313829921, 8.02386272542, 6.47358223239e-05, 6.42666939106e-05, 0.558258979106, 6.75261292113e-05, 6.85228741619e-05, 0.636768971043, 58153.4116551, 58153.4120023, 274.404967698, 8.40467420458, 22.3227684499, 0.440607249114, 0.471407092353, 0.0332290839383, 0.00527691898462, 0.0559522330282, 0.0722196287028, 12.5096239092, 0.0867920740578, 0.868811559987, 0.112909427814, 1.20004754704, 2, 0.000000
9, 155.688189296, 8.02656059174, 155.684041848, 8.01914398841, 0.000184585668556, 0.000191472773151, 0.828434139752, 0.000184471171909, 0.000191361741215, 0.828013149994, 58153.4116551, 58153.4120023, 552.216164263, 8.59563671938, 30.1372550768, 0.861322769572, 1.34430057168, 0.119650736209, 0.0141968970901, 0.109778714448, 0.137247797998, 9.59013468044, 0.113213864136, 0.31647186972, 0.177916657702, 1.08732679755, 0, 0.000000
10, 154.970566646, 8.0189233127, 154.965640221, 8.01965861772, 0.000169431757454, 0.000161442945143, 0.377156612774, 0.000165728387581, 0.000156790462261, 0.205606348184, 58153.4116551, 58153.4120023, 213.450989565, 11.6114194219, 17.5416175344, 0.554507691248, 1.17109460106, 0.117048738895, 0.0222414169091, 0.124707011014, 0.200067611608, 5.38144101983, 0.201755663726, 0.352648336362, 0.284134470032, 1.25245397915, 2, 0.000000
11, 155.694249179, 8.02616985589, 155.690606256, 8.01827083969, 0.000204064439673, 0.000210812059508, 0.749765447249, 0.000204536983564, 0.000211719619069, 0.751739274912, 58153.4116551, 58153.4120023, 411.504678772, 9.14388524306, 30.8689947164, 0.589498341108, 1.48275643197, 0.108785701909, 0.0124834172375, 0.190077687021, 0.182154681329, 6.05466053912, 0.179322391031, -0.118156544059, 0.255610735016, 1.32796195404, 7, 0.000000
12, 155.335326791, 8.01439351203, 155.333427354, 8.01903253939, 0.000104336584161, 0.000104544883792, 0.947802403247, 5.74656157097e-05, 5.98877742436e-05, 0.144148829686, 58153.4116551, 58153.4120023, 319.997348449, 8.14962720829, 17.8011808972, 0.309874195671, 0.606055677249, 0.0300494092489, 0.00612058955284, 0.142356505033, 0.0942584864188, 12.5397635706, 0.0865834669564, 0.422249817675, 0.127989683225, 1.58602358521, 3, 0.000000
13, 155.163285557, 8.01438224554, 155.158368406, 8.01542962207, 0.00013304123368, 0.000128426668606, 0.522692421132, 0.000127647017469, 0.000120717691834, 0.280563234009, 58153.4116551, 58153.4120023, 269.531637357, 9.52622598549, 17.7121142104, 0.521018207299, 0.911530043006, 0.0857001586505, 0.0169412739632, 0.151116134392, 0.159733030536, 8.01253655106, 0.135504680427, 0.4294743617, 0.209466368331, 1.08820148015, 8, 0.000000
14, 155.284146875, 8.01324413586, 155.283934177, 8.01973417449, 0.000472234180141, 0.000527442069888, 0.046680024276, 0.000472234183478, 0.000527442070202, 0.0466802183832, 58153.4116551, 58153.4120023, 627.769274812, 8.26233271295, 23.0856840774, 1.57338547592, 3.62460205636, 0.492688870559, 0.0795190507216, 0.354749695548, 0.336378682415, 7.39053945919, 0.14690892468, 0.0876993020283, 0.367059736465, 1.35892768167, 1, 0.000000
15, 155.153294277, 8.01491422412, 155.145921912, 8.01388423421, 7.89605003257e-05, 7.70654299664e-05, 0.326985865339, 7.710483541e-05, 7.52882122673e-05, 0.173419162893, 58153.4116551, 58153.4120023, 612.342320946, 8.17990755561, 26.2148476039, 0.552445620241, 0.550542074577, 0.041796072269, 0.00542113501953, 0.0834943840671, 0.0721333816348, 17.4414840686, 0.0622502191033, 0.593028048381, 0.0952801895699, 1.38073036366, 1, 0.000000
16, 155.701894772, 8.01573842504, 155.698895266, 8.02140472863, 0.000288324390907, 0.000297748188841, 0.771432058165, 0.000288327057968, 0.000297751084459, 0.771439723616, 58153.4116551, 58153.4120023, 612.911095177, 8.3168647788, 22.7598831653, 1.12112697547, 2.10882744447, 0.245636088877, 0.0393166344846, 0.303156823764, 0.227478105473, 7.58709299698, 0.143103057415, -0.0313792527572, 0.268746671628, 1.32046722636, 0, 0.000000
17, 155.234844852, 8.0147521966, 155.229560267, 8.01726588833, 0.000310225850443, 0.000285734127181, 0.731236813547, 0.000310225270471, 0.000285733452925, 0.731234407809, 58153.4116551, 58153.4120023, 839.562058011, 7.73958820157, 20.6481932014, 1.46866598606, 2.15976989275, 0.296669673201, 0.0543139701485, 0.311912222614, 0.214095051546, 11.2632320833, 0.0963965047273, 0.171755830611, 0.234795607328, 1.34650020512, 6, 0.000000
18, 155.296057952, 8.01417816095, 155.291068279, 8.01666453523, 0.000253858235517, 0.000237317517264, 0.761079381114, 0.000253857872151, 0.000237317157213, 0.761078035959, 58153.4116551, 58153.4120023, 736.084104424, 8.49563700584, 19.6746777762, 1.16067302572, 1.77268637009, 0.223758041172, 0.042225916765, 0.336050800598, 0.201156696513, 12.8907124665, 0.0842262371129, 0.396584832902, 0.218078140973, 1.32939590132, 2, 0.000000
19, 155.641296555, 8.01997759114, 155.636835915, 8.01810156969, 0.00048009224552, 0.000371890407965, 0.611489482047, 0.000479024373302, 0.00036996327682, 0.605336283109, 58153.4116551, 58153.4120023, 1470.43918001, 5.769459685, 17.0689179852, 3.31019751034, 3.33512340426, 0.678298213314, 0.178628794547, 0.471846150999, 0.260765578214, 16.204606307, 0.0670017021204, -0.00686365052291, 0.269235797896, 1.37879076661, 6, 0.000000
