\
\ strid, ra1, dec1, ra2, dec2, ra1_err, dec1_err, corr1, ra2_err, dec2_err, corr2, start_mjd, end_mjd, flux, bg, length, sigma, length_err, sigma_err, pa_err, bg_err, fit_mag_err, ap_snr, ap_mag_err, dmag, dmag_err, chi2, numfit, prob
\ null, deg, deg, deg, deg, deg, deg, null, deg, deg, null, days, days, dn, dn, pixels, pixels, pixels, pixels, deg, dn, mag, null, mag, mag, mag, null, null, null
\
1, 163.729611492, 10.9755552159, 163.705836471, 10.973562394, 3.49095426531e-05, 3.31965028462e-05, 0.152896808983, 3.49095426256e-05, 3.31965027643e-05, 0.152896782155, 58153.4472222, 58153.4475694, 26889.1547479, 7.8886821421, 83.2564509417, 2.92906857414, 0.243841726353, 0.0238119595399, 0.00104066584818, 0.0199944212216, 0.00799755917661, 74.8038532242, 0.0145144422107, -0.338684717545, 0.0165719638387, 1.12861813268, 0, 0.052000
2, 163.716769271, 10.9620563933, 163.711288605, 10.9639081219, 9.78344335556e-05, 9.26274370268e-05, 0.597836610373, 9.77169427114e-05, 9.25163982614e-05, 0.59552701397, 58153.4472222, 58153.4475694, 620.307356227, 13.31452272, 20.2250471999, 0.808775804638, 0.682446349637, 0.0711621557218, 0.0128035790699, 0.0971929470299, 0.0872139414176, 19.6020802289, 0.0553888256798, 0.803377690837, 0.103315989023, 0.644742738157, 0, 0.000000
3, 163.780175349, 10.9622672213, 163.761602059, 10.9564635893, 0.000162377276816, 0.000155334739267, 0.545100627704, 0.000162404156988, 0.000155365579711, 0.545552352905, 58153.4472222, 58153.4475694, 7152.623618, 2.75013409145, 68.0099232938, 2.67189084281, 1.14033661816, 0.120147747516, 0.00629781295711, 0.114248283952, 0.0466672808618, 30.8560864693, 0.0351871001476, -0.706682920329, 0.0584462755001, 0.934613440913, 0, 0.043000
4, 163.666945584, 10.9456113252, 163.653320072, 10.9404345136, 0.000131783396846, 0.00012592766612, 0.632019819674, 0.000131783396609, 0.000125927665792, 0.632019815314, 58153.4472222, 58153.4475694, 6024.19691857, 1.35778502334, 50.9830703857, 2.3357145189, 0.925853618165, 0.103788633523, 0.00741669705214, 0.114974187026, 0.045523702589, 69.9588271246, 0.0155196456171, 0.26967244306, 0.0480964333136, 1.23574457529, 0, 0.039000
5, 163.683299648, 10.9443431973, 163.676320715, 10.9424190173, 9.87510824539e-05, 9.35868778082e-05, 0.486433517374, 9.87512012516e-05, 9.35869533941e-05, 0.486435616707, 58153.4472222, 58153.4475694, 1441.57214407, 6.76974246239, 25.2952748416, 1.14517784432, 0.690605942566, 0.0764452737284, 0.0110902681521, 0.130224824524, 0.0673414410715, 18.4449300623, 0.0588636661181, 0.0727599840828, 0.0894416059474, 1.15530242775, 0, 0.000000
6, 163.734005944, 10.9350923617, 163.724526351, 10.9322635401, 0.000756863191774, 0.000753296044029, 0.954343545851, 0.000477002516685, 0.000434867843246, 0.623709777042, 58153.4472222, 58153.4475694, 3377.87558967, 1.62846511382, 34.5738653627, 2.56304403772, 4.51647054741, 0.250975702277, 0.0276646663357, 0.37080062619, 0.162950576563, 41.9220075959, 0.0258989553941, -0.097105376075, 0.164995897806, 1.11002295427, 0, 0.117000
7, 163.708106966, 10.9303813552, 163.702539986, 10.9274349718, 0.000134611202577, 0.000130019704563, 0.782832270631, 0.000134611816852, 0.000130020173871, 0.782834881538, 58153.4472222, 58153.4475694, 927.389186635, 7.28603508755, 22.0695437803, 1.13799676392, 0.951524721071, 0.111912094807, 0.0187941822957, 0.143330662956, 0.099876988943, 4.60934658162, 0.23555100176, -1.07327686241, 0.255850908441, 1.18614400848, 0, 0.000000
8, 163.714522643, 10.9288848335, 163.708071144, 10.926904588, 0.000214480766001, 0.000193197655082, 0.515301744587, 0.000214481143879, 0.000193198148925, 0.515307481357, 58153.4472222, 58153.4475694, 1785.66161507, 4.35651603464, 23.5880444646, 1.91727736677, 1.48422699393, 0.21787156752, 0.0351596898646, 0.294862456369, 0.123846702067, 20.9326192256, 0.0518681486084, 0.0222919988724, 0.134269544026, 1.24315765561, 0, 0.000000
9, 163.700704735, 10.9261709388, 163.693059307, 10.9209792482, 0.000391346931279, 0.000391351135022, 0.926867025618, 0.000299414017064, 0.000287058955903, 0.801362461553, 58153.4472222, 58153.4475694, 2098.43652247, 2.88417410873, 32.4397930459, 2.1513358395, 2.52168001957, 0.302224474596, 0.0324812733326, 0.505984399123, 0.173714748247, 29.9079784103, 0.0363025608037, -0.0366519308013, 0.177467432729, 1.21346064922, 0, 0.004000
10, 163.686195352, 10.9199788874, 163.669649057, 10.9153368403, 0.000187201322717, 0.000174035882131, 0.427776688627, 0.000194028743057, 0.00018219917562, 0.548437427651, 58153.4472222, 58153.4475694, 8998.99584746, 2.60987813078, 60.0548093606, 3.31051799448, 1.33225410398, 0.159201376879, 0.00958523071084, 0.159745248975, 0.0518586020725, 66.1002508596, 0.0164255988538, 0.07678918575, 0.0543977472568, 1.18926207067, 0, 0.053000
11, 163.527006782, 10.8430730319, 163.517075995, 10.8413491638, 1.09630089451e-05, 1.05163503759e-05, 0.319846463008, 1.09630384736e-05, 1.05163635791e-05, 0.319852509637, 58153.4472222, 58153.4475694, 14742.0375533, 0.578620443206, 35.2074894505, 1.128978518, 0.076852859001, 0.00720042498459, 0.000738296145664, 0.072043798459, 0.00629092869916, 122.747673837, 0.00884526908588, 0.0647216977129, 0.0108542419864, 1.0227688977, 0, 0.988000
