\
\ strid, ra1, dec1, ra2, dec2, ra1_err, dec1_err, corr1, ra2_err, dec2_err, corr2, start_mjd, end_mjd, flux, bg, length, sigma, length_err, sigma_err, pa_err, bg_err, fit_mag_err, ap_snr, ap_mag_err, dmag, dmag_err, chi2, numfit, prob
\ null, deg, deg, deg, deg, deg, deg, null, deg, deg, null, days, days, dn, dn, pixels, pixels, pixels, pixels, deg, dn, mag, null, mag, mag, mag, null, null, null
\
1, 195.712318957, 41.4388766689, 195.7016074, 41.4444515373, 0.00082978306373, 0.000865639871158, 0.878024184273, 0.000817288353851, 0.000850913446946, 0.870291506279, 58170.4459954, 58170.4463426, 265.600900271, 10.1001440284, 34.745562133, 1.12618589258, 6.02411927399, 0.572991780213, 0.0583639260961, 0.21066766835, 0.520866105057, 2.61142778526, 0.415763442086, -0.11037066442, 0.666453853746, 1.14765158874, 7, 0.000000
2, 195.731922508, 41.4355368841, 195.729071734, 41.4431000526, 0.000947319804828, 0.00112488604133, 0.52493669626, 0.00094732023538, 0.00112488644374, 0.524937724388, 58170.4459954, 58170.4463426, 637.1875248, 11.1085162497, 27.9331966268, 2.758377124, 7.60950458602, 1.20911667106, 0.170502824382, 0.22828722643, 0.483573145741, 4.43368383192, 0.244883542877, 0.147936502997, 0.542043297951, 1.36349902916, 1, 0.000000
3, 195.404538048, 40.8538416506, 195.401899523, 40.8499942249, 0.000124127555098, 0.000127790652729, 0.711500178399, 0.000124127637584, 0.000127790760777, 0.711500800462, 58170.4459954, 58170.4463426, 289.552610314, 9.15287326662, 15.4099749579, -1.22486731261, 0.913242132139, 0.13011713174, 0.0328690128879, 0.0601958791577, 0.110561395031, 2.87344763517, 0.377851397558, -0.271641139731, 0.393694679552, 1.22895487294, 1, 0.000000
4, 195.393434361, 40.8366950221, 195.382076815, 40.8428399477, 0.000552484139398, 0.000557376141714, 0.53769369752, 0.00120804764089, 0.00130024878307, 0.982582329625, 58170.4459954, 58170.4463426, 454.239327359, 11.1576829568, 37.5486164534, 1.06380507654, 6.94783447664, 0.327424777787, 0.0312117141901, 0.239769964846, 0.35111436151, 5.10399101845, 0.21272298498, 0.034192297626, 0.410526933583, 1.31293095195, 7, 0.000000
5, 195.38146629, 40.8397519253, 195.375326732, 40.8413111978, 0.00013127732284, 0.00012892096793, 0.522547528237, 0.000131359840542, 0.000128766440144, 0.519552131855, 58170.4459954, 58170.4463426, 321.534593676, 8.12731298263, 17.4169412104, 0.76376110982, 0.933368552306, 0.101195045175, 0.0213687499574, 0.0998001413501, 0.132486868011, 3.88918810024, 0.279167830605, -0.427432842356, 0.309010433222, 1.1839897967, 0, 0.000000
6, 195.372430812, 40.8166255689, 195.372272219, 40.8204967644, 0.000723046240189, 0.00115089510447, 0.0679121511548, 0.000724374654089, 0.00115320154617, 0.105002236924, 58170.4459954, 58170.4463426, 427.523347359, 10.7500202855, 13.7683072051, 3.00696032565, 7.64893527381, 1.57922078745, 0.533531752921, 0.497408485337, 0.687443490886, 4.48773038905, 0.241934365622, -0.0136412538295, 0.728773483622, 1.21382549339, 7, 0.000000
7, 195.373881834, 40.8039876049, 195.371337733, 40.7991048108, 0.000123665378896, 0.000118909642365, 0.642752928979, 0.000120200627996, 0.000120079917305, 0.584471058364, 58170.4459954, 58170.4463426, 275.213524773, 8.18031702185, 18.6624074245, 0.456790908283, 0.857713277151, 0.0729099806215, 0.0140988729716, 0.220745938456, 0.157389896764, 5.73973685319, 0.189161320898, -0.130930455969, 0.246076380271, 1.25896937123, 0, 0.000000
8, 195.389525312, 40.7941971035, 195.376010304, 40.7862886432, 0.000343373700065, 0.000318902914891, 0.962891902345, 0.00034250367567, 0.000318098923662, 0.962620375403, 58170.4459954, 58170.4463426, 533.805745112, 9.62065206805, 45.985892362, 0.848396692944, 2.36224141304, 0.172115201637, 0.0130157366795, 0.160995953279, 0.203301870031, 5.31705786689, 0.204198681289, -0.166021135439, 0.288147100972, 1.25779642447, 2, 0.000000
9, 195.404923462, 40.7798243213, 195.402907378, 40.7752917037, 0.000309220979229, 0.000327219975142, 0.511679994621, 0.000309220976752, 0.000327220006958, 0.511679961104, 58170.4459954, 58170.4463426, 416.799265855, 7.61735075326, 17.0053659556, 1.16564433327, 2.3040045546, 0.312947398849, 0.0688590170979, 0.349044381477, 0.286650826595, 3.97338533367, 0.273252180089, -0.483287714485, 0.396024557712, 1.25465028317, 4, 0.000000
