\
\ strid, ra1, dec1, ra2, dec2, ra1_err, dec1_err, corr1, ra2_err, dec2_err, corr2, start_mjd, end_mjd, flux, bg, length, sigma, length_err, sigma_err, pa_err, bg_err, fit_mag_err, ap_snr, ap_mag_err, dmag, dmag_err, chi2, numfit, prob
\ null, deg, deg, deg, deg, deg, deg, null, deg, deg, null, days, days, dn, dn, pixels, pixels, pixels, pixels, deg, dn, mag, null, mag, mag, mag, null, null, null
\
1, 253.524873374, 22.629624563, 253.522410051, 22.6278654026, 8.97775079431e-05, 8.6984814334e-05, 0.902609377626, 0.000101193596271, 9.64017181005e-05, 0.923263348779, 58158.4697338, 58158.470081, 534.79493746, -0.950856350245, 10.2198932495, 0.529503485558, 0.672978883402, 0.0866373045764, 0.0299842236081, 0.484827554, 0.159794448069, 12.3955963787, 0.0875904774236, -0.825377793572, 0.182226116045, 18.4206422758, 0, 0.000000
2, 253.212929795, 22.4853348605, 253.208977969, 22.4865633163, 1.8729425094e-05, 1.84196732277e-05, 0.503940280272, 2.0271058842e-05, 1.95425726129e-05, 0.624565983021, 58158.4697338, 58158.470081, 2888.99940273, 1.02494963036, 13.6920223976, 0.485183838912, 0.137288891173, 0.0137564926833, 0.00354274711641, 0.342916126949, 0.0271582475259, 56.0969376249, 0.0193546430648, 0.150610218843, 0.0333492521182, 11.8978538353, 0, 0.002000
3, 253.518561833, 22.3866072129, 253.519354802, 22.3903334669, 0.000320680387993, 0.000334619960668, 0.353435133342, 0.000318664699342, 0.000329301920043, 0.3264999582, 58158.4697338, 58158.470081, 239.696252713, -2.6437558767, 13.4975328181, 0.509187113744, 2.33099755756, 0.232498772943, 0.0567086146607, 0.358292979163, 0.430626409011, 38.1000632556, 0.0284969659361, 0.47838762636, 0.431568281046, 1.42101982336, 2, 0.000000
4, 253.022638747, 21.9958573924, 253.017460252, 22.0004125907, 0.00394015385813, 0.00399670018864, 0.999970931931, 0.000464614374903, 0.000468933806754, 0.842935293611, 58158.4697338, 58158.470081, 318.766561252, -0.781310082783, 23.5190850822, 0.151986551269, 20.0962608913, 0.0147880358242, 0.00279520035721, 0.120550553492, 0.878715770922, 13.1342039601, 0.0826647894351, -0.421767642453, 0.882595532211, 1.00005717336, 6, 0.000000
5, 252.652431592, 21.9458260517, 252.648646871, 21.9508437999, 0.000201518733355, 0.0002072898251, 0.904251365598, 0.000211694931252, 0.000218044145372, 0.918280336247, 58158.4697338, 58158.470081, 215.703741946, -2.10878556081, 21.7636022972, 0.639827048707, 1.4987034575, 0.136230625307, 0.0223874270524, 0.12986550498, 0.210901538363, 20.9467498681, 0.0518331584419, 0.60980742576, 0.217177658146, 0.872467563582, 7, 0.000000
6, 252.653060371, 21.9420749921, 252.64824181, 21.9516948485, 0.000848414746942, 0.000875971200755, 0.743307955544, 0.000861774494875, 0.000889181077622, 0.760257540149, 58158.4697338, 58158.470081, 309.173083801, -2.05372363509, 37.698096936, 0.803097250515, 6.20456923267, 0.479069571724, 0.0444786088038, 0.323766826135, 0.595580865397, 19.2028212178, 0.0565404526993, 0.548297595362, 0.598258631378, 0.802406110862, 2, 0.000000
