\
\ strid, ra1, dec1, ra2, dec2, ra1_err, dec1_err, corr1, ra2_err, dec2_err, corr2, start_mjd, end_mjd, flux, bg, length, sigma, length_err, sigma_err, pa_err, bg_err, fit_mag_err, ap_snr, ap_mag_err, dmag, dmag_err, chi2, numfit, prob
\ null, deg, deg, deg, deg, deg, deg, null, deg, deg, null, days, days, dn, dn, pixels, pixels, pixels, pixels, deg, dn, mag, null, mag, mag, mag, null, null, null
\
1, 163.752306387, 10.995597547, 163.7429731, 10.9882530498, 0.00045475474182, 0.000400470967287, 0.826614826318, 0.000594619274804, 0.000543814129886, 0.908449949198, 58153.4541319, 58153.4544791, 10560.9067996, -1.07710678756, 41.7341309567, 8.24992378984, 4.11898500668, 0.975166751248, 0.0756801755147, 0.83695326932, 0.231795349359, 105.493979514, 0.010291925755, -0.210716111523, 0.232023722322, 1.18659183992, 0, 0.021000
2, 163.732334548, 10.9767138005, 163.708652487, 10.9748168416, 3.20569351969e-05, 3.0306156057e-05, 0.145337651173, 3.20569351818e-05, 3.03061559849e-05, 0.145337624216, 58153.4541319, 58153.4544791, 30004.0748627, 7.20469650315, 82.9055794738, -3.22577963011, 0.223473082959, 0.0228785688922, 0.00101053568958, 0.0165305714348, 0.006997808828, 81.2970721656, 0.0133551698214, -0.336315520989, 0.0150774629614, 1.14357998878, 0, 0.242000
3, 163.764458177, 10.9883399152, 163.756060743, 10.9852073584, 0.000570760659995, 0.00055727950457, 0.838473386168, 0.000434677115815, 0.000401588696214, 0.255838112628, 58153.4541319, 58153.4544791, 1649.58001567, 3.50213661143, 31.3428847345, 1.74934848143, 3.61158619997, 0.321014868232, 0.03632839061, 0.557915836823, 0.221828871973, 23.3651811765, 0.0464681269346, -0.0495855813017, 0.226643630534, 1.33991209574, 1, 0.000000
4, 163.758467129, 10.9654466734, 163.708225007, 10.9459207496, 9.07072019072e-05, 8.06878280462e-05, 0.584738849361, 9.28769536033e-05, 8.35497995677e-05, 0.638055274602, 58153.4541319, 58153.4544791, 473642.662749, 3.26922816894, 188.549540826, 18.6849243351, 0.638048025243, 0.0995492300376, 0.00207637592037, 0.0460154956566, 0.00591226643807, 571.864715299, 0.00189858925671, 0.0995955458508, 0.00620963248513, 1.51536796583, 0, 0.003000
5, 163.782048412, 10.9611221338, 163.76805894, 10.9566182604, 0.000148739477487, 0.000140936808389, 0.554424787803, 0.000148739478828, 0.000140936809898, 0.554424810839, 58153.4541319, 58153.4544791, 5578.75651131, 3.0179549867, 51.3718638598, 2.42719739917, 1.04173498655, 0.119283576828, 0.00841120391861, 0.132857086234, 0.0511348242456, 28.1304155474, 0.0385965220786, -0.619836002546, 0.0640660734492, 0.982567765459, 0, 0.033000
6, 163.674809659, 10.9436371718, 163.660960245, 10.9387629088, 0.000185220345683, 0.000174823104451, 0.0687768412842, 0.000276937525163, 0.000275854719823, 0.900563760537, 58153.4541319, 58153.4544791, 5460.10738277, 1.9452508572, 51.3396380875, 2.10774736101, 1.67841277681, 0.107207890939, 0.00760005647725, 0.160622396703, 0.0581148063437, 58.196880615, 0.0186562611825, 0.102406164282, 0.0610359467665, 1.13050076846, 0, 0.173000
7, 163.666951212, 10.9432860302, 163.658189137, 10.9400679239, 0.000317190018604, 0.000310383361956, 0.862418669743, 0.000230672504849, 0.000210626211111, 0.136940456275, 58153.4541319, 58153.4544791, 3218.15401891, 2.94619388144, 32.6450922474, 1.99316851658, 1.97346780076, 0.179040510758, 0.0195851770057, 0.461429340947, 0.111210397843, 39.8427018302, 0.0272505667257, -0.0422389714365, 0.114500419106, 1.05839089906, 0, 0.262000
8, 163.743390064, 10.9343947114, 163.732418461, 10.9313640771, 0.00024616585671, 0.000230475646835, 0.546800106428, 0.000237476262183, 0.000220113839433, 0.423839865181, 58153.4541319, 58153.4544791, 4065.77396957, 2.14454624954, 39.7732215354, 2.29397029247, 1.70106551155, 0.185849070932, 0.0164832606593, 0.352608731114, 0.0937204487504, 46.3159461907, 0.023441952374, -0.0408374440162, 0.0966076997194, 1.10872899337, 1, 0.107000
9, 163.69204824, 10.9199870866, 163.6837265, 10.9168833412, 0.000375876468177, 0.000335032815388, 0.297063134543, 0.000618648058491, 0.000614995350436, 0.941088235364, 58153.4541319, 58153.4544791, 2905.62005516, 4.202960507, 31.0658751185, 2.46212196447, 3.6627002406, 0.261480177953, 0.0328695201813, 0.343932419882, 0.154571329358, 28.0417823696, 0.038718516193, -0.0885132980957, 0.159346852356, 1.2015504823, 1, 0.001000
10, 163.691299306, 10.9203711121, 163.666548142, 10.9153418552, 0.00114251376705, 0.00112595007578, 0.936100046511, 0.000834668492782, 0.000774561529809, 0.724224827912, 58153.4541319, 58153.4544791, 18962.6149543, 0.403987470996, 88.2074274408, 5.80381889632, 7.13245784416, 0.257702145915, 0.0108329211327, 0.194155985587, 0.0942978971392, 120.329397951, 0.00902303363304, -0.143143432689, 0.0947286046599, 1.14100597236, 0, 0.012000
11, 163.722089871, 10.8766233579, 163.712189614, 10.8748596495, 1.4418011112e-05, 1.37132212071e-05, 0.327382131697, 1.44180112971e-05, 1.37132212279e-05, 0.327382137373, 58153.4541319, 58153.4544791, 14921.4553554, -0.0799425355539, 35.1184754978, 1.33221217909, 0.100802929419, 0.0102442348354, 0.00106103443605, 0.0832994608169, 0.00765628899269, 122.745321873, 0.00884543857303, 0.00275823683132, 0.0116987411583, 1.18990929394, 0, 0.989000
