\
\ strid, ra1, dec1, ra2, dec2, ra1_err, dec1_err, corr1, ra2_err, dec2_err, corr2, start_mjd, end_mjd, flux, bg, length, sigma, length_err, sigma_err, pa_err, bg_err, fit_mag_err, ap_snr, ap_mag_err, dmag, dmag_err, chi2, numfit, prob
\ null, deg, deg, deg, deg, deg, deg, null, deg, deg, null, days, days, dn, dn, pixels, pixels, pixels, pixels, deg, dn, mag, null, mag, mag, mag, null, null, null
\
1, 70.3971647286, 45.7287723847, 70.3838769983, 45.7045940416, 0.000206219092457, 0.000201146285258, 0.747787385205, 0.000444430416692, 0.00046685430226, 0.990751844929, 58099.1424074, 58099.1427546, 5286.2125951, 0.405117804855, 92.0979811302, 1.4864331298, 2.51459863075, 0.0384144084968, 0.00148386478204, 0.0483625098211, 0.0371010379465, 64.6937946213, 0.01678269471, -0.0464086788888, 0.0407203371601, 1.05638947458, 2, 0.042000
2, 70.3918780312, 45.7164418956, 70.3824488262, 45.6994271627, 0.000228403650913, 0.000241085546108, 0.734938288483, 0.000217453664283, 0.000229266697804, 0.663305275955, 58099.1424074, 58099.1427546, 3748.3499108, -0.139456353756, 64.8813352969, 1.41562701516, 1.65121869214, 0.0520087193844, 0.00285502933288, 0.095489582007, 0.0433779999258, 61.8852041186, 0.0175443584653, -0.0471182968881, 0.04679161668, 1.15597211938, 1, 0.019000
3, 70.3910432361, 45.7153098756, 70.3679183941, 45.6739972291, 0.000112331346807, 0.000116627949807, 0.57136722067, 0.000132083362245, 0.000138288299604, 0.80771304137, 58099.1424074, 58099.1427546, 9319.86389033, -0.168462033813, 157.743971216, 1.45004014648, 0.895178038644, 0.021082391245, 0.000467592267932, 0.0236268729832, 0.0148737869904, 100.637115566, 0.0107886260318, 0.00667124288299, 0.018374547371, 1.19266005296, 1, 0.013000
4, 70.3772994277, 45.692262605, 70.3633776392, 45.6670347346, 0.000247789788904, 0.000249720796594, 0.215625867146, 0.00045804262766, 0.000482114256315, 0.961373434745, 58099.1424074, 58099.1427546, 5861.09996731, -0.215673349093, 96.1495924987, 1.45160002181, 2.68862411529, 0.0351904292115, 0.00130545881369, 0.0532431666591, 0.0366731877537, 81.0570962402, 0.0133947088549, 0.0232305971283, 0.0390428088811, 1.22446858121, 0, 0.202000
5, 70.3691227488, 45.677064271, 70.3598275547, 45.6607326731, 0.000235944549438, 0.000249097896156, 0.880987075162, 0.000169041917157, 0.000176953451962, 0.385860804905, 58099.1424074, 58099.1427546, 3744.85161696, -0.271960988082, 62.5001304856, 1.37469386918, 1.51522885282, 0.0511707657456, 0.00290593665238, 0.103712888337, 0.0431695163461, 64.5601243839, 0.0168174428894, -0.0114764417822, 0.0463296182468, 1.19763856442, 0, 0.272000
6, 70.3596236216, 45.6589232463, 70.3535532223, 45.6477016447, 0.00146151271449, 0.00155924328575, 0.830922426336, 0.00115951459193, 0.00123572589942, 0.470545264939, 58099.1424074, 58099.1427546, 2315.77871358, 0.00564327231548, 42.6610893009, 1.47347948226, 9.9090474127, 0.198650401618, 0.0174003479907, 0.424487254185, 0.269848804545, 51.5279067476, 0.0210708385667, 0.150841263689, 0.270670200709, 5.76834984926, 1, 0.024000
7, 70.3533920847, 45.6478393708, 70.3423302685, 45.6275600957, 0.000452371523476, 0.000476737018526, 0.702544093079, 0.000446865961093, 0.000470789072494, 0.684184594123, 58099.1424074, 58099.1427546, 4652.74852169, -0.149841143518, 77.1773208925, 1.57842163515, 3.32132893318, 0.128993094267, 0.00589956642715, 0.189789434739, 0.089383386736, 61.0084228469, 0.0177964968457, -0.352820738935, 0.0911378358552, 2.89972781254, 1, 0.149000
8, 70.3408290877, 45.6235572071, 70.2961423424, 45.5432502253, 4.54558685473e-05, 4.73126618528e-05, 0.717181958666, 4.48691702279e-05, 4.66674862733e-05, 0.698463045725, 58099.1424074, 58099.1427546, 20022.3485634, -0.15819728985, 306.429636614, 1.51713236136, 0.32813289534, 0.0105038251552, 0.000118929684863, 0.0085677867165, 0.00663430394132, 147.294601615, 0.00737118803304, 0.0123888612092, 0.00991707627299, 1.08595417135, 3, 0.054000
9, 70.2821874301, 45.5203210165, 70.2632753677, 45.4861604324, 9.80204484597e-05, 0.000101973718854, 0.498421210518, 0.00012268290561, 0.000128836415397, 0.834521600904, 58099.1424074, 58099.1427546, 8348.72369612, -0.209111848417, 130.272212897, 1.67758081827, 0.81233595275, 0.0318839244794, 0.000854338040359, 0.0342101087026, 0.0191572980034, 97.039933404, 0.0111885505964, 0.0191723646573, 0.0221852593232, 1.23948015845, 1, 0.023000
10, 70.2695818673, 45.4984914461, 70.2629369385, 45.4861933384, 0.000736251690128, 0.000782038218384, 0.923085209494, 0.00045686025048, 0.000481852454895, 0.0919168664438, 58099.1424074, 58099.1427546, 2650.12907642, 0.248450316617, 46.7539553551, 1.71532585065, 4.56918258931, 0.117757792433, 0.00928514634079, 0.19876599857, 0.119743885772, 47.313093997, 0.022947901163, -0.0536717130885, 0.121922944303, 1.13061336371, 0, 0.139000
11, 70.264825107, 45.4890269064, 70.2556269687, 45.4731010849, 0.000920145479757, 0.000901979650717, 0.800256207093, 0.00213575578119, 0.0022475783295, 0.994450302057, 58099.1424074, 58099.1427546, 3122.42563577, 0.428656516721, 61.0851040605, 1.62973288545, 11.9821132469, 0.0879959369543, 0.00533274711984, 0.1246430413, 0.213625133979, 49.4428409723, 0.0219594218983, -0.0364546000914, 0.214750818573, 1.14597784892, 1, 0.012000
12, 70.2605236047, 45.4789705562, 70.2543343262, 45.4677235572, 0.000361647641629, 0.000389119818529, 0.811655027728, 0.000295067058718, 0.00032038439383, 0.510431530284, 58099.1424074, 58099.1427546, 2521.56435658, 0.0101410607402, 42.8587403045, 2.04829405345, 2.50790997297, 0.158610072639, 0.013252749831, 0.221315453106, 0.0983586450138, 48.3906085901, 0.0224369198155, -0.0741601248574, 0.100885273552, 1.09722380301, 3, 0.017000
13, 70.244469053, 45.4544624381, 70.2378046251, 45.4418899979, 0.000491771336566, 0.000495887126559, 0.62237503199, 0.0010095658902, 0.00106375098136, 0.983016485539, 58099.1424074, 58099.1427546, 2338.42949019, 0.104825163283, 47.6866293022, 1.82414101671, 5.82117476893, 0.13930726663, 0.0106733849033, 0.179328965318, 0.145752957534, 44.8830873072, 0.0241903191134, -0.0884562021344, 0.147746729807, 1.12531388763, 0, 0.012000
14, 70.2357618288, 45.4372589301, 70.2307602611, 45.4281808096, 0.000267343147123, 0.000289864799686, 0.787777942092, 0.000222597224963, 0.000245166472284, 0.515702625405, 58099.1424074, 58099.1427546, 1577.9958983, 0.238208945189, 34.6008874993, 1.87671346503, 1.8669592562, 0.198905370223, 0.0202470202248, 0.250284711338, 0.121901175423, 36.3481106745, 0.0298704990331, -0.0254196407787, 0.125507542729, 1.19164439394, 0, 0.000000
15, 70.7257184426, 45.0573566086, 70.7219522861, 45.0552341253, 8.66311517749e-05, 8.77907032052e-05, 0.888378996439, 8.6550444752e-05, 8.77032706437e-05, 0.88809798805, 58099.1424074, 58099.1427546, 793.450385612, -1.48784975246, 12.0955627016, 0.897780087776, 0.631085433332, 0.0876454882387, 0.0278111388682, 0.31751137552, 0.102047353762, 69.1508009932, 0.0157009924565, -0.470355140387, 0.103248164991, 2.39395574659, 0, 0.002000
