\
\ strid, ra1, dec1, ra2, dec2, ra1_err, dec1_err, corr1, ra2_err, dec2_err, corr2, start_mjd, end_mjd, flux, bg, length, sigma, length_err, sigma_err, pa_err, bg_err, fit_mag_err, ap_snr, ap_mag_err, dmag, dmag_err, chi2, numfit, prob
\ null, deg, deg, deg, deg, deg, deg, null, deg, deg, null, days, days, dn, dn, pixels, pixels, pixels, pixels, deg, dn, mag, null, mag, mag, mag, null, null, null
\
1, 177.624581908, 44.9453462503, 177.622104514, 44.9484813639, 1.38986373658e-05, 1.42834202069e-05, 0.464308318978, 2.82035493453e-05, 3.04204845366e-05, 0.963853578655, 58184.3184375, 58184.3187847, 1863.22502598, -0.347026905723, 12.7701646036, 0.235643455418, 0.161780952609, 0.0142790373306, 0.00373956479376, 0.373999542689, 0.0551306410475, 30.6465471697, 0.03542768452, -0.772558846817, 0.0655324989052, 377.818854238, 5, 0.001000
2, 176.833959644, 44.8225469315, 176.829918995, 44.833287164, 7.62379185076e-05, 8.5462601277e-05, 0.522597111328, 7.62379181552e-05, 8.54626008057e-05, 0.522597099369, 58184.3184375, 58184.3187847, 3209.53668265, 1.26550958226, 39.5151056132, 2.21322155544, 0.583038890989, 0.071230250733, 0.0067266812848, 0.0474547713272, 0.0328675680375, 50.2203277509, 0.0216194567694, 0.353820163225, 0.0393405381217, 1.41624544036, 0, 0.004000
3, 176.834724107, 44.8147917958, 176.832945926, 44.8240882874, 0.000444951890522, 0.00048433713547, 0.178631914339, 0.000465202419307, 0.000513677049023, 0.459409073947, 58184.3184375, 58184.3187847, 1520.91425715, -0.361577488435, 33.3498814361, 1.70068173397, 3.50507115783, 0.146796246104, 0.0161055411868, 0.230939672089, 0.13539559776, 42.2699818181, 0.025685750456, -0.107216354515, 0.137810470101, 1.08499395801, 0, 0.007000
4, 176.86236532, 44.7029849952, 176.860811052, 44.7069564279, 0.000134537658736, 0.000156636785354, 0.522421324099, 0.000134537599545, 0.000156636628223, 0.522420384776, 58184.3184375, 58184.3187847, 435.798648165, 2.41756660624, 14.6538393182, 1.22365220454, 1.06067191479, 0.155248428633, 0.0412282985117, 0.145398236703, 0.134321358252, 11.6251519778, 0.0933954417827, 0.214980768166, 0.163599926126, 1.2285573281, 0, 0.000000
5, 176.873244151, 44.6919681455, 176.867986082, 44.7068655915, 0.000498889713357, 0.000488197298634, 0.784736048921, 0.000810718642122, 0.000882227785973, 0.97576012648, 58184.3184375, 58184.3187847, 3204.1826846, 0.969400449274, 54.5995381479, 2.77334609484, 4.97186378122, 0.165143940835, 0.0114374038691, 0.09011578096, 0.107709448361, 38.8314440549, 0.0279602325174, -0.0506870737318, 0.111279377553, 1.18687278427, 0, 0.032000
6, 176.883606177, 44.6804366459, 176.870204183, 44.7010021676, 0.000695463429696, 0.000832814518445, 0.790512889937, 0.000678504959435, 0.000825856595611, 0.767214659387, 58184.3184375, 58184.3187847, 12192.6778553, -1.72427671595, 80.5715850792, 9.62143908229, 5.96623252193, 0.630856476024, 0.0262536231693, 0.230025449497, 0.128327662693, 167.081029292, 0.00649826140861, -0.29207546356, 0.128492086969, 1.17588054406, 8, 0.000000
