\
\ strid, ra1, dec1, ra2, dec2, ra1_err, dec1_err, corr1, ra2_err, dec2_err, corr2, start_mjd, end_mjd, flux, bg, length, sigma, length_err, sigma_err, pa_err, bg_err, fit_mag_err, ap_snr, ap_mag_err, dmag, dmag_err, chi2, numfit, prob
\ null, deg, deg, deg, deg, deg, deg, null, deg, deg, null, days, days, dn, dn, pixels, pixels, pixels, pixels, deg, dn, mag, null, mag, mag, mag, null, null, null
\
1, 134.789654601, 29.872891246, 134.78694504, 29.8700509203, 0.000311090087111, 0.000327749192608, 0.896426082868, 0.000311087676976, 0.000327746023021, 0.896424377421, 58105.433287, 58105.4336342, 600.352757201, -1.84795572073, 13.1059594318, 1.12370961888, 2.32340412448, 0.344026284204, 0.102421961317, 0.60586582303, 0.325568601243, 21.7245436509, 0.0499773998572, -0.198869324481, 0.329382231779, 9.56635251798, 0, 0.000000
2, 134.312119303, 29.842884511, 134.306704858, 29.8438170657, 0.000445154902408, 0.000389773243662, 0.379783578934, 0.000445154897544, 0.000389773241262, 0.379783556068, 58105.433287, 58105.4336342, 616.41452793, -0.255357680049, 17.0310237954, 1.37752291732, 3.039950329, 0.442481151103, 0.0996185385891, 0.492794757695, 0.345320155366, 28.8309541675, 0.0376586983021, -0.196868360075, 0.347367510369, 6.82529352732, 0, 0.000000
3, 134.53393761, 29.7961769796, 134.531340606, 29.7911265071, 0.000495291134191, 0.000558795192273, 0.696461804007, 0.000495316994811, 0.000558816947138, 0.696521554338, 58105.433287, 58105.4336342, 932.405077619, -1.64185898504, 19.6614579603, 1.72823325431, 3.85962834758, 0.597854948035, 0.11406870899, 0.802696717903, 0.394957990612, 58.6847346524, 0.0185011691914, 0.0415114238713, 0.395391081854, 6.46334380652, 0, 0.008000
4, 134.477856769, 29.6234052193, 134.47030804, 29.6222321056, 0.000529384934954, 0.000475457527114, 0.292456102895, 0.000529384934122, 0.000475457525983, 0.29245609173, 58105.433287, 58105.4336342, 1604.34673773, -0.670628562866, 23.70405783, 1.8238267995, 3.64817971598, 0.516486236671, 0.0836345064273, 0.526641086301, 0.299240195319, 88.9610161621, 0.0122046290791, -0.325812314471, 0.299488977202, 17.1344666652, 0, 0.007000
5, 134.94099647, 29.6075760332, 134.932781421, 29.6121683822, 0.00165506047359, 0.0015548227537, 0.882155598896, 0.00144410231916, 0.00131824267961, 0.803237832937, 58105.433287, 58105.4336342, 2251.82662588, -2.62183682865, 30.1917177145, 2.54333387369, 10.9807326965, 1.56708967978, 0.19031347186, 1.82143688727, 0.737012250088, 67.6407731804, 0.0160515049386, -0.0119393005652, 0.737187023483, 19.6397425635, 1, 0.002000
6, 134.19061513, 29.5871373881, 134.184572207, 29.590286657, 0.00056177989466, 0.000514559728132, 0.817866331785, 0.000561779896673, 0.000514559730616, 0.817866334593, 58105.433287, 58105.4336342, 1259.18001734, -1.08187292836, 21.790532855, 1.86245195265, 3.91688018798, 0.579454033222, 0.103765392635, 0.466141194997, 0.330506239657, 35.992000091, 0.0301660425098, -0.306947419144, 0.331880045458, 14.9812211361, 0, 0.000000
