\
\ strid, ra1, dec1, ra2, dec2, ra1_err, dec1_err, corr1, ra2_err, dec2_err, corr2, start_mjd, end_mjd, flux, bg, length, sigma, length_err, sigma_err, pa_err, bg_err, fit_mag_err, ap_snr, ap_mag_err, dmag, dmag_err, chi2, numfit, prob
\ null, deg, deg, deg, deg, deg, deg, null, deg, deg, null, days, days, dn, dn, pixels, pixels, pixels, pixels, deg, dn, mag, null, mag, mag, mag, null, null, null
\
1, 108.370116217, 44.2688191718, 108.362047587, 44.2634175885, 0.000649299417572, 0.000617082813021, 0.928464796478, 0.000596916068088, 0.000576991250435, 0.917045741943, 58097.3494676, 58097.3498148, 3303.35122985, -5.7493691465, 28.1211981721, 2.84407443535, 4.5799146154, 0.767248750094, 0.0891859786962, 1.98483157987, 0.39919862954, 190.221166353, 0.00570775705762, -0.0852527040133, 0.399239432317, 4.97034865752, 5, 0.006000
2, 108.56915219, 44.2594805834, 108.564475619, 44.2392112744, 0.000324819680193, 0.000323517578269, 0.701947137254, 0.000273342233596, 0.000287948232981, 0.322520964972, 58097.3494676, 58097.3498148, 8119.99155159, 0.695668699105, 72.9950984628, 2.12017806736, 2.1749050098, 0.133381010784, 0.00653825125995, 0.153082351082, 0.0659532810971, 85.2518837957, 0.0127356271371, 0.122748061716, 0.0671716568654, 15.3468565989, 0, 0.122000
3, 107.655003164, 44.2677777691, 107.644581585, 44.2623566779, 0.000307210891944, 0.000288532135935, 0.90257934571, 0.000307210892305, 0.000288532136237, 0.90257934597, 58097.3494676, 58097.3498148, 3006.36273078, -2.74774923731, 32.7910538155, 1.82385138578, 2.14762558577, 0.264525553041, 0.0296892409457, 0.419942084707, 0.151645082913, 53.9186824007, 0.0201365492704, -0.187317476313, 0.15297618046, 6.2895463156, 6, 0.048000
4, 108.021293476, 44.2476734017, 108.011649306, 44.2410730474, 0.000193437374979, 0.000185741549997, 0.951978784917, 0.000193437374351, 0.000185741549363, 0.951978784597, 58097.3494676, 58097.3498148, 3400.84299195, -1.30671860336, 33.9671736095, 1.47002772269, 1.36032571382, 0.146939419753, 0.0158866319556, 0.215358985524, 0.099869560314, 5.6643882422, 0.191677575465, -2.94460352111, 0.21613473116, 17.7681500855, 4, 0.004000
5, 108.523544021, 44.2317728742, 108.519614455, 44.226975094, 0.000445959911909, 0.000471655703734, 0.764150512535, 0.000445983474719, 0.000471675385964, 0.764190146062, 58097.3494676, 58097.3498148, 1596.00655899, -3.93798419352, 19.7740009, 1.88413720899, 3.36748851197, 0.542634940017, 0.103377042768, 1.1041179136, 0.335308585994, 42.0813675152, 0.025800877416, -0.00148960556497, 0.336299766751, 6.29704941821, 0, 0.000000
6, 107.596495551, 44.2404816609, 107.581845699, 44.2331570122, 0.000402750439828, 0.000380932070167, 0.913864385159, 0.000402750216116, 0.000380931840364, 0.91386421281, 58097.3494676, 58097.3498148, 2217.43997983, 0.599051337262, 45.5007657717, 1.54449413904, 2.80949426348, 0.2765557335, 0.0214589037064, 0.373336435559, 0.185167995518, 85.5732664868, 0.0126877966605, 1.41275186994, 0.185602173339, 7.26979901231, 1, 0.022000
7, 107.803466741, 44.2121430387, 107.798063618, 44.2101695482, 0.0002785203774, 0.000244794763429, 0.739242256774, 0.00027852037737, 0.0002447947629, 0.739242254646, 58097.3494676, 58097.3498148, 2005.58729076, -3.26466768546, 15.4540527519, 1.64356069358, 1.92152066385, 0.310501902308, 0.0814886890338, 0.707414182803, 0.204298685209, 39.0764496307, 0.0277849245522, -0.226703879367, 0.206179423829, 9.83049739002, 0, 0.000000
8, 108.134351579, 44.190695432, 108.128739138, 44.1938473207, 0.000301489650352, 0.00030233587094, 0.879346351097, 0.000301489648026, 0.000302335868447, 0.879346348526, 58097.3494676, 58097.3498148, 1260.66268393, -2.71108726544, 18.1752465544, 1.39367333461, 2.18970261554, 0.310320939916, 0.0653136130572, 0.593517171968, 0.236459144485, 27.6466270142, 0.0392719229077, -0.248605577937, 0.239698166325, 7.06733966927, 0, 0.000000
9, 108.207338784, 44.113970674, 108.200174749, 44.1101617319, 0.000234739772523, 0.000220988764976, 0.908772630856, 0.000234739771948, 0.000220988764526, 0.90877263042, 58097.3494676, 58097.3498148, 2057.37993909, -3.41919389575, 22.7589956037, 1.29553124771, 1.64181186259, 0.20220650784, 0.0331887860716, 0.44735124177, 0.159679500622, 47.6594199274, 0.0227811460234, -0.169989672406, 0.161296384129, 5.11372686728, 0, 0.011000
10, 108.388170388, 44.0885860296, 108.37758865, 44.0848148782, 0.00013560163275, 0.000128676143003, 0.779332433279, 0.000145328199208, 0.000138191344069, 0.837092799177, 58097.3494676, 58097.3498148, 3754.74765533, -6.75554718226, 30.1783562015, 0.629381898919, 0.979743711609, 0.0687527600555, 0.00809190025399, 0.853595602816, 0.107964844214, 19.6164749947, 0.0553481808048, -1.23074533392, 0.121325301172, 33.9771835474, 6, 0.003000
11, 107.620109386, 43.8357775247, 107.616005035, 43.8354631882, 0.000956548733553, 0.000915087218249, 0.993100450919, 0.000717422894785, 0.000745929541678, 0.981584173071, 58097.3494676, 58097.3498148, 1616.01783365, -4.16303363349, 10.5849806845, 0.165658128074, 5.98174619772, 0.0215497029874, 0.0154285721947, 1.34890932557, 0.621424047878, 48.4708621013, 0.0223997708662, 0.32445006421, 0.62182762645, 30.1195005921, 2, 0.003000
12, 107.507080301, 43.7952462507, 107.513137233, 43.7941723259, 2.22949948341e-05, 2.20022218213e-05, 0.370099777099, 2.26772769034e-05, 2.24822010549e-05, 0.443691298791, 58097.3494676, 58097.3498148, 4298.99583655, -2.48566044186, -16.0074182064, 0.401285285007, 0.159725578771, 0.0144876886167, 0.00294343112123, 0.491900814677, 0.0335590100364, 55.3573419867, 0.0196132286304, -0.543716252464, 0.0388701156666, 41.2875506085, 0, 0.003000
13, 108.029479245, 43.6112195488, 108.024938369, 43.6116191054, 0.000438959056178, 0.000348577540689, 0.0403596798303, 0.000455479038097, 0.000375095546788, 0.434551316345, 58097.3494676, 58097.3498148, 8361.10570869, -8.86624105901, 11.7763997446, 0.133720740002, 3.19782772677, 0.0703407918011, 0.0520952890608, 1.55883553273, 0.457954719871, 81.8468204738, 0.0132654658846, -0.288219756192, 0.45814680839, 19.4263237292, 1, 0.041000
14, 108.504138955, 43.5199811864, 108.500281791, 43.519492641, 1.96196833641e-05, 1.76708075584e-05, 0.404541622907, 1.85085740265e-05, 1.74902262855e-05, 0.367334714902, 58097.3494676, 58097.3498148, 4371.26258125, -3.94444655302, 10.0993768305, 0.403396010659, 0.131857668139, 0.0136247703674, 0.00489838392114, 0.638266523918, 0.0312531274122, 47.7986616766, 0.0227147825205, -1.05658430953, 0.0386357259282, 57.6591295906, 0, 0.001000
