\
\ strid, ra1, dec1, ra2, dec2, ra1_err, dec1_err, corr1, ra2_err, dec2_err, corr2, start_mjd, end_mjd, flux, bg, length, sigma, length_err, sigma_err, pa_err, bg_err, fit_mag_err, ap_snr, ap_mag_err, dmag, dmag_err, chi2, numfit, prob
\ null, deg, deg, deg, deg, deg, deg, null, deg, deg, null, days, days, dn, dn, pixels, pixels, pixels, pixels, deg, dn, mag, null, mag, mag, mag, null, null, null
\
1, 87.0483408036, 35.1552664715, 87.0456830811, 35.1601697731, 0.000206465871743, 0.000215964258809, 0.712935217924, 0.000208397822594, 0.000217735870766, 0.724171180399, 58078.4572685, 58078.4576157, 227.512024957, 8.83063385376, 19.0733823353, 0.71380186948, 1.5212560789, 0.152505806918, 0.0292379700463, 0.158188824306, 0.216295641394, 4.15311411008, 0.261427010186, 0.0398604868213, 0.339305004591, 1.34180949707, 5, 0.000000
2, 86.3434664999, 35.1026111533, 86.3382854689, 35.1056444636, 0.000197564514757, 0.000193567915545, 0.893292437109, 0.000197548086308, 0.000193551787665, 0.893266872008, 58078.4572685, 58078.4576157, 290.141426197, 6.46609581292, 18.5413582135, 0.969478015468, 1.4082081616, 0.168813132321, 0.0332828126226, 0.165189564807, 0.181711483737, 4.50330206163, 0.241097796661, -0.118331667076, 0.301905963632, 2.01405008565, 5, 0.000000
3, 86.9547898934, 34.9822464181, 86.9498045186, 34.9837270352, 1.26103962906e-05, 1.19225956311e-05, 0.0168404410818, 1.79313604602e-05, 1.81525517301e-05, 0.894937812674, 58078.4572685, 58078.4576157, 3284.21172338, -0.589048558516, 15.4469571203, -0.316507058172, 0.109886474479, 0.00742604434038, 0.00181430846039, 0.343957855402, 0.022954680855, 61.9456139753, 0.0175272490671, 0.14945561209, 0.0288811674455, 14.9315232678, 0, 0.001000
4, 86.7796220939, 34.5720066847, 86.774512648, 34.5665296671, 0.000413100122328, 0.000418804616217, 0.914551666487, 0.00041206216492, 0.000417873047772, 0.91392470824, 58078.4572685, 58078.4576157, 409.387936711, 7.83223935947, 24.5481380267, 1.17350506321, 2.98942947711, 0.346919389724, 0.050699867913, 0.297829715173, 0.313265721931, 5.407805356, 0.200772056922, -0.0337007912254, 0.372081753621, 1.485632241, 0, 0.000000
5, 86.7729320727, 34.5593437862, 86.7696566405, 34.5644280128, 0.000212648763503, 0.000220676054044, 0.796574459212, 0.000212748639701, 0.000220840055899, 0.796870834913, 58078.4572685, 58078.4576157, 298.321237379, 10.5376848598, 20.459991876, 0.765648140637, 1.55368855123, 0.1591069057, 0.0278452002534, 0.200231143959, 0.21015534855, 3.99815038814, 0.271559621164, -0.181846497766, 0.343380107709, 5.05419512537, 0, 0.000000
6, 86.7770965423, 34.540927058, 86.7717299053, 34.5420259354, 0.000571639167235, 0.000486567915259, 0.415694037981, 0.000571639172682, 0.000486567920676, 0.415694070232, 58078.4572685, 58078.4576157, 320.447733762, 6.26336208617, 16.1930571529, 1.78571795233, 3.89910164453, 0.641994660821, 0.160928714537, 0.214056560385, 0.394188571933, 3.07465087653, 0.353125037072, -0.238303081839, 0.529227665613, 1.26605816156, 1, 0.000000
7, 86.7202357155, 34.5428800992, 86.7175478844, 34.5405485873, 0.000126708565076, 0.000126787184706, 0.925365144469, 0.000127251146846, 0.000127154227956, 0.92597505485, 58078.4572685, 58078.4576157, 300.71088445, 7.51088636435, 11.4283373614, 0.765664654812, 0.916869227522, 0.120200503637, 0.0403505457926, 0.176043576799, 0.161224117374, 5.24528838659, 0.206992661745, -0.174873168968, 0.26237221278, 1.97490929045, 0, 0.000000
8, 86.755549912, 34.5418006881, 86.7535034932, 34.537925612, 0.000211247335562, 0.000229381230535, 0.668335431909, 0.00021124718915, 0.000229381110495, 0.668334532837, 58078.4572685, 58078.4576157, 469.596951468, 9.47300294287, 15.0203196609, 1.19122708974, 1.59908576083, 0.228545557144, 0.0589050430257, 0.223415850306, 0.201528008804, 6.63096775584, 0.163737216759, 0.127634450206, 0.259660190411, 0.961919920003, 4, 0.000000
