\
\ strid, ra1, dec1, ra2, dec2, ra1_err, dec1_err, corr1, ra2_err, dec2_err, corr2, start_mjd, end_mjd, flux, bg, length, sigma, length_err, sigma_err, pa_err, bg_err, fit_mag_err, ap_snr, ap_mag_err, dmag, dmag_err, chi2, numfit, prob
\ null, deg, deg, deg, deg, deg, deg, null, deg, deg, null, days, days, dn, dn, pixels, pixels, pixels, pixels, deg, dn, mag, null, mag, mag, mag, null, null, null
\
1, 93.5188945016, 27.041938533, 93.5149901927, 27.040754746, 6.13301371858e-05, 5.68736376269e-05, 0.607264328699, 6.07691905913e-05, 5.62589555235e-05, 0.586025749969, 58101.3275, 58101.3278472, 1210.3180163, -1.90423730353, 13.0644977948, 0.63202117681, 0.422680969366, 0.0493362440846, 0.013489039746, 0.405144896245, 0.0771279010927, 43.6411946728, 0.0248787003403, -0.407974100021, 0.0810411183141, 5.69261146246, 0, 0.002000
2, 94.1915182436, 26.9353568884, 94.1880370924, 26.934707627, 3.81893604483e-05, 3.57971556086e-05, 0.24791746296, 4.08137449362e-05, 3.85121126314e-05, 0.532622515403, 58101.3275, 58101.3278472, 1376.81102991, -2.61357264895, 11.270863638, 0.44600972893, 0.275127031776, 0.0305275982592, 0.00872198420219, 0.474004845358, 0.0636728862919, 38.4009936669, 0.0282736487023, -0.817729065489, 0.0696680390113, 25.9459893417, 0, 0.000000
3, 93.8410558752, 26.9379087921, 93.8376121404, 26.9404803428, 5.04340772702e-05, 5.13035270234e-05, 0.93050554538, 5.01755244626e-05, 5.1014599956e-05, 0.92944816752, 58101.3275, 58101.3278472, 2928.56339118, -3.2187117931, 14.2388865529, 0.64479310461, 0.364142177628, 0.0396670053391, 0.010339757574, 0.589395719507, 0.061729242095, 63.2233944881, 0.0171730134636, -0.931127731658, 0.0640734868807, 15.2551182104, 0, 0.000000
4, 93.8118969639, 26.8255433556, 93.8089820002, 26.8272748684, 3.25219493835e-05, 3.1897078346e-05, 0.806291134037, 3.58034879498e-05, 3.72110826169e-05, 0.890737961865, 58101.3275, 58101.3278472, 1425.27235714, -2.2209626131, 11.1104759789, 0.447739661857, 0.246945072943, 0.0288103201052, 0.00939065298686, 0.473139101246, 0.0626476493814, 36.5256489598, 0.0297253090822, -0.552308340643, 0.069342064961, 22.8061350521, 6, 0.000000
5, 94.2029689742, 26.8103981155, 94.1999178972, 26.8094606746, 3.07084412558e-05, 2.91199559735e-05, 0.57866487537, 3.13153712586e-05, 2.99038593809e-05, 0.63071559915, 58101.3275, 58101.3278472, 1201.86971022, -1.45038355179, 10.2375172664, 0.346826232391, 0.216379030234, 0.0225681923699, 0.00751592916457, 0.4806392083, 0.0610712140029, 32.9661195749, 0.0329349107131, -0.277262582692, 0.0693858885038, 46.2965939368, 0, 0.000000
6, 93.8252809611, 26.7505953112, 93.8220619007, 26.7522405778, 3.89220018611e-05, 3.84326152012e-05, 0.819034606985, 3.71155433839e-05, 3.68855572187e-05, 0.7918881065, 58101.3275, 58101.3278472, 1007.29876611, -1.74586710473, 11.7759601854, 0.547175501601, 0.271632905414, 0.0287589060577, 0.00926224295385, 0.247656697433, 0.0532103760403, 36.5139909822, 0.0297347996084, -0.562853984299, 0.0609549212623, 7.70039800078, 0, 0.000000
7, 93.5255726958, 26.7469412974, 93.5227558776, 26.7487048152, 2.3203776012e-05, 2.29623169702e-05, 0.886477384147, 2.22368545115e-05, 2.22452170388e-05, 0.877052101455, 58101.3275, 58101.3278472, 2323.77650556, -3.05120503462, 10.9239441434, 0.539843411825, 0.162596323554, 0.018848571098, 0.00646630885059, 0.416767724204, 0.0348269128847, 51.6659216487, 0.0210145521479, -0.208609340254, 0.0406758560212, 7.19784975485, 0, 0.000000
8, 94.1140193956, 26.72169779, 94.1102901765, 26.7207399551, 2.42952105688e-05, 2.31426708187e-05, 0.6038992445, 2.24076047689e-05, 2.14478409769e-05, 0.408465320903, 58101.3275, 58101.3278472, 2444.3401371, -2.01041831336, 12.3212471497, 0.299777800544, 0.162137788421, 0.0184582933686, 0.00541296106588, 0.751594325346, 0.0588295578863, 46.5964240984, 0.0233008482038, -0.234489475558, 0.0632759544228, 49.4089937996, 2, 0.002000
9, 93.9942792013, 26.7131385872, 93.988028213, 26.7119832198, 2.47278370324e-05, 2.3831721393e-05, 0.842461936804, 1.8278441352e-05, 1.80635245024e-05, 0.343903303434, 58101.3275, 58101.3278472, 2911.09436101, -1.23901538893, 20.2725669035, 0.248034850366, 0.15301662316, 0.00830465921105, 0.00151028352249, 0.316881881687, 0.0322940834115, 53.4208269044, 0.020324211879, -0.0748583186195, 0.0381573244855, 109.582434141, 0, 0.002000
10, 93.8538039441, 26.6987082948, 93.8497798582, 26.6996159342, 3.55299418464e-05, 3.38206969124e-05, 0.40934728006, 3.44985242322e-05, 3.4119107665e-05, 0.44424374253, 58101.3275, 58101.3278472, 1168.4341253, -2.11874780457, 13.183279577, 0.495220880711, 0.245085600592, 0.0276581065042, 0.0076223761612, 0.316208036259, 0.0544198780495, 38.5241662365, 0.0281832499136, -0.409509964367, 0.0612847346622, 9.26067332669, 0, 0.000000
11, 94.3316114813, 26.5570053502, 94.3285019058, 26.5549786882, 6.43993308765e-05, 6.14542079111e-05, 0.90141607791, 7.29437157878e-05, 6.89016316111e-05, 0.927070243479, 58101.3275, 58101.3278472, 723.260910376, -0.810154509637, 12.2354273136, 0.539767238278, 0.479738382901, 0.0539929658487, 0.0161746551058, 0.32735923935, 0.098269332576, 26.8782254617, 0.0403946386381, -0.396162720412, 0.10624776965, 13.3328276151, 0, 0.000000
12, 93.7027407392, 26.498327882, 93.6982859168, 26.5003159608, 3.36405622433e-05, 3.40090853045e-05, 0.865292455886, 2.70947081772e-05, 2.63967409717e-05, 0.60249538414, 58101.3275, 58101.3278472, 17230.9483555, -6.49839065117, 15.8407621103, 0.458887676756, 0.218275616975, 0.0171268127678, 0.00396668207441, 1.77874549874, 0.036461311906, 123.620092838, 0.0087828457319, -0.228665086065, 0.0375042083646, 145.587627986, 0, 0.006000
13, 94.329798101, 26.3397486159, 94.3263551705, 26.3380281569, 2.41322618125e-05, 2.33545613237e-05, 0.696772381789, 3.55525961042e-05, 3.32517729042e-05, 0.915681755085, 58101.3275, 58101.3278472, 5807.35605299, -3.22785199146, 12.5612640831, 0.398679543455, 0.209461801392, 0.0206065035506, 0.0060241755643, 0.908551055922, 0.0489912244711, 63.3923437362, 0.0171272450389, -0.539248329238, 0.0518987726039, 198.323421106, 0, 0.002000
14, 94.2061556146, 26.3270617153, 94.2026150255, 26.3274868082, 0.00207614564442, 0.00212286652023, 0.665247475201, 0.00188036606507, 0.0018557753047, 0.33281292347, 58101.3275, 58101.3278472, 1148.16125299, -1.87550305796, 11.3828171789, -0.143175603118, 14.1406418431, 0.0255349194178, 0.0200345221701, 0.550503163668, 1.3580558445, 36.0191345797, 0.0301433173625, 0.0803625835549, 1.35839033284, 85.6316587448, 4, 0.000000
15, 93.5741407978, 26.328000095, 93.570800033, 26.3271009164, 0.00029081057607, 0.000280388001389, 0.995659702135, 0.000146477678591, 0.000152224037376, 0.954363415656, 58101.3275, 58101.3278472, 613.809825539, 8.10304573202, 11.1209677386, 0.263311305588, 1.6194941586, 0.0247507430468, 0.00843405979973, 0.370143865859, 0.171298541552, 12.3416654393, 0.0879732326323, -0.532969619207, 0.192568117812, 3.63531830283, 0, 0.000000
16, 94.1370752593, 26.3169895896, 94.1340091343, 26.3158920565, 4.48584104397e-05, 4.11023439803e-05, 0.751646631022, 3.99204766863e-05, 3.72781742693e-05, 0.624130293083, 58101.3275, 58101.3278472, 1019.04378326, -1.72386110438, 10.5228116399, 0.447865301705, 0.294354833484, 0.0298266329522, 0.0105430418823, 0.355041644206, 0.063955489229, 34.0189092317, 0.0319156677648, -0.202036934452, 0.0714766706792, 17.4133605625, 0, 0.000000
