\
\ strid, ra1, dec1, ra2, dec2, ra1_err, dec1_err, corr1, ra2_err, dec2_err, corr2, start_mjd, end_mjd, flux, bg, length, sigma, length_err, sigma_err, pa_err, bg_err, fit_mag_err, ap_snr, ap_mag_err, dmag, dmag_err, chi2, numfit, prob
\ null, deg, deg, deg, deg, deg, deg, null, deg, deg, null, days, days, dn, dn, pixels, pixels, pixels, pixels, deg, dn, mag, null, mag, mag, mag, null, null, null
\
1, 162.930201187, 29.3046530882, 162.923419571, 29.302040014, 4.90511420782e-05, 4.72448687596e-05, 0.658203858069, 4.90511422582e-05, 4.72448688003e-05, 0.65820385865, 58158.3448727, 58158.3452199, 1361.00356245, 0.825076078216, 22.9882885268, 1.41308085439, 0.347235490428, 0.0440389710765, 0.0072569320217, 0.0385891469923, 0.0316500145275, 32.8346244592, 0.0330668074522, 0.207000184065, 0.0457726684242, 1.33881384177, 0, 0.001000
2, 163.137481801, 29.1499581409, 163.122647623, 29.1651992923, 3.76943170062e-05, 3.6348659827e-05, 0.952416668886, 3.76943168699e-05, 3.63486596975e-05, 0.952416668385, 58158.3448727, 58158.3452199, 4290.97835777, -0.0481497058532, 71.1069953979, 1.64431575067, 0.264413287838, 0.0211119047259, 0.00106037283008, 0.0106311957742, 0.0124711817587, 79.5671739387, 0.0136455293183, 0.398073158966, 0.0184859634544, 1.42377526295, 0, 0.054000
3, 163.151741019, 29.1399180914, 163.147427208, 29.1455115027, 9.4796284085e-05, 9.38282335515e-05, 0.863632994625, 9.47985266776e-05, 9.38302657164e-05, 0.8636438606, 58158.3448727, 58158.3452199, 824.006871262, 0.207144618492, 23.9744672632, 1.05205813383, 0.677647835973, 0.0750148704451, 0.0112670967066, 0.142690895192, 0.0740015013486, 23.897698114, 0.0454326688528, -0.208546781729, 0.0868351864219, 1.00039456087, 0, 0.000000
4, 163.149082222, 29.1375441711, 163.143297531, 29.1449768926, 0.000327651926843, 0.000313034309888, 0.962484139868, 0.000173591987603, 0.000177723249534, 0.622893508707, 58158.3448727, 58158.3452199, 1284.34746661, 0.346191403973, 31.949299522, 1.65584652461, 1.86563701095, 0.144815627795, 0.0168748738796, 0.149446963728, 0.10197017517, 30.3358123648, 0.0357905762239, -0.0537266939229, 0.108068876049, 1.22744343203, 0, 0.001000
5, 163.163714357, 29.1302618318, 163.159994902, 29.1375922383, 7.74902562965e-05, 7.83006823337e-05, 0.678443083129, 7.7489520024e-05, 7.83000842374e-05, 0.678429996643, 58158.3448727, 58158.3452199, 948.21431785, -0.17372359894, 28.5047471794, 1.08593632099, 0.558415993396, 0.0571638379905, 0.00725386180729, 0.071306525876, 0.0529960069495, 24.3419534009, 0.0446034953266, -1.13808080696, 0.069267947479, 0.987966297987, 0, 0.000000
6, 163.166809242, 29.1000589461, 163.15412882, 29.1361363196, 3.76734755912e-05, 3.74141831741e-05, 0.512592668797, 3.76734754205e-05, 3.74141830259e-05, 0.512592657005, 58158.3448727, 58158.3452199, 7701.85389119, 0.148995165875, 134.170603323, 1.75930153333, 0.267603468863, 0.0161899610427, 0.000424713994878, 0.00643106760913, 0.00883459477138, 93.3751463446, 0.0116276787482, 0.218005965694, 0.0146031838256, 1.78333789183, 0, 0.009000
7, 163.150837274, 29.1246006393, 163.143691684, 29.1385997612, 0.000136052381353, 0.0001386851192, 0.493009238885, 0.000171737379322, 0.000169002498721, 0.81818075493, 58158.3448727, 58158.3452199, 2507.43704991, -0.125572918203, 54.4900955279, 1.80490181418, 1.11103601565, 0.0897716552386, 0.00588766296564, 0.069004045236, 0.0514332154282, 55.632145647, 0.0195163460286, 0.116792180027, 0.0550114843609, 1.44069750636, 0, 0.103000
8, 163.15608496, 29.1201270544, 163.151923514, 29.1291479179, 0.0025694964595, 0.00246791619377, 0.992349595166, 0.0011483227791, 0.00124292044823, 0.845041456222, 58158.3448727, 58158.3452199, 1708.99937035, -0.923648502499, 34.5758887127, 1.89790261232, 14.1483502453, 0.180548935609, 0.02016508462, 0.285940449733, 0.441505660664, 53.6518055634, 0.0202367132542, -0.173356443896, 0.44196919911, 1.03303340863, 4, 0.004000
9, 163.175856107, 29.1201553868, 163.171988585, 29.1253550014, 0.000205133710148, 0.000207097346191, 0.832304050603, 0.000204276793893, 0.000206404603979, 0.829976510795, 58158.3448727, 58158.3452199, 590.443757447, 0.301853805163, 22.0435928941, 1.43766392279, 1.48915794323, 0.199753267154, 0.0332511133161, 0.193318868949, 0.15130991377, 20.3320740722, 0.0534001696484, -0.0239030654151, 0.160456436841, 1.25633081887, 0, 0.000000
10, 163.156773665, 29.111098394, 163.151932651, 29.1230097941, 0.00019201156469, 0.00020227896932, 0.0463076109453, 0.000289855192587, 0.000283079088596, 0.875936122651, 58158.3448727, 58158.3452199, 1715.15096818, 0.804292709397, 44.9362359782, 1.60487587747, 1.76762840845, 0.111364844059, 0.00893560631615, 0.0961488705822, 0.0764303087579, 31.991997327, 0.0339377436695, 0.0250272412676, 0.0836263268487, 1.43256373755, 0, 0.001000
11, 163.173466594, 29.111514449, 163.169467576, 29.1199048717, 0.00011640426658, 0.000118869796809, 0.643636484885, 0.000116404266134, 0.00011886979653, 0.643636478816, 58158.3448727, 58158.3452199, 1062.27225727, 1.18618180239, 32.3109247797, 1.4156636683, 0.844779173585, 0.092677182867, 0.010426579247, 0.0758928699941, 0.0668072345719, 22.2945947009, 0.0486995264692, 0.0775613471872, 0.0826731544667, 1.18570010049, 0, 0.000000
12, 163.167226601, 29.0975565998, 163.161153485, 29.1152560005, 0.000207052107313, 0.000202788246108, 0.807998223231, 0.00015379876205, 0.000159428851422, 0.0264269631091, 58158.3448727, 58158.3452199, 2427.29452081, 1.08604194691, 65.6907388884, 1.63359176322, 1.30659152572, 0.0759135198329, 0.00410761266855, 0.0494130057464, 0.048069724712, 43.2274785914, 0.025116806257, 0.312601896775, 0.0542360801538, 1.61613446185, 1, 0.064000
13, 163.236471768, 29.0776810446, 163.213449618, 29.0606406004, 5.33229009351e-05, 5.4934983606e-05, 0.933271437583, 5.33229009077e-05, 5.49349835622e-05, 0.933271437413, 58158.3448727, 58158.3452199, 17578.6093627, 0.265489482944, 93.7606917195, 3.80543398903, 0.388231024031, 0.0406093629538, 0.00158727538278, 0.0137802326594, 0.010585643058, 177.704681673, 0.00610977828235, 0.717085442663, 0.0122223250493, 3.29551580482, 0, 0.001000
14, 163.222391392, 29.0773896514, 163.209565978, 29.0702338755, 5.73327461536e-05, 5.82532538731e-05, 0.853416663081, 5.73327461204e-05, 5.82532538139e-05, 0.853416662457, 58158.3448727, 58158.3452199, 2271.32760355, 0.540903876398, 47.2869966495, 1.56282011168, 0.413819058428, 0.0393758198248, 0.00300712223768, 0.0256503058083, 0.0249362366459, 12.4703605809, 0.087065341673, -1.67931132995, 0.0905659407211, 0.819707136639, 0, 0.002000
15, 163.246805319, 29.0714980041, 163.226992825, 29.0586208077, 5.01492389778e-05, 5.10711957746e-05, 0.896054551197, 5.0149238939e-05, 5.10711957004e-05, 0.896054550635, 58158.3448727, 58158.3452199, 16008.8951029, 0.635609541281, 76.7364006745, 3.45305693443, 0.363392394759, 0.039956291575, 0.00191834853262, 0.0213662532848, 0.0115710818191, 138.485641142, 0.00784006338712, 0.401678779065, 0.0139769999778, 2.85443386075, 0, 0.000000
