\
\ strid, ra1, dec1, ra2, dec2, ra1_err, dec1_err, corr1, ra2_err, dec2_err, corr2, start_mjd, end_mjd, flux, bg, length, sigma, length_err, sigma_err, pa_err, bg_err, fit_mag_err, ap_snr, ap_mag_err, dmag, dmag_err, chi2, numfit, prob
\ null, deg, deg, deg, deg, deg, deg, null, deg, deg, null, days, days, dn, dn, pixels, pixels, pixels, pixels, deg, dn, mag, null, mag, mag, mag, null, null, null
\
1, 213.716453466, 41.3737178867, 213.70103558, 41.3835928637, 7.27887414578e-05, 6.59901608207e-05, 0.970366671204, 7.27887391466e-05, 6.5990158707e-05, 0.970366669193, 58226.3491088, 58226.349456, 2190.26159099, 0.288558860276, 54.0767202722, 1.34705695825, 0.496419336934, 0.0413665401766, 0.00271934374851, 0.0365918718421, 0.0303116673712, 45.7542554186, 0.02372973169, 0.148945025603, 0.0384954197912, 1.2805633026, 0, 0.023000
2, 213.76903198, 41.3389007252, 213.748101389, 41.3527330233, 5.13893965819e-05, 4.66018594974e-05, 0.983409241666, 5.13898475081e-05, 4.66022703345e-05, 0.983409541531, 58226.3491088, 58226.349456, 3184.0908078, 0.398344048048, 74.4226974507, 1.06703412318, 0.349752982457, 0.022274553169, 0.00104695930423, 0.0339246115437, 0.0203767098479, 51.3801879243, 0.0211314175487, 0.00481254495846, 0.0293555294935, 1.24293866402, 0, 0.688000
3, 213.794717913, 41.3219141848, 213.771471615, 41.3371894111, 8.40424356852e-05, 7.61845047765e-05, 0.969250182255, 0.000413544935082, 0.00037302023581, 0.999123919218, 58226.3491088, 58226.349456, 4042.68572475, 0.305249815508, 82.46146349, 1.4695796866, 2.02451843175, 0.0415816673865, 0.0018116287369, 0.0553652402933, 0.0368944274883, 58.8899857453, 0.0184366864929, 0.00303514952569, 0.0412445170723, 1.2439140675, 1, 0.011000
4, 213.817359923, 41.3071336586, 213.775589226, 41.3344954553, 7.31836139322e-05, 6.68948811892e-05, 0.880961702089, 0.000910651464153, 0.000825573073588, 0.999930750503, 58226.3491088, 58226.349456, 6925.2716985, 0.0486702547332, 147.981864869, 1.41431187872, 4.38625465727, 0.0252418198748, 0.000600888409205, 0.0308390191869, 0.0356941874915, 81.6190894699, 0.0133024787683, -0.0147962156616, 0.0380924003189, 1.19791902393, 6, 0.008000
5, 213.819738128, 41.3054437155, 213.805036742, 41.315086734, 0.000203467165637, 0.000191424941584, 0.774894684025, 0.00387717507152, 0.00350989754999, 0.999978142765, 58226.3491088, 58226.349456, 2179.72038789, 0.107181487765, 52.1172671927, 1.24948009083, 18.6073486105, 0.0602301595456, 0.00434440169662, 0.13115381214, 0.386403161747, 43.5492268818, 0.0249312394846, -0.0971167195621, 0.387206624569, 1.08938261515, 1, 0.008000
6, 213.827687102, 41.3002857114, 213.807425872, 41.3137179556, 8.79702355251e-05, 7.99340714088e-05, 0.979943678957, 0.000234555445127, 0.000211108339585, 0.997277759763, 58226.3491088, 58226.349456, 3652.64828969, 0.123790137577, 72.1630062309, 1.37668718258, 1.20309833939, 0.0421778401717, 0.00206254080246, 0.0814428934644, 0.0345140874623, 58.2841639148, 0.0186283225465, -0.0203087209783, 0.0392203599454, 1.02992189584, 1, 0.023000
7, 213.845138744, 41.2887370911, 213.831160863, 41.297856325, 0.000103796950674, 9.42302289151e-05, 0.981555659463, 8.55923819523e-05, 7.76270569578e-05, 0.972336698993, 58226.3491088, 58226.349456, 2249.29489778, 0.502303180002, 49.4440486845, 1.16192780774, 0.650169517849, 0.0488555105118, 0.00339537338106, 0.131287979762, 0.0441943435542, 42.7991445746, 0.0253681753584, -0.020093701517, 0.0509576718778, 1.0314999642, 0, 0.048000
8, 213.8606732, 41.2783002552, 213.847649719, 41.2870629106, 0.000368443878454, 0.000332200511482, 0.997780286404, 0.000654862894056, 0.000595420602645, 0.999419239926, 58226.3491088, 58226.349456, 2104.75404389, 0.365938825382, 46.6975915976, 1.14967058305, 3.60648325484, 0.056215813803, 0.00444710462227, 0.170805887637, 0.0937972235626, 42.1161538066, 0.0257795669031, -0.0510318283665, 0.0972754091113, 0.947045847982, 0, 0.010000
9, 213.891170234, 41.2579346481, 213.851242854, 41.2844739744, 3.28405528554e-05, 2.97701616679e-05, 0.989777578476, 3.28405462443e-05, 2.9770155717e-05, 0.98977757428, 58226.3491088, 58226.349456, 6848.00563925, 0.129857434167, 142.409796512, 1.24400801012, 0.223205117909, 0.0110657718482, 0.000271431192561, 0.00873093735576, 0.00851754919005, 81.6354988827, 0.0132998048596, 0.0397954364281, 0.0157934623661, 1.01745324904, 0, 0.014000
10, 213.91105726, 41.2449485368, 213.882832168, 41.2637610942, 5.48121398763e-05, 4.96914239181e-05, 0.983576218134, 0.00016519594659, 0.000150134813644, 0.998508353106, 58226.3491088, 58226.349456, 4775.76808847, 0.209395107278, 100.806361529, 1.17334401179, 0.838010876507, 0.0216722818361, 0.000756077605722, 0.0351712142447, 0.0195404781146, 68.7749291734, 0.015786802223, 0.0829607522555, 0.0251207764484, 1.15310254316, 0, 0.376000
11, 213.964318988, 41.2098123108, 213.881440532, 41.2646759257, 2.93704334704e-05, 2.66148028387e-05, 0.994827704045, 2.93704151388e-05, 2.66147863797e-05, 0.9948276972, 58226.3491088, 58226.349456, 14501.0178367, 0.118205822613, 295.157462204, 1.2216789477, 0.199423970301, 0.00682307750124, 8.02389847475e-05, 0.0055211253434, 0.00531696517266, 121.550226855, 0.00893240788483, 0.0765211760888, 0.010395096405, 1.17117987278, 0, 0.004000
12, 213.986765088, 41.1943670398, 213.942450957, 41.223583731, 0.000142561989945, 0.000129314743604, 0.999218027285, 4.13302093863e-05, 3.74660204421e-05, 0.983047598621, 58226.3491088, 58226.349456, 7618.68978555, 0.235107330676, 157.577374615, 1.19747526558, 0.713474842511, 0.0131033442221, 0.000291098196153, 0.0155052499521, 0.0113521167058, 84.0564100005, 0.0129167567917, 0.0265105063118, 0.0171963123872, 1.2384178349, 7, 0.018000
13, 214.002606777, 41.1841784478, 213.964143496, 41.2099104342, 4.56976058219e-05, 4.14287849959e-05, 0.988937831026, 4.5697600412e-05, 4.14287800952e-05, 0.988937828348, 58226.3491088, 58226.349456, 6906.36290894, 0.210801053135, 137.663416278, 1.3127353361, 0.310665461226, 0.0161398339303, 0.00040853910362, 0.0162304360082, 0.0118658868298, 80.2466643468, 0.0135299854965, 0.0367174765648, 0.0179961045172, 1.29687919514, 0, 0.065000
14, 214.009925131, 41.1792883298, 213.99516396, 41.1891704183, 6.41318260979e-05, 5.82104077724e-05, 0.971494991014, 6.4131827678e-05, 5.82104092557e-05, 0.971494992478, 58226.3491088, 58226.349456, 2754.70725714, 0.433128076474, 52.8534898501, 1.32577845357, 0.437665053596, 0.0366619117824, 0.00246117761622, 0.0470057833708, 0.0274090397867, 50.4249074287, 0.0215317441345, 0.140390847458, 0.0348550063477, 1.32793170558, 0, 0.162000
15, 214.033882599, 41.1630946329, 214.014350195, 41.1760659179, 6.58619851087e-05, 5.97379403339e-05, 0.978480825291, 6.58619794136e-05, 5.97379353633e-05, 0.978480821657, 58226.3491088, 58226.349456, 3297.47377262, 0.428472471866, 69.698642306, 1.2983225528, 0.448714450055, 0.0325550005586, 0.00164043767886, 0.0406281300662, 0.0247019791362, 52.8055585585, 0.0205610211197, 0.0604246740497, 0.032139436254, 1.20841966492, 0, 0.630000
16, 214.053405146, 41.1502988929, 214.034796341, 41.1626787468, 6.87999612455e-05, 6.23979892375e-05, 0.980164749794, 6.87998190958e-05, 6.23978458681e-05, 0.980164654009, 58226.3491088, 58226.349456, 2735.5651114, 0.438604955054, 66.4621432172, 1.14033915576, 0.468598693256, 0.0327264883737, 0.00172200334863, 0.0495911031045, 0.0283359532164, 48.4656594232, 0.0224021754306, 0.0771983672008, 0.0361217899433, 1.19167810319, 0, 0.577000
17, 214.092754877, 41.1243385941, 214.056188587, 41.1485808446, 0.000131333495354, 0.000119052966285, 0.987897966832, 0.000131333498862, 0.000119052969267, 0.987897967432, 58226.3491088, 58226.349456, 6669.90310397, 0.105041922266, 130.423380168, 1.32529071831, 0.892898486378, 0.0478361121786, 0.00127985940949, 0.0463758325944, 0.0348270007641, 79.9094047404, 0.0135870891328, 0.0120498748503, 0.0373835388016, 9.20680401833, 0, 0.042000
18, 214.10039304, 41.1191823618, 214.085709085, 41.1287816417, 0.000162741610277, 0.000147321899805, 0.988417770587, 9.99144713313e-05, 9.05686644662e-05, 0.967466179684, 58226.3491088, 58226.349456, 2476.01361519, 0.324544458344, 52.0625654111, 1.36737765081, 0.92342602519, 0.0608635989015, 0.00403774193931, 0.130646428545, 0.0484379406878, 45.7578175461, 0.0237278843919, -0.032894762938, 0.0539374322321, 1.01709985834, 0, 0.310000
19, 214.116942047, 41.1079507891, 214.101043764, 41.1186119671, 8.50585586431e-05, 7.7347866584e-05, 0.907828161185, 0.00123433742087, 0.00111995905759, 0.999884745983, 58226.3491088, 58226.349456, 2680.90279214, 0.0761527681341, 57.0027169163, 1.19997304809, 5.94516311117, 0.0462269102649, 0.00291903376677, 0.116072691197, 0.116941675464, 49.8064517694, 0.0217991076695, -0.0505236899828, 0.118956111888, 1.05186331369, 0, 0.064000
20, 214.131058147, 41.098478474, 214.111524, 41.1114536481, 4.55033589213e-05, 4.12658472369e-05, 0.980104731938, 4.55032724474e-05, 4.12657709682e-05, 0.980104656892, 58226.3491088, 58226.349456, 3475.27518108, 0.510236445832, 69.7514652083, 1.19211285392, 0.309846291983, 0.0214528597658, 0.0010830575164, 0.0265856500281, 0.017533439166, 55.4516296462, 0.019579879107, 0.103348105731, 0.0262829441812, 1.30087155936, 0, 0.448000
21, 214.170838781, 41.0720358895, 214.15329729, 41.0835839214, 6.79130359839e-05, 6.15747423638e-05, 0.97888318649, 6.79129298369e-05, 6.15746378601e-05, 0.978883108294, 58226.3491088, 58226.349456, 2875.07335135, 0.454679920959, 62.4088303485, 1.11352625327, 0.462619905597, 0.0330616775006, 0.00184647166322, 0.0661930738054, 0.0295659660786, 49.3077324615, 0.0220195930852, 0.0405939256728, 0.0368647369419, 1.22106120915, 0, 0.675000
22, 214.214011481, 41.0430278765, 214.202217172, 41.0509102265, 0.000865678013415, 0.000782542781677, 0.998349527335, 0.00122763603923, 0.0011148460335, 0.999530248544, 58226.3491088, 58226.349456, 1983.57121182, 0.17150673774, 42.2502740707, 1.22285771671, 7.23420306551, 0.0730294412759, 0.00653147383494, 0.228013621489, 0.1907354189, 40.5983238624, 0.0267433751314, -0.136314919404, 0.192601163383, 0.950890834993, 0, 0.007000
23, 214.386256008, 40.9275347553, 214.296936864, 40.9876321517, 1.90985987339e-05, 1.7306080684e-05, 0.995598773162, 1.90985207118e-05, 1.73060095374e-05, 0.995598732937, 58226.3491088, 58226.349456, 15700.0324707, 0.00472415505455, 321.17929678, 1.12859395871, 0.129660552613, 0.00408034495943, 4.4153065961e-05, 0.0025625369518, 0.00342486973122, 132.193546198, 0.00821323155319, 0.118413169734, 0.00889870244598, 1.39382542375, 2, 0.002000
24, 214.404175877, 40.9153013552, 214.385985865, 40.9276323563, 5.98849892526e-05, 5.43197626434e-05, 0.98078684436, 5.98849266245e-05, 5.43197172781e-05, 0.980786812774, 58226.3491088, 58226.349456, 3091.66320867, 0.458411185952, 65.6482344142, 1.10027702826, 0.407870690442, 0.0281639563198, 0.00149910421912, 0.0527332426782, 0.0252703152809, 53.2594251886, 0.0203858040321, 0.115774255532, 0.0324679817733, 1.22721093178, 0, 0.472000
