\
\ strid, ra1, dec1, ra2, dec2, ra1_err, dec1_err, corr1, ra2_err, dec2_err, corr2, start_mjd, end_mjd, flux, bg, length, sigma, length_err, sigma_err, pa_err, bg_err, fit_mag_err, ap_snr, ap_mag_err, dmag, dmag_err, chi2, numfit, prob
\ null, deg, deg, deg, deg, deg, deg, null, deg, deg, null, days, days, dn, dn, pixels, pixels, pixels, pixels, deg, dn, mag, null, mag, mag, mag, null, null, null
\
1, 218.187111033, 38.4358498276, 218.180625267, 38.440115972, 0.000299155696559, 0.000299106508672, 0.923161261643, 0.000299155688258, 0.000299106500526, 0.923161256775, 58232.2480787, 58232.2484259, 1312.56839111, 36.4741471997, 23.6009133383, 1.33175909192, 2.1535915269, 0.263201105506, 0.0418032117555, 0.280301700806, 0.200563511788, 11.4941789912, 0.0944596569786, 0.539101400644, 0.221694269338, 1.20716043181, 2, 0.000000
2, 218.223994178, 38.419792604, 218.217495745, 38.4211613671, 0.000232762808408, 0.000222430812783, 0.478554354714, 0.000232690224708, 0.000222268701655, 0.476428031949, 58232.2480787, 58232.2484259, 949.266097542, 27.6743965896, 18.7527022038, 0.741976864724, 1.63260393765, 0.167091377421, 0.0328246658976, 0.690011897004, 0.228961287336, 6.31610165607, 0.171899735609, -0.410024965507, 0.286308906954, 1.25852463949, 0, 0.000000
3, 218.245662146, 38.4054461542, 218.240372296, 38.3973398727, 0.000284108957028, 0.000293808466982, 0.138872299114, 0.000576842714643, 0.000568386443295, 0.964567819976, 58232.2480787, 58232.2484259, 1785.72701635, 29.185416514, 32.3712640668, 0.87577674707, 3.24832270005, 0.145177857028, 0.0161933690258, 0.503079190497, 0.184441007894, 18.5840548593, 0.0584229982626, 0.389749660042, 0.193472820104, 1.15433951554, 1, 0.000000
4, 218.244113071, 38.3974874937, 218.237983712, 38.3946658135, 0.000164229638922, 0.000158483270173, 0.841526840181, 0.00016564508141, 0.000159672855339, 0.845572783158, 58232.2480787, 58232.2484259, 809.812608734, 37.0100388942, 19.8080781034, 0.645362521405, 1.1598353478, 0.109886205655, 0.0199315061822, 0.345661051556, 0.168114968829, 3.06273824377, 0.354498529858, -0.97076654518, 0.392341497188, 1.00654881526, 2, 0.000000
5, 218.237018443, 38.3890948829, 218.232029762, 38.3894033816, 0.000303900679838, 0.000348702418686, 0.0806579518572, 0.000316563256017, 0.000352715690691, 0.228795446886, 58232.2480787, 58232.2484259, 374.140882487, 39.2582551551, 13.9500647241, 0.222863644637, 2.20560282088, 0.0349713153513, 0.0106183996981, 0.419331776981, 0.179351644041, 4.00556618399, 0.271056863097, -0.632419642017, 0.325021284306, 1.22277020479, 7, 0.000000
6, 218.249493725, 38.375330988, 218.244831332, 38.380511118, 0.000249950072118, 0.00025880852059, 0.903985809011, 0.000250028879835, 0.000258862524708, 0.90409913485, 58232.2480787, 58232.2484259, 1211.57192365, 33.165765535, 22.5519836633, 0.87069097139, 1.82450325079, 0.188089429759, 0.030140249041, 0.628040848102, 0.218396202089, 8.02996487788, 0.135210579532, -0.14239208068, 0.256863391522, 1.28745358709, 0, 0.000000
7, 218.23920501, 38.3756631188, 218.237063233, 38.3718817802, 0.000120617806977, 0.000118135404067, 0.997715904867, 4.74315358045e-05, 4.8040756466e-05, 0.906413937535, 58232.2480787, 58232.2484259, 539.51347277, 38.5632829822, 14.7102649305, 0.218512463543, 0.64513505483, 0.0100484465982, 0.00219337812509, 0.0907097690794, 0.0587248621191, 11.5989256474, 0.0936066182132, 0.205385791696, 0.110502526687, 1.10221772254, 0, 0.000000
8, 218.240696614, 38.3666895279, 218.231210191, 38.3702574615, 0.000120107745704, 0.000117074259229, 0.462829908426, 0.000175546547772, 0.000176574721807, 0.918062302031, 58232.2480787, 58232.2484259, 526.263887765, 35.8603192128, 29.3437767795, 0.320942550957, 1.07449360427, 0.0385166572407, 0.00513999230715, 0.127112876305, 0.119346259679, 3.68968262698, 0.294262763095, -0.589481160985, 0.317543860662, 1.32019852889, 3, 0.000000
9, 218.221446126, 38.3600445673, 218.216287013, 38.3696948041, 0.000308108161769, 0.000317053744784, 0.0583766033765, 0.000526785842168, 0.000538159444446, 0.937498726014, 58232.2480787, 58232.2484259, 1142.12851146, 37.9728534797, 37.2192610428, 0.55521987251, 3.12594833051, 0.108930238895, 0.0104218702849, 0.529492591724, 0.206301283195, 5.5690270651, 0.194959764437, -0.575503963435, 0.283847721846, 1.32976254354, 5, 0.000000
10, 218.23026147, 38.3663864123, 218.228830786, 38.3626052882, 0.000210608951368, 0.00022057101964, 0.492954712258, 0.000214367703966, 0.000225600208997, 0.535161363456, 58232.2480787, 58232.2484259, 468.423615609, 32.2158411144, 14.0234641113, 0.635289968645, 1.56284749989, 0.172861120972, 0.0452870612535, 0.471736134532, 0.272333480451, 3.69834922423, 0.293573196832, -0.382326409576, 0.400438193074, 1.25747642694, 0, 0.000000
11, 218.2293627, 38.3281757845, 218.226622858, 38.3244876278, 0.000409839268749, 0.000434505348869, 0.786179037961, 0.000409839264148, 0.000434505342965, 0.78617903102, 58232.2480787, 58232.2484259, 945.025698133, 37.4952231572, 15.1769107882, 1.35515743176, 3.0741293319, 0.462145127793, 0.119933038567, 0.704599736514, 0.36180544334, 8.93973757069, 0.121450567891, 0.522129574866, 0.381645672413, 1.3552923888, 0, 0.000000
12, 218.225844369, 38.2974822562, 218.22189372, 38.2886294997, 0.000596895471913, 0.000618738417587, 0.593897928714, 0.000596895458667, 0.000618738402789, 0.593897887159, 58232.2480787, 58232.2484259, 893.707780451, 42.3235967422, 33.3509415665, 1.27476945601, 4.35680719779, 0.44530780454, 0.0484655479187, 0.283524311491, 0.349417384703, 5.46545659651, 0.198654254331, 0.290376351489, 0.401940320815, 1.18521650143, 3, 0.000000
13, 218.221750552, 38.2595736579, 218.216256048, 38.2676267976, 0.000247048345544, 0.000251424968389, 0.998199839129, 7.8486712084e-05, 7.80362968375e-05, 0.812425629746, 58232.2480787, 58232.2484259, 639.976750532, 44.5057835664, 32.4942821907, 0.209502769549, 1.31422850332, 0.0164226375171, 0.00204569510136, 0.125380744732, 0.0859527047199, 9.19911226203, 0.118026193597, 0.150612937745, 0.146007019775, 1.04007819722, 0, 0.000000
14, 218.221782383, 38.2356650868, 218.215913718, 38.2389321115, 0.000316124675396, 0.000310979019183, 0.88072741367, 0.000316124857246, 0.000310979081653, 0.880727424981, 58232.2480787, 58232.2484259, 1100.87329824, 34.6676753687, 20.0964560143, 1.19307659267, 2.25996372974, 0.283503594261, 0.0529249527605, 0.438602951897, 0.243490420662, 6.53654262731, 0.166102520348, -0.0528827973827, 0.29475011827, 1.26371672664, 0, 0.000000
15, 218.207734385, 38.2196274263, 218.204486685, 38.2148369116, 0.000237508120548, 0.000237012314019, 0.918760607915, 0.000170145152815, 0.000169310389193, 0.654567257272, 58232.2480787, 58232.2484259, 584.040794633, 39.1129568989, 19.2974900287, 0.284643394711, 1.47273265531, 0.0267886556196, 0.00479760177155, 0.214106293294, 0.108770512698, 7.22545702777, 0.150265401979, -0.167032930052, 0.185501254617, 1.16024074873, 0, 0.000000
16, 218.21380737, 38.2075952882, 218.206869446, 38.2088346231, 0.00021468705825, 0.000202453618185, 0.406914769651, 0.00021469337335, 0.000202437831775, 0.406626571705, 58232.2480787, 58232.2484259, 1092.46131938, 31.0993173903, 19.8838140842, 0.936982671729, 1.49869420913, 0.168755057767, 0.031296730454, 0.391421325683, 0.181706913796, 6.97645519947, 0.155628635706, -0.204392303435, 0.239243964967, 1.2125296035, 0, 0.000000
17, 218.21902781, 38.2018662774, 218.214686393, 38.1965715391, 0.000518565453232, 0.00056563470295, 0.743882721957, 0.000659800876781, 0.000678924948666, 0.874591682801, 58232.2480787, 58232.2484259, 2954.65462647, 24.2596369666, 22.3943947836, 2.52523141831, 4.52574070553, 0.702771647351, 0.12187652408, 1.48261773255, 0.348916072291, 17.9614319189, 0.0604481986549, -0.0511243154629, 0.354113555549, 1.20564878559, 1, 0.002000
18, 218.195721207, 38.1944255573, 218.191352267, 38.1917765876, 2.98594854104e-05, 3.07275378472e-05, 0.770741789143, 7.8667818739e-05, 7.58204815193e-05, 0.985393721137, 58232.2480787, 58232.2484259, 596.766329852, 35.4681080088, 15.4186527853, 0.304109994427, 0.413267195679, 0.0264968558877, 0.00623698237236, 0.255774977489, 0.0816500221885, 4.88931157036, 0.222063206473, -0.724227010442, 0.23659838079, 0.904117563062, 0, 0.000000
19, 218.607948591, 38.026936378, 218.605142796, 38.0204736992, 7.15376888474e-05, 7.13621817843e-05, 0.69640597477, 6.32420850417e-05, 6.44053451369e-05, 0.433322699716, 58232.2480787, 58232.2484259, 957.339865038, 36.2605247643, 24.2832963752, 0.435924582022, 0.482066357082, 0.0388895926345, 0.00548397604988, 0.187541638826, 0.0843197273856, 11.2173108142, 0.0967911313814, 0.108178378803, 0.128367984873, 1.24764273957, 0, 0.000000
20, 218.604657572, 38.0219703425, 218.600377885, 38.0229158861, 0.000663321779759, 0.000646331889992, 0.826967393109, 0.000507998672477, 0.000474164915211, 0.0560537527213, 58232.2480787, 58232.2484259, 298.601679435, 34.0938539852, 12.449861937, 0.176629534295, 4.23341565669, 0.0147335583818, 0.00469438417848, 0.188596115706, 0.359147400082, 10.9817011365, 0.0988677611294, 0.526796428283, 0.372507300836, 0.87171566602, 0, 0.000000
21, 218.653274009, 38.0123388853, 218.650861277, 38.0101411068, 0.000148025237725, 0.000145633106281, 0.967686898599, 0.000128519957551, 0.00012284599405, 0.956253557386, 58232.2480787, 58232.2484259, 412.740647071, 36.3373295298, 10.3310870282, 0.338903385331, 1.02123117816, 0.0779426274853, 0.0226595145983, 0.546441205691, 0.192574203784, 5.84379956346, 0.185792854968, -0.191217209152, 0.267588880412, 0.974837271787, 1, 0.000000
22, 218.612130488, 38.0076814373, 218.608198522, 38.009696554, 9.48095929208e-05, 9.29551918365e-05, 0.931524117731, 6.81297523766e-05, 7.09807873543e-05, 0.833286369489, 58232.2480787, 58232.2484259, 584.622716182, 40.3611051846, 13.1402659161, 0.304211804252, 0.581787997216, 0.040973666405, 0.0120493068717, 0.336563377977, 0.125746536393, 12.6560037363, 0.0857882335832, 0.402596422071, 0.152222903783, 1.30186627058, 0, 0.000000
23, 218.638549984, 37.9977011992, 218.634597108, 37.9940383969, 1.78473382573e-05, 1.89393292554e-05, 0.882754829304, 1.89822046502e-05, 1.78537790271e-05, 0.902615259298, 58232.2480787, 58232.2484259, 317.825108743, 35.9410147655, 17.0950962085, 0.0927193948219, 0.146808989858, 0.0244894702911, 0.00450734308505, 0.569864830981, 0.241219649427, 12.7051826433, 0.0854561666086, 0.473910497822, 0.25590950682, 0.917934221959, 1, 0.000000
