\
\ strid, ra1, dec1, ra2, dec2, ra1_err, dec1_err, corr1, ra2_err, dec2_err, corr2, start_mjd, end_mjd, flux, bg, length, sigma, length_err, sigma_err, pa_err, bg_err, fit_mag_err, ap_snr, ap_mag_err, dmag, dmag_err, chi2, numfit, prob
\ null, deg, deg, deg, deg, deg, deg, null, deg, deg, null, days, days, dn, dn, pixels, pixels, pixels, pixels, deg, dn, mag, null, mag, mag, mag, null, null, null
\
1, 202.645595607, 46.2498381822, 202.624904005, 46.2773018567, 0.000191805634922, 0.000193915635816, 0.746011699532, 0.000191805633892, 0.000193915634879, 0.746011694371, 58186.3454745, 58186.3458217, 17516.1003651, 1.00596842029, 110.094069604, 5.53315860011, 1.38663050419, 0.161407835945, 0.00541286929572, 0.0357371275066, 0.0296975593709, 100.455140046, 0.0108081697388, 0.111374471813, 0.0316031891697, 3.97323186377, 7, 0.002000
2, 203.36837415, 46.2605069098, 203.366420935, 46.2549497993, 3.57700395619e-05, 3.9037913313e-05, 0.460558237276, 3.57715489182e-05, 3.90381937276e-05, 0.460702153172, 58186.3454745, 58186.3458217, 1142.71246981, 0.29064375488, 20.3312046344, 0.974271489355, 0.268983552945, 0.0305685080971, 0.00554251094393, 0.0691937891791, 0.0317016757226, 31.7167229393, 0.0342322946427, 0.0110199557935, 0.0466566848385, 1.14683049457, 0, 0.000000
3, 202.659639146, 46.2094871213, 202.659229823, 46.1990637961, 1.84966025382e-05, 1.98326085224e-05, 0.0978941696642, 1.8496602519e-05, 1.98326085071e-05, 0.0978941356041, 58186.3454745, 58186.3458217, 6571.01310949, 0.69440370015, 37.0778051877, 1.59869965648, 0.137528766454, 0.0147660605422, 0.00146929751788, 0.0185833196357, 0.00913893865605, 82.0903467948, 0.0132261130224, 0.180243487718, 0.0160763884452, 1.4702246037, 0, 0.011000
4, 202.743951707, 46.2042202706, 202.73284551, 46.2126362314, 0.00033909655792, 0.000343936388286, 0.811789863035, 0.000690891413211, 0.000641092848702, 0.963451532526, 58186.3454745, 58186.3458217, 3361.45315599, 1.03237376102, 40.5210718872, 4.89817654192, 3.94578843561, 0.504744850094, 0.0486631163786, 0.236770615904, 0.156067235123, 42.2032970617, 0.0257263361005, -0.131893490262, 0.158173405628, 1.25497120201, 0, 0.042000
5, 202.719778492, 46.1988945828, 202.67871524, 46.1865047129, 0.000417376737323, 0.000325714380912, 0.107185804635, 0.000569497322045, 0.0005546188722, 0.882507170914, 58186.3454745, 58186.3458217, 25483.1037563, -0.394963436151, 110.257390568, 15.4601251736, 3.62370535557, 0.495493166061, 0.0171486633945, 0.0713744017223, 0.0510014954645, 175.986453052, 0.0061694305779, -0.126662449915, 0.0513732850154, 1.19997250516, 0, 0.008000
6, 202.609262195, 46.1991160697, 202.596586455, 46.1920491904, 0.000343526449684, 0.000324004603055, 0.732314920208, 0.000749584491153, 0.00076254902527, 0.973591974667, 58186.3454745, 58186.3458217, 2435.64526697, -0.586687632938, 40.063776881, 4.1716438013, 4.32484578298, 0.470835854237, 0.0427604770678, 0.258770905313, 0.181840726486, 57.4751583914, 0.0188905300158, -0.152304834206, 0.182819314989, 1.16753743223, 7, 0.004000
7, 202.692117629, 46.1934426137, 202.676415925, 46.1851897924, 0.000263263046942, 0.000255211749847, 0.76968399182, 0.000385714675644, 0.00040440612307, 0.940755151466, 58186.3454745, 58186.3458217, 3570.69325301, 1.28521328801, 48.5312229358, 4.33353710458, 2.45750665118, 0.306159035737, 0.0235736824754, 0.134443083224, 0.0911751184971, 39.9658559697, 0.0271665945446, -0.0620581115117, 0.0951363552598, 1.19254302396, 0, 0.014000
8, 202.688373199, 46.1949195808, 202.672673042, 46.1864346428, 0.00293397486221, 0.00312157444049, 0.998562545911, 0.000577790403037, 0.000513724765765, 0.54183235514, 58186.3454745, 58186.3458217, 4234.68898743, 0.556736768327, 49.0311384081, 4.958299557, 15.5926816043, 0.425241176092, 0.0347692336221, 0.254772932732, 0.35333397904, 51.0393124255, 0.0212725476336, -0.268549169166, 0.353973758953, 1.15954336563, 0, 0.008000
9, 202.622553195, 46.18221193, 202.616276678, 46.1877378392, 8.43144634314e-05, 8.22756282218e-05, 0.908452329334, 8.43143963403e-05, 8.22755610253e-05, 0.908452129051, 58186.3454745, 58186.3458217, 923.116897019, 0.220175083558, 24.9941594121, 1.1718670166, 0.598180640049, 0.0671470416666, 0.00991242742393, 0.0613080517805, 0.0575808563976, 31.8172160676, 0.0341241736063, 0.262797408416, 0.0669329085562, 1.39487244271, 0, 0.000000
10, 202.633599055, 46.1866938144, 202.629108974, 46.1878842585, 5.55449512203e-05, 4.16598588335e-05, 0.591840333621, 5.55385096415e-05, 4.16598272786e-05, 0.591848472036, 58186.3454745, 58186.3458217, 11423.0213047, 6.98564478444, 11.8344872725, -2.25773011972, 0.378888778968, 0.0735388436255, 0.0294922296279, 0.780297390272, 0.0379142103527, 88.9227196183, 0.0122098852736, 0.0593223626819, 0.0398317542303, 2.81488648123, 3, 0.112000
11, 202.724971408, 46.1048745201, 202.722374365, 46.0957594246, 0.00131862466265, 0.00135638672365, 0.88273516099, 0.00196719569455, 0.00211227916777, 0.978342269044, 58186.3454745, 58186.3458217, 1860.91629948, 1.17500293862, 33.0432930933, 3.11483226292, 12.5262828178, 0.337298098103, 0.0380539711392, 0.332093896303, 0.415508405354, 30.613698953, 0.035465698099, -0.270570434579, 0.417019244954, 1.03149956107, 0, 0.002000
12, 202.725373834, 46.0983086857, 202.722884494, 46.0946218392, 0.00010010879348, 0.000110415826098, 0.741914183463, 0.000100107332736, 0.000110411044681, 0.741906522317, 58186.3454745, 58186.3458217, 203.418068597, 5.33490117058, 14.4781444048, 0.941031935268, 0.760661182065, 0.0991898402683, 0.0260223892558, 0.057417601668, 0.10817723517, 12.3590029641, 0.0878498215359, 1.01574480964, 0.139355320504, 0.788455872246, 0, 0.000000
13, 202.665849457, 46.084460124, 202.661817767, 46.0956264357, 0.000136155601226, 0.000141748565753, 0.239586609402, 0.000149609929174, 0.000151728750834, 0.55963370503, 58186.3454745, 58186.3458217, 1375.48707251, 0.709372294713, 40.9346202682, 1.44121556353, 1.0418194559, 0.0924947320261, 0.00794494604339, 0.1079758739, 0.067886461167, 28.4286067559, 0.0381916783358, -0.0659075798651, 0.0778920785696, 1.1671759745, 0, 0.002000
