\
\ strid, ra1, dec1, ra2, dec2, ra1_err, dec1_err, corr1, ra2_err, dec2_err, corr2, start_mjd, end_mjd, flux, bg, length, sigma, length_err, sigma_err, pa_err, bg_err, fit_mag_err, ap_snr, ap_mag_err, dmag, dmag_err, chi2, numfit, prob
\ null, deg, deg, deg, deg, deg, deg, null, deg, deg, null, days, days, dn, dn, pixels, pixels, pixels, pixels, deg, dn, mag, null, mag, mag, mag, null, null, null
\
1, 199.06147412, 30.918896866, 199.056361795, 30.9181890197, 0.000618958636889, 0.000503818151178, 0.320751119048, 0.000618958266257, 0.000503817760074, 0.320747564963, 58217.2848958, 58217.285243, 649.404506919, 15.4635266021, 15.7944941952, 1.8675656895, 4.16276679858, 0.705824824729, 0.183550025768, 0.479387127323, 0.420148164479, 3.1933127993, 0.34000308551, -0.484343934147, 0.540487352554, 1.20914748198, 0, 0.000000
2, 199.036111192, 30.9167150629, 199.030283912, 30.9098106347, 0.000709903064217, 0.000702802591682, 0.863649757857, 0.000709903064927, 0.00070280259374, 0.863649757956, 58217.2848958, 58217.285243, 954.34309026, 17.4582927223, 30.3107380254, 2.00614123406, 5.10680453329, 0.679264169542, 0.0840470066491, 0.295691512615, 0.356933105632, 5.5471409238, 0.19572897456, 0.047409050041, 0.40707625008, 1.35840354919, 0, 0.000000
3, 199.023623947, 30.9013553168, 199.018439796, 30.8980552325, 0.00219743403848, 0.00212456955425, 0.990534608691, 0.000696883163365, 0.000630586599377, 0.551348208358, 58217.2848958, 58217.285243, 684.624200252, 15.7851152863, 19.6937296291, 1.58130672283, 11.5556266557, 0.690578839154, 0.14525983049, 0.860261989734, 0.728037925419, 6.06717484766, 0.178952516125, -0.178319082221, 0.74970875937, 1.27697883472, 4, 0.000000
4, 199.077580855, 30.8857344883, 199.0722285, 30.8914164939, 0.000170606333661, 0.000181481794859, 0.963741573694, 0.000167219357177, 0.000178088741355, 0.961693970555, 58217.2848958, 58217.285243, 634.914950394, 19.2163748148, 25.9759592483, 0.624318267708, 1.24674061689, 0.100437931806, 0.0138468868808, 0.255862932146, 0.15945430356, 5.23726698628, 0.207309691792, -0.376344656295, 0.261539639892, 1.29230894176, 0, 0.000000
5, 199.072219427, 30.8769576922, 199.063450296, 30.8807093451, 0.0002256316641, 0.000229389853434, 0.741665824264, 0.000224605441108, 0.000228373175294, 0.736998528466, 58217.2848958, 58217.285243, 502.866660346, 19.6256928004, 29.8958297062, 0.779511039771, 1.62260848475, 0.137220352004, 0.016440134776, 0.115448409041, 0.172646757505, 2.23832551569, 0.485066268131, -0.855760538708, 0.514874923992, 1.22421064799, 0, 0.000000
6, 199.026981802, 30.8770975575, 199.020508625, 30.8822968745, 0.000563844749242, 0.000590899127981, 0.951637790638, 0.000563867289784, 0.00059092211354, 0.951642005755, 58217.2848958, 58217.285243, 477.806115797, 16.7992629378, 27.0520638209, 0.994221647874, 4.14287857622, 0.422715113132, 0.0555428940573, 0.480104526258, 0.439244166215, 3.15879616653, 0.343718349497, -0.426165665625, 0.557743436837, 1.26163294024, 3, 0.000000
7, 199.072522298, 30.8704436947, 199.069033266, 30.874554649, 0.000521313809786, 0.000569014142276, 0.873899369942, 0.000521313823981, 0.000569014153641, 0.873899378761, 58217.2848958, 58217.285243, 697.187693109, 16.5847587121, 18.0822768316, 1.64885303037, 3.98442714373, 0.614883395134, 0.131537804286, 0.581229951695, 0.411232528143, 5.51228754825, 0.196966539799, -0.0286659306689, 0.455969308182, 1.37210920239, 0, 0.000000
8, 199.056812904, 30.8719334851, 199.051358614, 30.8743353388, 0.000146121630942, 0.000147087136409, 0.746539506205, 0.000146155180474, 0.000147806739607, 0.752457426485, 58217.2848958, 58217.285243, 406.081613368, 21.2759086561, 18.7055541935, 0.63764884248, 1.05205287735, 0.0990886602869, 0.0192288333003, 0.233735401981, 0.156454491333, 3.39630019567, 0.319682048761, -0.470629112475, 0.355913781916, 1.20230876738, 6, 0.000000
9, 199.35015911, 30.621712939, 199.346623646, 30.6206841571, 0.000245629223656, 0.000210495481275, 0.587713616383, 0.00024562905197, 0.000210495834501, 0.587716957396, 58217.2848958, 58217.285243, 555.43754109, 17.4785433659, 11.4210720494, 1.12023624141, 1.67028753907, 0.260491835534, 0.0915410325269, 0.422267746934, 0.247603866214, 6.71827837169, 0.161609291055, 0.160765699566, 0.295677590493, 1.23107348858, 0, 0.000000
10, 199.353185888, 30.6169122015, 199.351916162, 30.6198905067, 0.000244994610852, 0.00027339530205, 0.640719623633, 0.000246086623689, 0.000274634497649, 0.647546122374, 58217.2848958, 58217.285243, 251.739632203, 16.2708086912, 11.2785196116, 0.721098652626, 1.87866323971, 0.245122238774, 0.0821170436609, 0.435683110772, 0.35121867501, 3.48671214226, 0.311392555639, -0.102869940891, 0.469382446821, 1.15779098744, 0, 0.000000
