\
\ strid, ra1, dec1, ra2, dec2, ra1_err, dec1_err, corr1, ra2_err, dec2_err, corr2, start_mjd, end_mjd, flux, bg, length, sigma, length_err, sigma_err, pa_err, bg_err, fit_mag_err, ap_snr, ap_mag_err, dmag, dmag_err, chi2, numfit, prob
\ null, deg, deg, deg, deg, deg, deg, null, deg, deg, null, days, days, dn, dn, pixels, pixels, pixels, pixels, deg, dn, mag, null, mag, mag, mag, null, null, null
\
1, 97.4624294219, 22.6798386283, 97.4419107175, 22.685829857, 0.000426990479871, 0.000412684808563, 0.47679219388, 0.000445292744762, 0.000433472591657, 0.593800527462, 58096.2607407, 58096.2610879, 11552.9221891, 1.90959763164, 70.6107605861, 2.26296787172, 3.07897400197, 0.279577089149, 0.0141015394736, 0.461999766455, 0.125178177986, 93.0860426286, 0.0116637916287, 0.137450289758, 0.125720405182, 10.7801131392, 4, 0.070000
2, 97.1496645324, 22.6834664086, 97.1401436706, 22.6799012373, 0.000251804540197, 0.000237534538514, 0.675893149443, 0.000251804539806, 0.000237534537865, 0.675893145334, 58096.2607407, 58096.2610879, 5609.31461326, -0.854327180387, 33.7076289916, 1.46680958958, 1.75620008072, 0.190461770125, 0.0207262368313, 0.514002040677, 0.130150612243, 70.7154781195, 0.0153535864231, -0.695963419612, 0.131053097954, 22.1124765008, 0, 0.506000
3, 96.6050772516, 22.6869977406, 96.5952295911, 22.6878791384, 0.000602519140511, 0.000514610490101, 0.144919994595, 0.000627195353716, 0.000552322860016, 0.455845697382, 58096.2607407, 58096.2610879, 5528.44949088, 4.93778879864, 32.4554633701, 2.98445048885, 4.27336912236, 0.548530982179, 0.0602682605, 1.2993144552, 0.242035273021, 49.9374663402, 0.0217419161269, -0.0622401092717, 0.243009844045, 3.33547647663, 0, 0.035000
4, 97.4527040095, 22.6668362991, 97.4482327928, 22.6622822301, 0.000464444493316, 0.000463968525865, 0.91326196947, 0.000464444455465, 0.000463968494721, 0.913261954257, 58096.2607407, 58096.2610879, 2962.05980277, -5.77214077545, 21.8444304731, 1.61977379196, 3.3684232996, 0.476473141392, 0.0817629941567, 1.69712701919, 0.320094435314, 56.9596788632, 0.0190614874667, -0.0148946344694, 0.320661484783, 9.96630622145, 4, 0.116000
5, 97.1403600042, 22.6690217864, 97.1358098361, 22.6654539687, 0.000446460224012, 0.00043186156328, 0.911009534608, 0.000446450865649, 0.000431850413215, 0.911004357935, 58096.2607407, 58096.2610879, 2152.40132026, -5.42748625209, 19.5864787725, 1.44505013437, 3.19206773708, 0.457259829686, 0.0858540869757, 1.99473451496, 0.354122204945, 64.1577599583, 0.0169229132293, 0.0106982065311, 0.354526333334, 6.68743460105, 0, 0.058000
6, 96.8741609917, 22.6553039471, 96.8590800697, 22.6610072239, 0.000248514900339, 0.000202002932172, 0.59449576637, 0.000248514902308, 0.000202002933907, 0.594495777561, 58096.2607407, 58096.2610879, 67289.5325522, -1.27836261093, 53.4692102948, 8.88646784331, 1.71441522661, 0.321880527403, 0.0273928831695, 0.254685009924, 0.0410837018853, 349.114394772, 0.00310997260788, -0.00107066349354, 0.0412012437946, 4.97928140925, 0, 0.015000
7, 97.0014869464, 22.6405616847, 96.995632895, 22.6423109613, 0.000527509904389, 0.00047201365227, 0.523311177338, 0.000527509919577, 0.000472013671767, 0.523311265246, 58096.2607407, 58096.2610879, 2717.36060847, -4.71568331938, 20.1898711867, 1.77366966982, 3.64999813416, 0.555741786783, 0.105540340106, 1.64444033431, 0.346064584243, 53.4565817055, 0.0203106178906, -0.080134136156, 0.346660089521, 8.57308184661, 1, 0.052000
8, 97.421219929, 22.6374825935, 97.4150318913, 22.6291411626, 0.000878855693064, 0.000880250630157, 0.914603446287, 0.000703222016392, 0.000725316690749, 0.821248942999, 58096.2607407, 58096.2610879, 6092.98199513, -9.35117895144, 35.9360652054, 2.21554109309, 5.84121308348, 0.681506961636, 0.0655926386045, 2.81068395745, 0.375951094288, 123.369176931, 0.00880070882995, 0.0794544193837, 0.376054088892, 9.92274389425, 0, 0.207000
9, 96.9448351885, 22.6346749432, 96.940927036, 22.6375672918, 0.000488498915293, 0.000476861817083, 0.869977462135, 0.000488498914322, 0.000476861815459, 0.86997746105, 58096.2607407, 58096.2610879, 2361.11752478, -4.04524829933, 16.4342368887, 1.64607234454, 3.53656288963, 0.567754118159, 0.13558262353, 2.04034050966, 0.384634861343, 76.4064254119, 0.0142100117746, -0.00904311284713, 0.384897260311, 9.28412799853, 0, 0.052000
10, 96.9448268853, 22.6304423283, 96.9391298776, 22.6335645073, 0.000613679403258, 0.00057663843592, 0.787749495793, 0.000613695996865, 0.000576660152524, 0.787775184832, 58096.2607407, 58096.2610879, 2620.97131276, -4.54756815049, 21.7387875748, 1.99140141425, 4.35004727532, 0.675978927611, 0.119557845385, 1.48498505697, 0.37875132304, 55.3370849573, 0.019620408368, 0.0687977685388, 0.379259179361, 7.49329011498, 2, 0.023000
11, 97.2505722965, 22.6121272591, 97.2445251324, 22.6173170266, 0.000780112897698, 0.000795910661684, 0.982324819605, 0.000409598166018, 0.000410554289982, 0.920656252767, 58096.2607407, 58096.2610879, 3792.87554806, -7.45691979302, 27.0928803344, 1.46716923405, 4.54206715642, 0.381123202057, 0.0512003459255, 2.20051272171, 0.312265144824, 94.2682267027, 0.0115175201946, -0.0423280880398, 0.312477477498, 7.31061384666, 0, 0.161000
12, 97.2150834446, 22.6082565437, 97.2120572963, 22.6125042635, 0.000329050359627, 0.000346583382274, 0.8636124871, 0.000329049688395, 0.000346582458602, 0.863611762908, 58096.2607407, 58096.2610879, 1782.29977991, -5.37598953057, 18.0691913411, 1.11890040401, 2.43835134823, 0.313817804089, 0.0649747110297, 1.2505708972, 0.292014669213, 16.8070725449, 0.0645999594433, -0.812656941478, 0.299074776262, 9.78067646234, 4, 0.000000
13, 97.2498498939, 22.600858784, 97.2474161172, 22.6041896254, 0.000410263327549, 0.000441920615182, 0.836479268402, 0.000410263318957, 0.000441920609969, 0.836479258467, 58096.2607407, 58096.2610879, 1868.22904248, -5.79670990254, 14.2803128112, 1.43542475936, 3.12433703056, 0.502267363922, 0.137992781795, 2.17370245145, 0.390767116156, 49.2083277108, 0.0220640744213, 0.0436633715306, 0.391389527771, 8.49223103619, 1, 0.017000
14, 96.9680972686, 22.6028904945, 96.9632758547, 22.6046423544, 0.000278166813266, 0.000251924069065, 0.608004729267, 0.000278166814921, 0.000251924070963, 0.608004740983, 58096.2607407, 58096.2610879, 3282.96212755, -4.1455282786, 17.0051726936, -1.55962089615, 1.93205256748, 0.292565572076, 0.0683851255851, 0.893007828825, 0.197767692122, 28.5690872453, 0.0380038814484, -0.849037619269, 0.201386084555, 14.3514248951, 0, 0.008000
15, 97.0173372104, 22.5816158345, 97.0111241688, 22.5795322228, 0.000567304913425, 0.000500370267201, 0.594392857081, 0.000567299673807, 0.000500363820648, 0.594370910882, 58096.2607407, 58096.2610879, 3531.56805851, -7.08408402056, 21.7006302312, 1.95609188452, 3.90811284752, 0.605997236931, 0.106450392352, 1.97039699578, 0.348243191691, 59.1696457098, 0.0183495471662, 0.0616557160969, 0.348726291581, 8.85889069352, 1, 0.030000
16, 96.9356747757, 22.5792830828, 96.9279669204, 22.5758096941, 0.00104401773997, 0.000993255200734, 0.857105577401, 0.000828322486677, 0.000755457444743, 0.581254489217, 58096.2607407, 58096.2610879, 3571.65892644, -7.937292279, 28.1562462506, 1.89690362733, 6.6461793539, 0.770517741745, 0.0993920672327, 2.52017013686, 0.475100726883, 52.6348734013, 0.0206276967075, -0.0469504075051, 0.475548317793, 11.5472527576, 6, 0.023000
17, 97.3571307842, 22.5673491259, 97.3537887546, 22.5701774485, 0.000429128489051, 0.000428801093801, 0.89834991238, 0.000429128482645, 0.000428801086804, 0.898349908947, 58096.2607407, 58096.2610879, 2387.66584695, -7.29957552252, 14.8817558242, 1.34264306919, 3.12792098877, 0.47814988163, 0.124733634869, 2.63272629471, 0.388921367891, 49.4316136614, 0.0219644095011, 0.00479014835641, 0.389541096274, 13.2093365341, 0, 0.156000
18, 97.1064445259, 22.5709205059, 97.1005625168, 22.570450378, 0.000574319691199, 0.000505606882493, 0.173262824924, 0.000574319695359, 0.000505606885932, 0.173262891897, 58096.2607407, 58096.2610879, 2152.02413774, -5.46922660653, 19.3843908675, 1.50372697949, 3.9275058231, 0.562907262154, 0.110363296912, 1.70483523853, 0.403466982116, 33.0553971982, 0.0328459585056, -0.194922702938, 0.40480175722, 11.2271273217, 0, 0.002000
19, 97.4276444437, 22.5633075782, 97.41686823, 22.5492625978, 0.000391013117492, 0.000391381927315, 0.900585751964, 0.000405595182498, 0.000404872736141, 0.912511486242, 58096.2607407, 58096.2610879, 9865.69282952, -3.1246169029, 61.203678716, 1.77130998298, 2.85051355343, 0.253612671378, 0.0146309373871, 0.752464300229, 0.145389343041, 200.807789568, 0.00540684306668, -0.112990594941, 0.145489845082, 11.168339504, 7, 0.148000
20, 97.3609529718, 22.5498016036, 97.3570617384, 22.5455422275, 0.000387792148798, 0.000390991642196, 0.900031701517, 0.000387792148805, 0.000390991642468, 0.900031701485, 58096.2607407, 58096.2610879, 2439.06573287, -4.44555567598, 19.815621911, 1.53014179675, 2.82293854274, 0.399750437397, 0.0776563101677, 0.997347738016, 0.274920712014, 11.6958088284, 0.0928312201995, -1.29384607646, 0.290170696897, 9.95017502936, 1, 0.002000
21, 96.8409260123, 22.5424499133, 96.846177384, 22.5458874735, 1.10297365595e-05, 1.05247333061e-05, 0.881805087547, 1.1029736244e-05, 1.05247330372e-05, 0.881805079624, 58096.2607407, 58096.2610879, 27516.7820157, 1.87317493514, -21.1345121957, 1.36025850132, 0.0777890081403, 0.0101054787027, 0.00181270192313, 0.265434694859, 0.00762510942936, 165.919698728, 0.00654374503498, 0.0671238302811, 0.0100480293039, 1.79598399742, 0, 0.358000
22, 97.0449970649, 22.5270473351, 97.0395826108, 22.5289143525, 0.000474018031172, 0.000429940286396, 0.58631533013, 0.000474018033697, 0.000429940288691, 0.586315339044, 58096.2607407, 58096.2610879, 2114.25619871, -1.92477100796, 18.9784540548, -1.64557867378, 3.29185722374, 0.490810470106, 0.100930488774, 1.02111096702, 0.318322086173, 129.628792921, 0.0083757333559, -0.0702975669414, 0.318432258816, 8.89357483897, 0, 0.037000
23, 97.3205981468, 22.519718441, 97.3180564385, 22.5225451409, 0.000237150114549, 0.000247139193622, 0.882484447087, 0.000237150092809, 0.000247139165203, 0.882484424046, 58096.2607407, 58096.2610879, 1481.40168787, 2.28033406649, 13.0632986082, 1.2918493436, 1.76656800816, 0.274149161156, 0.0853303555268, 0.411785225229, 0.221295560062, 89.8170603807, 0.0120883070561, 1.51028155228, 0.221625477034, 22.4686049154, 2, 0.003000
24, 97.1967951241, 22.4994857221, 97.1928960348, 22.4951906305, 0.000497118605764, 0.000499779456178, 0.908476652985, 0.000497118595246, 0.000499779444634, 0.908476648608, 58096.2607407, 58096.2610879, 1700.00421257, -1.20121786796, 19.9320319663, 1.35919863558, 3.6035664501, 0.483698672357, 0.0917861352363, 1.10882599673, 0.37250161661, 95.2390503867, 0.0114001158175, -0.319796960135, 0.372676021523, 11.0134483479, 6, 0.009000
25, 96.8672367167, 22.4943584422, 96.8604458092, 22.50130458, 0.000561162068483, 0.000575310695161, 0.927977795187, 0.000561162343865, 0.000575310936326, 0.927977869202, 58096.2607407, 58096.2610879, 4366.77316371, -2.95724332395, 33.2723394087, -2.09074349738, 4.106368236, 0.538110878282, 0.0597456172311, 1.0557694865, 0.274779014877, 115.592638438, 0.00939277984683, -0.0337211232692, 0.274939504855, 9.04673588159, 2, 0.043000
26, 97.3702911584, 22.4659604905, 97.3644452574, 22.4538983724, 0.000169135834644, 0.000175728691625, 0.694177028505, 0.00016913583404, 0.000175728691253, 0.694177023755, 58096.2607407, 58096.2610879, 12812.4993423, 0.941704766328, 46.9949752712, 2.25049304027, 1.23862788447, 0.140286825612, 0.0110416278473, 0.243179148854, 0.062609842535, 144.219065693, 0.00752838190664, 0.655133691018, 0.0630608350435, 12.0450730331, 1, 0.042000
