\
\ strid, ra1, dec1, ra2, dec2, ra1_err, dec1_err, corr1, ra2_err, dec2_err, corr2, start_mjd, end_mjd, flux, bg, length, sigma, length_err, sigma_err, pa_err, bg_err, fit_mag_err, ap_snr, ap_mag_err, dmag, dmag_err, chi2, numfit, prob
\ null, deg, deg, deg, deg, deg, deg, null, deg, deg, null, days, days, dn, dn, pixels, pixels, pixels, pixels, deg, dn, mag, null, mag, mag, mag, null, null, null
\
1, 77.1198772683, 40.3267808968, 77.1181567931, 40.3235850425, 6.14838272473e-05, 7.06281651975e-05, 0.687007755524, 6.14834787723e-05, 7.06285892302e-05, 0.686998341978, 58096.1312963, 58096.1316435, 2596.2600907, -6.16289572068, 12.2825868174, 0.997765252072, 0.480567191221, 0.0694922570164, 0.0219353954119, 0.699519054762, 0.0736213737283, 89.1647927223, 0.0121767367097, -0.187201927869, 0.0746215758781, 4.62668014849, 0, 0.003000
2, 77.3078320041, 40.3097301553, 77.3061203345, 40.3068063881, 5.65014110956e-05, 6.46506032517e-05, 0.720508047612, 5.65009816293e-05, 6.46560271764e-05, 0.720480767032, 58096.1312963, 58096.1316435, 1189.89530556, -3.83061729724, 11.3846283401, 0.918333228387, 0.440538477487, 0.0636029628749, 0.0216140452382, 0.371245295751, 0.0730897829037, 46.1965121781, 0.0235025579544, -0.191738279831, 0.0767755598828, 1.94108188805, 0, 0.001000
3, 77.3286093198, 40.305039168, 77.3257704297, 40.3022617287, 5.51076874383e-05, 6.03897878889e-05, 0.897874154887, 5.51030357794e-05, 6.03855765431e-05, 0.897853995759, 58096.1312963, 58096.1316435, 1555.18041851, -2.91381341569, 12.5206976701, 1.01575411491, 0.419460688795, 0.0605431493572, 0.0187752399657, 0.32733838382, 0.0627691792517, 513.282353613, 0.00211528059968, -0.143653248198, 0.06280481093, 2.08981127843, 0, 0.003000
4, 77.1987096744, 40.2437552583, 77.195001729, 40.2426039256, 3.48820437658e-05, 3.33028431683e-05, 0.594319044866, 3.49146778661e-05, 3.33304842307e-05, 0.595611237684, 58096.1312963, 58096.1316435, 3698.82977229, -6.29285596995, 10.859258641, 0.826571566412, 0.246970447062, 0.0344499727993, 0.0122959247405, 0.564140772691, 0.0430386700938, 355.929316986, 0.00305042645532, -0.670365297604, 0.0431466363115, 9.70507444375, 0, 0.001000
5, 77.5978445957, 40.1146592086, 77.5943819895, 40.1125520726, 3.56739523203e-05, 3.68560226912e-05, 0.878667156945, 3.56912352956e-05, 3.68761273147e-05, 0.878839968425, 58096.1312963, 58096.1316435, 3053.18435688, -3.72866577516, 12.0312795787, 0.915925582858, 0.262709484297, 0.0367587464146, 0.011812908842, 0.433161622083, 0.0417449908014, 79.3010729319, 0.0136913179686, -0.254285378653, 0.0439328629243, 3.87843742281, 0, 0.000000
6, 76.9486128101, 40.0618047378, 76.9427967401, 40.0601044753, 5.47550938806e-05, 5.33666529321e-05, 0.570797420503, 5.47428714816e-05, 5.33581776136e-05, 0.570520665987, 58096.1312963, 58096.1316435, 4812.3115931, -5.39161919688, 16.9315503065, 0.948278758962, 0.389082010894, 0.0474847667905, 0.0104834571041, 0.566815687031, 0.0509993658214, 105.913783357, 0.0102511322922, -0.0781878024533, 0.0520194293265, 4.73330503368, 0, 0.063000
7, 76.6908470865, 40.0459477717, 76.687473133, 40.0426981903, 0.000104528724052, 0.000113924527832, 0.912198942989, 0.000104527175952, 0.000113922202742, 0.912196285893, 58096.1312963, 58096.1316435, 1285.96725211, -2.33058555632, 14.7542002069, 1.05856599309, 0.790813942257, 0.108177458535, 0.0280230899717, 0.369980428407, 0.10651170634, 76.4168464493, 0.0142080739419, -0.205235692376, 0.107455167175, 3.49749936219, 0, 0.001000
8, 76.6750406579, 40.0356994964, 76.6694235384, 40.0362886337, 7.54046850289e-05, 6.85978543818e-05, 0.318842435044, 7.56323770282e-05, 6.885671319e-05, 0.341166064453, 58096.1312963, 58096.1316435, 1640.86813661, -3.79027409875, 15.4215048778, 0.725279165253, 0.518361414633, 0.0576469406663, 0.0139895696971, 0.436940667618, 0.0807112184338, 20.7832173499, 0.0522410070818, -1.20361825088, 0.0961427251641, 7.21287709127, 0, 0.000000
9, 76.9384660103, 39.6440977895, 76.9340004392, 39.6450036212, 1.7438161351e-05, 1.65400857705e-05, 0.761358317409, 1.44471381691e-05, 1.34078491796e-05, 0.157553418327, 58096.1312963, 58096.1316435, 2818.55327891, -1.92207279622, 12.6330983046, 0.33945160111, 0.111793645504, 0.00860517997832, 0.00238860846482, 0.429368977375, 0.0240747016554, 54.7741326227, 0.0198220611221, -0.014814737026, 0.0311850183089, 11.6363757128, 0, 0.001000
