\
\ strid, ra1, dec1, ra2, dec2, ra1_err, dec1_err, corr1, ra2_err, dec2_err, corr2, start_mjd, end_mjd, flux, bg, length, sigma, length_err, sigma_err, pa_err, bg_err, fit_mag_err, ap_snr, ap_mag_err, dmag, dmag_err, chi2, numfit, prob
\ null, deg, deg, deg, deg, deg, deg, null, deg, deg, null, days, days, dn, dn, pixels, pixels, pixels, pixels, deg, dn, mag, null, mag, mag, mag, null, null, null
\
1, 155.356399014, 8.25099378496, 155.352803733, 8.25238422955, 3.45227534594e-05, 3.35214241975e-05, 0.0146723695074, 5.65090860563e-05, 5.62012309137e-05, 0.937909098674, 58153.4126505, 58153.4129977, 201.358729049, 8.7435731257, 13.5869278202, 0.26550710053, 0.327932085438, 0.0207980605241, 0.00519664741837, 0.0648328602281, 0.0729110592173, 6.96755243734, 0.15582748957, 0.0404198288487, 0.17204135858, 1.14529360794, 0, 0.000000
2, 155.344758883, 8.25173389086, 155.343726284, 8.24792953783, 0.000105292846632, 0.000111807014434, 0.428511927906, 0.000109301580001, 0.000115570556763, 0.535298350893, 58153.4126505, 58153.4129977, 281.946270244, 8.34208856391, 14.005428342, 0.570807157384, 0.792892801763, 0.0877466555182, 0.0213784310496, 0.175114937276, 0.148728647308, 6.15785144305, 0.176317375435, -0.0176784339895, 0.230668652856, 1.00325729746, 0, 0.000000
3, 155.400484908, 8.24736439566, 155.397467973, 8.24914561115, 0.000664647785629, 0.000546215952102, 0.735832344925, 0.000664635727963, 0.000546193452267, 0.735806061223, 58153.4126505, 58153.4129977, 634.766496834, 8.32814747411, 12.3662364907, 2.54860926345, 4.76152530693, 0.939191266416, 0.367863145331, 0.454906554884, 0.438440109399, 6.62731852749, 0.163827376073, 0.0569210706785, 0.468048222601, 1.24756954102, 0, 0.000000
4, 155.476380937, 8.24178414786, 155.470702684, 8.24477033858, 0.000207473291249, 0.000198872615953, 0.807471098661, 0.000207169326248, 0.000198581769503, 0.806380097018, 58153.4126505, 58153.4129977, 468.329228667, 8.10348141568, 22.6369463731, 0.760038955167, 1.45503422479, 0.139074057616, 0.0221563622012, 0.233671527149, 0.184554041117, 6.57802879821, 0.165054948536, -0.187766125623, 0.247595093103, 1.13307294592, 0, 0.000000
5, 155.463391048, 8.23316844476, 155.462049831, 8.22799046, 3.63328407926e-05, 3.67428012775e-05, 0.487527993451, 5.43273578561e-05, 5.51885469362e-05, 0.918807334397, 58153.4126505, 58153.4129977, 249.350761997, 10.8807010687, 19.0054560419, 0.251608823722, 0.331519703549, 0.0146271432692, 0.00257812186512, 0.0534684029434, 0.0556602692484, 8.66566022605, 0.125291804252, 0.271261619425, 0.137098875946, 1.26683992065, 0, 0.000000
6, 155.397621541, 8.22592862835, 155.395937526, 8.231380749, 0.00104182556413, 0.00106721028365, 0.997811080508, 0.00195860387394, 0.00193045163858, 0.999818830844, 58153.4126505, 58153.4129977, 265.595238769, 8.98713103503, 20.2746670969, 0.2064357089, 11.1460694024, 0.0137667296464, 0.00257525473422, 0.0869072109707, 0.587052288526, 7.63981699336, 0.142115472884, -0.105002059076, 0.604009269049, 0.991891374158, 1, 0.000000
7, 155.53141069, 8.22710330224, 155.532033999, 8.22194925284, 6.62267449085e-05, 6.73468577024e-05, 0.566874765074, 6.00050353476e-05, 6.31089433273e-05, 0.201854558818, 58153.4126505, 58153.4129977, 283.020600249, 10.0326635549, 18.4591695543, 0.378422213563, 0.459674531903, 0.035606005981, 0.00776507060831, 0.0947135787369, 0.091715996019, 6.8519887359, 0.158455631877, 0.0374522254919, 0.183084710446, 1.00786243433, 6, 0.000000
8, 155.504823161, 8.21924925994, 155.501572026, 8.21578009942, 0.000284517477975, 0.000290523940813, 0.940787816457, 0.000284761160577, 0.000290801772712, 0.940892264847, 58153.4126505, 58153.4129977, 262.722551518, 11.6630924303, 16.8233660542, 0.87826608851, 2.06875028212, 0.244117323381, 0.0539693571899, 0.178936545228, 0.281541226351, 3.17405711384, 0.342065742933, -0.162587385281, 0.443028706321, 1.31826260411, 0, 0.000000
9, 155.485930662, 8.20404461579, 155.479407234, 8.2031133671, 0.000136807827316, 0.000131981581436, 0.313055594813, 0.000132664117791, 0.000129865351333, 0.212262811284, 58153.4126505, 58153.4129977, 249.084461527, 8.809060166, 23.2012437556, 0.384466527788, 0.9521565489, 0.0634089268045, 0.0103910507256, 0.145082719509, 0.162372134833, 6.95936642127, 0.156010783028, 0.207806680294, 0.22517565275, 1.29024345818, 1, 0.000000
10, 155.184097605, 8.02587981536, 155.179397415, 8.01917097953, 0.000646660087073, 0.000678106237037, 0.157781015276, 0.00237907092232, 0.00240300764258, 0.995148403502, 58153.4126505, 58153.4129977, 611.553152678, 7.02918000942, 29.0244279723, 1.21878729386, 12.5548983511, 0.417657847831, 0.0545209619006, 0.423410583859, 0.546003228122, 8.56651100621, 0.126741937759, 0.0427963655077, 0.560520333179, 1.3637173583, 0, 0.000000
11, 155.60155383, 8.01998074757, 155.597717723, 8.02273141428, 0.000147537095075, 0.000141988965354, 0.902042798897, 0.000147608129539, 0.000142081723379, 0.902250653823, 58153.4126505, 58153.4129977, 483.075211916, 9.74632589921, 16.6893368122, 0.834050794528, 1.04118797041, 0.120131768117, 0.0267314494839, 0.16710947862, 0.145286876733, 6.41762556268, 0.169180360268, -0.153678424049, 0.223002849424, 1.2316082712, 0, 0.000000
12, 155.630041098, 8.0225155399, 155.626847446, 8.01813627259, 9.61658294615e-05, 9.85100348935e-05, 0.841391861897, 0.000159714746779, 0.000163665079702, 0.971952791458, 58153.4126505, 58153.4129977, 277.004264537, 10.71395112, 19.2045397507, 0.423726373746, 0.952218123136, 0.0642757360629, 0.0118464145353, 0.161822262405, 0.146606075352, 4.85753154059, 0.223516038071, -0.2179636233, 0.267306491887, 1.13335170363, 0, 0.000000
