\
\ strid, ra1, dec1, ra2, dec2, ra1_err, dec1_err, corr1, ra2_err, dec2_err, corr2, start_mjd, end_mjd, flux, bg, length, sigma, length_err, sigma_err, pa_err, bg_err, fit_mag_err, ap_snr, ap_mag_err, dmag, dmag_err, chi2, numfit, prob
\ null, deg, deg, deg, deg, deg, deg, null, deg, deg, null, days, days, dn, dn, pixels, pixels, pixels, pixels, deg, dn, mag, null, mag, mag, mag, null, null, null
\
1, 188.569190712, 46.7414357728, 188.560564028, 46.7451879907, 0.00341395125578, 0.00372975212658, 0.999997736742, 0.000990758142701, 0.000906891072764, 0.999566876324, 58165.4512616, 58165.4516088, 297.614469593, 28.4862083712, 24.9041861553, 0.161144555037, 18.5956596088, 0.0099105069335, 0.00166660119305, 0.0674987276114, 0.812472248655, 8.53100132972, 0.127269491915, 0.405538211609, 0.822379886918, 0.695761530035, 0, 0.000000
2, 188.576482195, 46.7456715128, 188.572497277, 46.738750151, 9.96440250709e-05, 0.000100384727896, 0.191703877206, 0.000140108600778, 0.000130293097111, 0.844977985795, 58165.4512616, 58165.4516088, 473.064560321, 22.9989145481, 26.4513413651, 0.279787096973, 0.852315713807, 0.0269612600169, 0.0035585828937, 0.129011977825, 0.0916014027514, 7.89044236461, 0.137601436597, 0.0263897592557, 0.165302668882, 1.032183784, 5, 0.000000
3, 188.471088429, 46.7405026628, 188.462214415, 46.7378717662, 7.56850425049e-05, 7.1403566648e-05, 0.924782489018, 4.92545536031e-05, 4.69759738461e-05, 0.386317056761, 58165.4512616, 58165.4516088, 483.925312031, 27.7967169003, 23.5730745429, 0.298977498613, 0.43808902386, 0.0218042622585, 0.00340662321795, 0.0994565722669, 0.0695682784113, 7.01863754295, 0.154693300247, -0.0439686214672, 0.169616516007, 0.978028222438, 0, 0.000000
4, 188.539418512, 46.7113714574, 188.533849884, 46.7093395695, 0.000417034965786, 0.000361489189758, 0.784472949036, 0.000417035052235, 0.000361489248358, 0.784473052403, 58165.4512616, 58165.4516088, 830.127163594, 25.3223914259, 15.3849560754, 1.38799574916, 2.84552986054, 0.434237354167, 0.109899331125, 0.722287476921, 0.340055758494, 6.84522425049, 0.158612218538, 0.0685278613068, 0.375227603935, 1.29869822876, 3, 0.000000
5, 188.537302814, 46.7065344279, 188.531327954, 46.7052259542, 0.000105310254373, 9.48535921228e-05, 0.588198131395, 0.000107487184173, 9.65089757862e-05, 0.62212037334, 58165.4512616, 58165.4516088, 716.523647884, 22.3904736388, 15.3005283459, 0.672032731571, 0.726278436937, 0.0794878651999, 0.0191468641451, 0.24816757317, 0.118444393836, 7.57940114827, 0.143248283541, -0.149828280228, 0.185874003477, 1.2638059782, 1, 0.000000
6, 188.454931419, 46.4156152566, 188.452491365, 46.4128232918, 9.67436356146e-05, 0.000102172941888, 0.740772373362, 9.67436353092e-05, 0.000102172941745, 0.740772370943, 58165.4512616, 58165.4516088, 3186.86931742, 0.39055425923, 11.5894336723, 1.52034407435, 0.73842582826, 0.129905341549, 0.0471825103496, 0.879518490987, 0.0959134564968, 53.9580501452, 0.0201218576623, -0.00584574557763, 0.0980014300556, 1.13191928123, 0, 0.701000
