\
\ strid, ra1, dec1, ra2, dec2, ra1_err, dec1_err, corr1, ra2_err, dec2_err, corr2, start_mjd, end_mjd, flux, bg, length, sigma, length_err, sigma_err, pa_err, bg_err, fit_mag_err, ap_snr, ap_mag_err, dmag, dmag_err, chi2, numfit, prob
\ null, deg, deg, deg, deg, deg, deg, null, deg, deg, null, days, days, dn, dn, pixels, pixels, pixels, pixels, deg, dn, mag, null, mag, mag, mag, null, null, null
\
1, 198.445356692, 21.1310249392, 198.444009646, 21.133774439, 0.000174031644632, 0.000181213747476, 0.976157255597, 8.09426231833e-05, 7.9942486596e-05, 0.165863865642, 58183.4387963, 58183.4391435, 1446.63407793, 137.44078208, 10.75759268, 0.321183596445, 0.975445797622, 0.0426974982174, 0.0134567573373, 1.21368885767, 0.137935871764, 16.372702896, 0.0663138036311, 0.276809960881, 0.153048440931, 1.07345401054, 0, 0.000000
2, 198.440124544, 21.1045162676, 198.436398264, 21.1031146878, 8.06389797036e-05, 7.64289290067e-05, 0.779911330357, 7.19288556183e-05, 6.84178554969e-05, 0.631547237928, 58183.4387963, 58183.4391435, 1810.54603673, 124.855171453, 13.3319610977, 0.312061548611, 0.532822510696, 0.0332457482624, 0.0102337554465, 1.23622518091, 0.109848708054, 16.5322335506, 0.0656738970831, 0.070986252985, 0.127983590429, 0.954566640693, 0, 0.000000
3, 198.434876362, 21.0794746021, 198.428160503, 21.0745691017, 0.000119332629772, 0.00011424681506, 0.997364743878, 3.63148432677e-05, 3.58462180386e-05, 0.795962274974, 58183.4387963, 58183.4391435, 2684.18103937, 98.2174842163, 28.2999747161, 0.188897158019, 0.615670274911, 0.00925598372072, 0.00123758400365, 0.348322109003, 0.0506621716597, 28.0827861435, 0.0386619831526, 0.197272386615, 0.0637291501479, 1.13742245147, 0, 0.007000
4, 198.43773071, 21.0802479523, 198.436438723, 21.0707623493, 0.000196698207627, 0.000200714748513, 0.127457853828, 0.000200578429094, 0.000203608396924, 0.276955650086, 58183.4387963, 58183.4391435, 4006.15804772, 116.588909088, 34.0107087205, 0.567020824965, 1.43087754056, 0.0927711720732, 0.0102770142772, 1.32097493158, 0.163911236919, 20.4136859457, 0.0531866811142, 0.143409873997, 0.17232445165, 1.13097320702, 1, 0.000000
5, 198.445722649, 21.0107234453, 198.442642717, 21.015539542, 0.000283532988705, 0.000287896749443, 0.527225992553, 0.000606788776283, 0.000634414713641, 0.983241174734, 58183.4387963, 58183.4391435, 2288.15686584, 141.056550599, 19.9665743378, 0.207127780322, 3.42905536864, 0.0156024362023, 0.00296430100892, 0.833598783636, 0.180764936016, 25.5383969139, 0.0425138746343, 0.326886866764, 0.185697042597, 1.17815613245, 2, 0.000000
6, 198.429905867, 20.9843407601, 198.431280437, 20.9875270751, 0.000171826937846, 0.000183977216603, 0.60558979972, 0.000171866562056, 0.000184029130626, 0.605938952742, 58183.4387963, 58183.4391435, 3709.94902326, 128.807647181, -12.2165032378, 0.965687036006, 1.29043705193, 0.183351695793, 0.0584544942636, 2.12809316404, 0.19720749754, 19.4866764289, 0.0557168488284, 0.240108801933, 0.204927217151, 1.25190844448, 0, 0.000000
7, 198.399171456, 20.9552083534, 198.396145088, 20.9519324511, 0.000163750996571, 0.000158285943157, 0.979869270503, 0.000116897296826, 0.000113261886383, 0.94340530043, 58183.4387963, 58183.4391435, 2315.79183565, 128.172383086, 15.3843540313, 0.398570810001, 1.00461230904, 0.0587089914735, 0.0148245071301, 1.61615108206, 0.149545604218, 18.4680258742, 0.0587900521773, 0.142866324015, 0.160686520828, 1.34830114023, 1, 0.000000
8, 198.389130048, 20.9430173029, 198.385698277, 20.93946495, 1.4281943832e-05, 1.35730971257e-05, 0.901007831713, 1.74973011636e-05, 1.77344265354e-05, 0.934727273477, 58183.4387963, 58183.4391435, 2032.16763278, 133.41220593, 17.0126251744, 0.194002006745, 0.112389500544, 0.015051031094, 0.00323476819539, 1.01413317625, 0.0749369434855, 12.7707549474, 0.0850173861477, -0.499607495515, 0.113329172971, 1.15995177371, 4, 0.000000
