\
\ strid, ra1, dec1, ra2, dec2, ra1_err, dec1_err, corr1, ra2_err, dec2_err, corr2, start_mjd, end_mjd, flux, bg, length, sigma, length_err, sigma_err, pa_err, bg_err, fit_mag_err, ap_snr, ap_mag_err, dmag, dmag_err, chi2, numfit, prob
\ null, deg, deg, deg, deg, deg, deg, null, deg, deg, null, days, days, dn, dn, pixels, pixels, pixels, pixels, deg, dn, mag, null, mag, mag, mag, null, null, null
\
1, 95.7440978813, 29.843991695, 95.7472418494, 29.8489715383, 0.000126399968213, 0.000217558819524, 0.913110285764, 0.000126399974876, 0.000217558802671, 0.913110290535, 58115.3829861, 58115.3833333, 236932.556101, -1.28832918877, -20.1877482549, 13.203721625, 1.72749703768, 0.16284693145, 0.0898292521354, 0.311287027882, 0.0146181239851, 518.619621442, 0.00209351162175, -6.08437832561e-06, 0.0147672725902, 6.24156107724, 0, 0.012000
2, 95.7625100094, 29.8363878466, 95.7593580598, 29.8313983329, 0.000112179577684, 0.000192897019431, 0.912280519388, 0.000112179576785, 0.000192897020691, 0.912280518471, 58115.3829861, 58115.3833333, 235176.580293, -0.877016158169, 20.2306872209, 13.1539498549, 1.53143026325, 0.142605838526, 0.0795650036618, 0.200099785783, 0.0123661570518, 521.019930736, 0.00208386693235, 0.000988971417529, 0.0125405080288, 6.90427761302, 0, 0.013000
3, 96.44929884, 29.8584249847, 96.4430406804, 29.8566026704, 0.00064333697745, 0.000588999894015, 0.540430036523, 0.000637860200384, 0.000581038326761, 0.512317082334, 58115.3829861, 58115.3833333, 1888.88883913, -5.8219360801, 20.3735960827, 1.69518137133, 4.48105773739, 0.678627346955, 0.122425620826, 2.04068667486, 0.463425775598, 42.2493548544, 0.0256982907431, -0.000825481955488, 0.464137750712, 15.0028476851, 6, 0.006000
4, 96.4701171968, 29.8553143655, 96.4515629633, 29.8441157768, 0.000212978530959, 0.000219777858349, 0.898906784296, 0.000212978530755, 0.000219777858089, 0.898906783829, 58115.3829861, 58115.3833333, 8446.86200153, 0.417434425999, 69.7614099634, 1.55927001721, 1.54553008781, 0.121465373054, 0.00620717482764, 0.146342899426, 0.0756480797942, 71.1700584652, 0.0152555193599, -0.376064391326, 0.0771709974503, 40.9526238371, 2, 0.158000
5, 95.5448633621, 29.8336699783, 95.5510850391, 29.8360351199, 0.000383922589352, 0.000183038651242, 0.87736994143, 0.000383923851704, 0.000183045367747, 0.877378237742, 58115.3829861, 58115.3833333, 153484.152562, 4.84340977806, 20.9542431341, 13.3517770455, 2.9144867268, 0.285880471225, 0.146283404702, 0.397934160115, 0.0260794479106, 314.549215315, 0.00345172123119, -0.000737618838727, 0.0263068809018, 4.70224312998, 0, 0.009000
6, 96.1931760038, 29.8467654141, 96.1887940438, 29.8486057532, 0.000409986949006, 0.000358708709646, 0.728764608691, 0.000409970671115, 0.000358689330617, 0.728712985669, 58115.3829861, 58115.3833333, 1268.95433799, -4.51645558083, 15.0150372532, 1.47035276767, 2.82431175024, 0.454216407313, 0.11652911262, 1.39111115415, 0.351626346648, 36.465448174, 0.0297743825766, -0.0014412760601, 0.35288468586, 8.11440346611, 0, 0.002000
7, 96.167964742, 29.8326476833, 96.1638489762, 29.8298944668, 0.000370646930066, 0.000370140993041, 0.86470797693, 0.000370646935405, 0.000370140998521, 0.864707981953, 58115.3829861, 58115.3833333, 1328.71227245, -4.12727343747, 16.037715176, 1.41948400292, 2.70194886983, 0.411689541391, 0.0988402607657, 1.12759962294, 0.318948265961, 31.6302447403, 0.0343258869374, -0.0779497271702, 0.320790060434, 7.67900706286, 0, 0.000000
8, 96.0585241721, 29.8242875413, 96.0546977527, 29.8236198538, 0.000375699310107, 0.000327326064611, 0.315683433519, 0.000375699065857, 0.000327325956988, 0.315682169783, 58115.3829861, 58115.3833333, 1089.77174008, -3.63292082313, 12.0444663856, 1.18557151394, 2.57658949019, 0.406208078833, 0.133784662185, 1.45256549122, 0.372800426343, 36.2547969811, 0.0299473806273, -0.0489618693417, 0.37400134156, 11.2584580039, 0, 0.002000
9, 95.7313408371, 29.8043636825, 95.7188055057, 29.7968072034, 0.000623295398528, 0.000630472638026, 0.866234470552, 0.0006232953982, 0.000630472637307, 0.866234469967, 58115.3829861, 58115.3833333, 3966.61388643, 0.586603209913, 47.1020473838, 2.37584532304, 4.50877333377, 0.525759872185, 0.0412066004391, 0.335214032867, 0.225396288232, 60.892807944, 0.0178302863904, 0.277202450678, 0.22610043313, 12.2555666194, 3, 0.025000
10, 96.1645546082, 29.8085102281, 96.1607320062, 29.7999299452, 0.000156473371296, 0.00021850097461, 0.137489147203, 0.000253818634368, 0.000292231921429, 0.859533918874, 58115.3829861, 58115.3833333, 67043.6101001, -2.62331904286, 32.7089296651, 5.80224479724, 1.82685308493, 0.263834010406, 0.0364592187743, 1.77092924712, 0.0694142050669, 257.815443042, 0.00421129235683, -0.13707607888, 0.0695418352389, 4.04598727098, 0, 0.055000
11, 96.1133900689, 29.7921281849, 96.1047930485, 29.7949207548, 0.000393447069599, 0.000362077632374, 0.655415200936, 0.000393447113811, 0.000362077661838, 0.655415320159, 58115.3829861, 58115.3833333, 2005.46731307, 3.73274479697, 28.3267086568, 1.30336230528, 2.71426150565, 0.301589564904, 0.0392782994571, 0.38745844116, 0.231683885754, 111.061805648, 0.00977596391864, 0.475290062171, 0.231890043746, 15.9394695374, 0, 0.005000
12, 95.9994833064, 29.7657398994, 95.9969599951, 29.778779304, 0.000328647154363, 0.000335562850616, 0.273561246297, 0.000328646471793, 0.000335562364038, 0.273549834594, 58115.3829861, 58115.3833333, 2944.64440563, -0.759538227428, 47.0016237993, 1.11046304399, 2.37235346279, 0.192068363283, 0.0145593724544, 0.30972792378, 0.169166262055, 66.4213453591, 0.0163461941171, -1.42342031217, 0.169954177, 37.2885105064, 4, 0.134000
13, 95.9291911182, 29.7727158022, 95.928634193, 29.7635368852, 0.00026280483552, 0.000280950747315, 0.145957287792, 0.000262804839942, 0.000280950756508, 0.145957576462, 58115.3829861, 58115.3833333, 3317.27827726, -0.185368592897, 32.6783892771, 1.29639225993, 1.9499147447, 0.201748532885, 0.022585735205, 0.323325945076, 0.154313198896, 44.7864108455, 0.0242425366146, -0.692810135716, 0.156205838351, 48.6749348119, 0, 0.222000
14, 96.3284349082, 29.7620764765, 96.3245852881, 29.7629451589, 0.000368790283955, 0.000312981931252, 0.467842636971, 0.000368794119338, 0.000312985869264, 0.467876595061, 58115.3829861, 58115.3833333, 2028.43102159, -8.43523464356, 12.2803856539, 1.22234222302, 2.50229488912, 0.396742678923, 0.12819213169, 2.50416753941, 0.354521707376, 37.740568039, 0.0287684118489, -0.107135256657, 0.355687028891, 14.7545147773, 1, 0.002000
15, 96.0563766255, 29.7035508255, 96.0497105455, 29.6985940095, 0.000701897599467, 0.000702798237603, 0.879906415176, 0.000703977514261, 0.000711260196448, 0.883322509798, 58115.3829861, 58115.3833333, 3412.73892131, -6.03791519406, 27.1112537903, 2.76254492931, 5.22264796471, 0.898514418202, 0.118098878225, 1.89572574709, 0.4197132703, 73.2008132758, 0.014832297022, -0.0216259428844, 0.419975268678, 12.6678309135, 0, 0.012000
16, 95.6026743156, 29.6784292262, 95.5918594765, 29.6852393159, 0.00115589453015, 0.00106879461791, 0.886308351773, 0.00108248797445, 0.000970417216892, 0.854512189186, 58115.3829861, 58115.3833333, 8542.01453019, -6.1016961467, 41.2604234442, 4.83847674517, 8.08805807624, 1.48737128446, 0.121279934663, 2.22268035594, 0.454219986382, 193.637392537, 0.00560705858787, -0.0658808511834, 0.45425459286, 15.2281589778, 0, 0.026000
17, 96.0335901407, 29.6700645899, 96.0204638269, 29.668373345, 0.000265805433089, 0.000250081663987, 0.23369605028, 0.000265805433034, 0.000250081663375, 0.233696035339, 58115.3829861, 58115.3833333, 6214.52388085, 0.450449752446, 41.007512701, 1.9976531252, 1.85431339188, 0.211764677273, 0.0191132225933, 0.268408996226, 0.106689898492, 81.1627339785, 0.0133772749085, 0.211383965013, 0.107525280396, 25.186457926, 0, 0.482000
18, 95.9493639268, 29.6530666838, 95.9461392938, 29.6467180914, 0.000463875527327, 0.000522824983937, 0.705270507451, 0.000463875571217, 0.000522825023725, 0.705270614813, 58115.3829861, 58115.3833333, 2297.26885113, -3.22922521399, 24.6788071261, 1.98367822144, 3.5952138892, 0.526672751797, 0.0808225838459, 0.857415203751, 0.290836614822, 53.0365827468, 0.0204714585391, 0.0418966234522, 0.291556198932, 10.2003457148, 0, 0.011000
19, 95.5307854119, 29.6266331064, 95.5262149018, 29.6359863148, 0.000774268486948, 0.000798863420023, 0.641093192956, 0.000774268567441, 0.00079886348216, 0.641093350155, 58115.3829861, 58115.3833333, 2787.55185987, 0.376822790651, 36.1353575, -1.93741457146, 5.66717637918, 0.687867237449, 0.0696616208241, 0.852322796269, 0.371987694436, 43.7558776244, 0.0248134939511, -0.13011802335, 0.372814369752, 22.0835355656, 0, 0.190000
20, 95.5595967847, 29.6181483353, 95.5497083456, 29.6221251973, 0.00124824926518, 0.00106688335741, 0.695114675222, 0.00129087246337, 0.00111698886159, 0.740699093978, 58115.3829861, 58115.3833333, 5541.14296217, -3.33197211449, 33.6762995303, 3.62679606053, 8.83718559899, 1.53181847114, 0.158472534994, 2.67128213145, 0.569229193967, 165.235994844, 0.0065708213624, -0.0325901986497, 0.569267117404, 13.2489076535, 0, 0.031000
21, 95.9639506528, 29.5467933341, 95.9557921377, 29.5436735676, 0.000679672599206, 0.000630955516147, 0.640289033279, 0.000679672597871, 0.000630955513537, 0.64028902751, 58115.3829861, 58115.3833333, 2541.89797025, 0.300185602984, 27.5735067491, 2.49096751826, 4.78261186848, 0.730057076649, 0.103130887412, 0.641594974775, 0.318497089513, 44.5613008659, 0.0243650024497, -0.00162882726754, 0.319427690366, 13.1659317733, 0, 0.008000
