\
\ strid, ra1, dec1, ra2, dec2, ra1_err, dec1_err, corr1, ra2_err, dec2_err, corr2, start_mjd, end_mjd, flux, bg, length, sigma, length_err, sigma_err, pa_err, bg_err, fit_mag_err, ap_snr, ap_mag_err, dmag, dmag_err, chi2, numfit, prob
\ null, deg, deg, deg, deg, deg, deg, null, deg, deg, null, days, days, dn, dn, pixels, pixels, pixels, pixels, deg, dn, mag, null, mag, mag, mag, null, null, null
\
1, 163.724131158, 10.9781575779, 163.700549493, 10.9763224422, 3.163300994e-05, 2.99716672947e-05, 0.141040687212, 3.16330099237e-05, 2.99716672257e-05, 0.141040660286, 58153.4422685, 58153.4426157, 28606.5567583, 7.10607839662, 82.5448258784, 3.08726829033, 0.220680613852, 0.0221734451989, 0.000981447277442, 0.0164653025967, 0.00707377715209, 86.1577847236, 0.0126017191394, -0.242874271213, 0.0144513545547, 1.22445912084, 0, 0.050000
2, 163.778250804, 10.9867631317, 163.770570431, 10.9839892739, 0.000414736848219, 0.000368648241008, 0.0746708483586, 0.00061313988317, 0.000601251254893, 0.900662062815, 58153.4422685, 58153.4426157, 1804.59784245, 4.87876164023, 28.5546433066, 2.14134264526, 3.73509488224, 0.328719926991, 0.0416228217205, 0.53214461965, 0.210472512912, 22.7174618592, 0.0477930242157, -0.0740341143759, 0.215830609171, 1.19089349165, 1, 0.003000
3, 163.773261722, 10.9790240876, 163.731787353, 10.9694295482, 0.000287492472401, 0.000271709321594, 0.416392729258, 0.000287492471958, 0.000271709320834, 0.416392719501, 58153.4422685, 58153.4426157, 43290.937823, 8.78428290254, 148.683879299, 6.60700588204, 2.00775938544, 0.220716598641, 0.00543283014213, 0.0612201681057, 0.0337488038965, 205.806233085, 0.00527552634574, 1.13110940908, 0.0341586437475, 2.9699894317, 1, 0.009000
4, 163.686303415, 10.9778800611, 163.677480902, 10.9745570766, 0.000345703671576, 0.000235758848195, 0.260076852131, 0.000416587925631, 0.000351867902667, 0.821125231974, 58153.4422685, 58153.4426157, 8403.15042454, -3.89732566914, 32.9731786086, 5.68987935731, 2.76722504145, 0.537364416333, 0.0486001606096, 0.968641038438, 0.182787195979, 127.363626092, 0.00852469608531, -0.184831079798, 0.182985872289, 1.05385401905, 0, 0.012000
5, 163.773405497, 10.9620328502, 163.760766435, 10.9583061421, 0.000274485633657, 0.000248372840422, 0.0356486033582, 0.000348101265929, 0.000335350222059, 0.801904994575, 58153.4422685, 58153.4426157, 6691.78046584, 1.20701108854, 46.0503925727, 2.96502898842, 2.2190079486, 0.21211448044, 0.0164531213876, 0.367312168132, 0.0886599478162, 67.5361439929, 0.0160763724514, -0.0526997507143, 0.0901056940375, 1.35969846523, 0, 0.078000
6, 163.665502517, 10.947221351, 163.647696499, 10.940977212, 9.84199073069e-05, 9.57604473381e-05, 0.604493366012, 9.84199072199e-05, 9.57604472034e-05, 0.604493363244, 58153.4422685, 58153.4426157, 6775.08318026, 1.23205891762, 65.9835385594, 1.93663222842, 0.694510699647, 0.0628163861288, 0.00339602144873, 0.0774905973313, 0.0323715637656, 83.970936227, 0.0129299047211, 0.403078267121, 0.0348582927971, 1.2085566116, 0, 0.333000
7, 163.704964541, 10.939940512, 163.702246235, 10.9370064389, 0.000166228145173, 0.000169559687115, 0.931989944724, 0.000166178869112, 0.000169398045858, 0.931951419734, 58153.4422685, 58153.4426157, 360.221127643, 11.1383888658, 14.0977080429, 0.832382311138, 1.20938273204, 0.151439225994, 0.0402800196289, 0.225895750544, 0.186419104345, 3.33471442439, 0.325585962269, -0.561662874349, 0.375177692955, 1.10440376126, 4, 0.000000
8, 163.708795978, 10.932076137, 163.704614172, 10.9305051522, 0.000111590220302, 0.000106069563816, 0.62711699163, 0.000111061519116, 0.000105599206523, 0.619911523897, 58153.4422685, 58153.4426157, 566.464405183, 7.43917108257, 15.6257334957, 0.788345036899, 0.780720784821, 0.0913053957205, 0.0215042548421, 0.220904338095, 0.117467953375, 9.08712465983, 0.119480720844, -0.109637944899, 0.167554059108, 1.15052025153, 0, 0.000000
9, 163.704967904, 10.9294626864, 163.699974651, 10.927008331, 0.000128950386555, 0.000124038158816, 0.743409633602, 0.000130750084782, 0.000126101021018, 0.759502266127, 58153.4422685, 58153.4426157, 883.956706364, 6.20163956377, 19.4875804193, 0.972307820234, 0.917158725686, 0.106434853422, 0.0199291234081, 0.285680445439, 0.113458875528, 13.2345510739, 0.0820380078398, -0.113752169682, 0.140011253713, 1.18301145279, 3, 0.000000
10, 163.688125674, 10.9272944236, 163.683658878, 10.9255549096, 0.000151404672459, 0.000133936624314, 0.606098704373, 0.000151404672481, 0.000133936623753, 0.606098697559, 58153.4422685, 58153.4426157, 1458.54815973, 5.97571930362, 16.7702259619, 1.80152660515, 1.04745416182, 0.169429303982, 0.0412179666233, 0.194205340353, 0.101075810184, 15.3789436328, 0.0705988805655, -0.000838717343743, 0.12329039436, 1.26285001566, 0, 0.000000
11, 163.680649102, 10.9219792901, 163.663382756, 10.9168950067, 0.000136290993486, 0.000129067802226, 0.514096621859, 0.000136290993314, 0.000129067801905, 0.514096615545, 58153.4422685, 58153.4426157, 8347.89284222, 2.44908256836, 62.9117360889, 2.93472796978, 0.953434869942, 0.107446206904, 0.00625151417019, 0.0766701609972, 0.0373033893051, 76.5120722316, 0.0141903907853, 0.399198413896, 0.0399112771568, 1.21649615809, 1, 0.013000
12, 163.387939511, 10.8192308405, 163.37855303, 10.8175075472, 1.15928384297e-05, 1.10586680722e-05, 0.335358219412, 1.15928351325e-05, 1.10586678519e-05, 0.335358163941, 58153.4422685, 58153.4426157, 14804.3733813, 0.697150965322, 33.3428040145, 1.20662110638, 0.0811296354306, 0.00805449573415, 0.000877295213275, 0.0772252889306, 0.00661884558183, 120.458300992, 0.00901337803888, 0.0315108268638, 0.0111825802259, 1.32546862777, 0, 0.918000
