\
\ strid, ra1, dec1, ra2, dec2, ra1_err, dec1_err, corr1, ra2_err, dec2_err, corr2, start_mjd, end_mjd, flux, bg, length, sigma, length_err, sigma_err, pa_err, bg_err, fit_mag_err, ap_snr, ap_mag_err, dmag, dmag_err, chi2, numfit, prob
\ null, deg, deg, deg, deg, deg, deg, null, deg, deg, null, days, days, dn, dn, pixels, pixels, pixels, pixels, deg, dn, mag, null, mag, mag, mag, null, null, null
\
1, 188.64886395, 46.9683930173, 188.644572497, 46.9708321892, 0.000163237428438, 0.000147882432953, 0.993232220211, 0.000129094070822, 0.000117752332322, 0.987788814224, 58165.4507639, 58165.4511111, 315.649294074, 21.3647209979, 13.5517865313, 0.248129525201, 1.0225854902, 0.0369333474361, 0.00835202372478, 0.307119776524, 0.143745843571, 5.0842362378, 0.213549519333, -0.428336922441, 0.257422347032, 1.22502283881, 0, 0.000000
2, 188.683131503, 46.9660833649, 188.678191877, 46.9689917161, 0.000154499303578, 0.000140750889436, 0.989404260271, 0.000108179753203, 9.75580043251e-05, 0.976062914997, 58165.4507639, 58165.4511111, 503.686668531, 20.9546867022, 15.8306360373, 0.336913242645, 0.920303349228, 0.0445899297108, 0.0115679999368, 0.344016147868, 0.133047380767, 4.46359040134, 0.243242794955, -0.832305935626, 0.277251984351, 1.05709951976, 1, 0.000000
3, 188.537007481, 46.7740170908, 188.533254956, 46.7788833989, 0.000195516998663, 0.000184701119459, 0.595817314594, 0.00025300503191, 0.000240561527057, 0.858804514204, 58165.4507639, 58165.4511111, 204.196272886, 28.7135253564, 19.5692471644, 0.404907020134, 1.56995930634, 0.0951125506257, 0.0175669456954, 0.17875365104, 0.230720782347, 3.81019462487, 0.284955576199, 0.258315745582, 0.366649369035, 1.19722231868, 2, 0.000000
4, 188.459199905, 46.7654888797, 188.456689325, 46.7709799217, 0.000478859958861, 0.000528166917294, 0.45587320643, 0.000478859956377, 0.000528166914463, 0.455873194253, 58165.4507639, 58165.4511111, 1464.36983274, 18.7073361791, 20.4615249442, 1.95311100672, 3.68174874999, 0.572911394172, 0.110542391839, 0.590108257541, 0.317939679119, 5.67699862082, 0.191251799987, -0.49478632421, 0.371029500925, 1.26989404019, 0, 0.000000
5, 188.563784188, 46.762393294, 188.560052747, 46.7606647489, 0.000240916230183, 0.000263132786662, 0.999137907372, 6.56980482003e-05, 6.03484379738e-05, 0.858951132641, 58165.4507639, 58165.4511111, 338.117908434, 24.6252604756, 10.9719847267, 0.209062003149, 1.30847913015, 0.0189282535814, 0.0064374687266, 0.222314206881, 0.143334519331, 6.50960779535, 0.166789803455, -0.315516258178, 0.219917309388, 1.38083154537, 0, 0.000000
6, 188.552126801, 46.7260142346, 188.546238111, 46.7215737887, 0.000444333277962, 0.000481383983035, 0.931333421323, 0.000444333284663, 0.000481383991453, 0.931333423532, 58165.4507639, 58165.4511111, 862.712163135, 26.2701973403, 21.3383214998, 1.32914164977, 3.34253792396, 0.429304361709, 0.075652820867, 0.431293314869, 0.333498966735, 3.35262239709, 0.323846850662, -0.569151446424, 0.464863790262, 1.28611393521, 0, 0.000000
