\
\ strid, ra1, dec1, ra2, dec2, ra1_err, dec1_err, corr1, ra2_err, dec2_err, corr2, start_mjd, end_mjd, flux, bg, length, sigma, length_err, sigma_err, pa_err, bg_err, fit_mag_err, ap_snr, ap_mag_err, dmag, dmag_err, chi2, numfit, prob
\ null, deg, deg, deg, deg, deg, deg, null, deg, deg, null, days, days, dn, dn, pixels, pixels, pixels, pixels, deg, dn, mag, null, mag, mag, mag, null, null, null
\
1, 163.729430612, 10.9767581981, 163.705757772, 10.9748016481, 2.88613990925e-05, 2.7353986224e-05, 0.150403051144, 2.88613990711e-05, 2.73539861498e-05, 0.150403021305, 58153.4492014, 58153.4495486, 29579.8253409, 6.72535173027, 82.8929555575, -3.0997405365, 0.201369435488, 0.0202251099357, 0.000891757501143, 0.0145014054951, 0.0064223513467, 93.1980919788, 0.0116497685919, -0.196837758225, 0.0133027705785, 1.23905798964, 0, 0.282000
2, 163.757587199, 10.9698137206, 163.695379005, 10.9450496927, 0.000100647467245, 8.91455216428e-05, 0.617342153643, 0.000100646344225, 8.91439532583e-05, 0.617316426263, 58153.4492014, 58153.4495486, 662492.122878, 0.848975656504, 234.237362605, 24.8568854486, 0.697615998429, 0.113840695011, 0.00194355790721, 0.031789256604, 0.00506916410708, 739.465239472, 0.00146827213343, 0.0211039223652, 0.00527752288506, 1.49802367293, 0, 0.000000
3, 163.731483403, 10.9799600155, 163.727849634, 10.9759003832, 0.000144608074817, 0.000149336946551, 0.878932136976, 0.000144608074861, 0.000149336946723, 0.878932137076, 58153.4492014, 58153.4495486, 1867.19147669, 10.7565735474, 19.2077365866, 2.09241992003, 1.07762671711, 0.175045396015, 0.0373537950917, 0.158148664805, 0.0897603687836, 9.74692897324, 0.111392645595, -0.429309986804, 0.143056790461, 1.02526817453, 0, 0.000000
4, 163.717266179, 10.9628709295, 163.712393907, 10.9644628328, 0.000148852212673, 0.000136374094364, 0.566584659796, 0.000148852258005, 0.000136374134692, 0.566585245861, 58153.4492014, 58153.4495486, 1018.80898547, 11.1232418772, 17.9181028481, 1.15356032914, 1.03042651673, 0.13427815755, 0.0283082431428, 0.246839326309, 0.120291707001, 7.00314832868, 0.155035443175, -0.535972173022, 0.196229670065, 1.13443887321, 0, 0.000000
5, 163.715013078, 10.9625805141, 163.70956535, 10.9632215356, 0.000165495919379, 0.000157765194924, 0.214246719651, 0.000166922878188, 0.000158649096103, 0.256592179204, 58153.4492014, 58153.4495486, 469.376226485, 7.92999594032, 19.1454367122, 0.627929039859, 1.16104946607, 0.114894007695, 0.0199707459783, 0.327622833405, 0.177788609074, 9.79101569538, 0.110891069787, 0.0798042341447, 0.209536676682, 1.08398881473, 0, 0.000000
6, 163.78029067, 10.9624921499, 163.764694639, 10.9577355588, 0.000134311283655, 0.000127897226435, 0.532357580658, 0.000134311283507, 0.000127897226198, 0.532357576205, 58153.4492014, 58153.4495486, 6376.25175368, 3.13922050777, 56.9855804077, 2.44223273018, 0.941479241345, 0.102525262444, 0.00650839053422, 0.104329348962, 0.0430555209771, 19.4082125241, 0.0559421020051, -1.129096203, 0.0705924688856, 0.972056707241, 0, 0.036000
7, 163.66808791, 10.945709207, 163.654728461, 10.9407980697, 0.000265233509033, 0.000253596549367, 0.519223476953, 0.000293210285393, 0.000284778646711, 0.721440444241, 58153.4492014, 58153.4495486, 4955.5745665, 1.70944090706, 49.7813883544, 2.12772710958, 1.99590497534, 0.141906653644, 0.0100965756848, 0.279131541529, 0.078011211295, 54.7338919, 0.0198366344338, -0.0206580706424, 0.080493733628, 1.12577720661, 0, 0.214000
8, 163.738923197, 10.9344454975, 163.729383341, 10.9317186033, 0.000265183952424, 0.000252618719558, 0.7202112716, 0.000226045753613, 0.000205947336916, 0.188625305874, 58153.4492014, 58153.4495486, 3352.68932217, 2.48959440645, 34.6734403159, 2.13859125519, 1.73497910272, 0.187072641926, 0.0192164805468, 0.388105829137, 0.102967600646, 40.7510676415, 0.026643135201, -0.0327444256734, 0.106358748753, 1.10085910875, 0, 0.220000
9, 163.688158563, 10.9199753204, 163.679469965, 10.9173459057, 0.000367417988063, 0.000322668793714, 0.276896434484, 0.000520746365742, 0.000506744196564, 0.892055799836, 58153.4492014, 58153.4495486, 3294.70261168, 4.06160469874, 31.7303824906, 2.70903984361, 3.20311588101, 0.276320588239, 0.0335828082269, 0.359382566332, 0.140877570274, 31.2829126184, 0.0347070050031, -0.0836396287631, 0.145089854926, 1.24244743561, 0, 0.010000
10, 163.683570868, 10.9204534811, 163.663581747, 10.9165857093, 0.000428885918196, 0.000382241764914, 0.439053406427, 0.000416303597263, 0.000366014109742, 0.26384352072, 58153.4492014, 58153.4495486, 16821.6091096, 0.307174617862, 71.1031151229, 5.97124776745, 2.98689003086, 0.282414613162, 0.0141252759411, 0.249505456564, 0.0676797965161, 117.991889956, 0.00920178670889, -0.113525308241, 0.0683024723937, 1.08509060758, 6, 0.009000
11, 163.582389013, 10.8527249057, 163.572724625, 10.8510130694, 1.28364217867e-05, 1.22430155504e-05, 0.325286704919, 1.28364221788e-05, 1.22430160188e-05, 0.325286890375, 58153.4492014, 58153.4495486, 14667.8275113, -0.0597592194203, 34.2820054879, 1.23744005147, 0.0898235776448, 0.00890680324745, 0.000943414603807, 0.078288379331, 0.00713639696423, 124.292680191, 0.00873531895113, 0.0512379510895, 0.011279803137, 1.37659621516, 0, 0.843000
