\
\ strid, ra1, dec1, ra2, dec2, ra1_err, dec1_err, corr1, ra2_err, dec2_err, corr2, start_mjd, end_mjd, flux, bg, length, sigma, length_err, sigma_err, pa_err, bg_err, fit_mag_err, ap_snr, ap_mag_err, dmag, dmag_err, chi2, numfit, prob
\ null, deg, deg, deg, deg, deg, deg, null, deg, deg, null, days, days, dn, dn, pixels, pixels, pixels, pixels, deg, dn, mag, null, mag, mag, mag, null, null, null
\
1, 218.18616086, 38.4424309575, 218.178388805, 38.4455880054, 0.00369442038601, 0.00375609766799, 0.999998057299, 0.00119970773569, 0.001179729302, 0.999888265146, 58232.2547917, 58232.2551389, 251.314258123, 15.6269501714, 24.394123191, 0.136846395248, 19.66387657, 0.0108062315952, 0.00306599848681, 0.0522374706624, 0.880841279823, 6.8149255851, 0.159317396969, -0.0500629481298, 0.895133170661, 1.18596144888, 1, 0.000000
2, 218.18098814, 38.4385425403, 218.179590589, 38.4422378739, 0.000123017546814, 0.000125692554286, 0.372110827999, 0.000191822398447, 0.000196524499887, 0.925715750991, 58232.2547917, 58232.2551389, 217.19646448, 15.190489052, 13.7097357821, 0.261819665477, 1.16899377121, 0.0167231476432, 0.00407706353239, 0.0530081129858, 0.0970079849689, 7.94714270192, 0.136619694081, 0.375536827756, 0.167557422869, 1.26947811706, 0, 0.000000
3, 218.191766362, 38.4356564002, 218.183122428, 38.434005914, 0.000408713427656, 0.000387541308502, 0.446198617504, 0.000408613011361, 0.00038753904401, 0.446226029183, 58232.2547917, 58232.2551389, 230.907892071, 16.2017422061, 24.7804078457, 0.840304392596, 2.85109869379, 0.275770872719, 0.0400567298909, 0.136614217502, 0.326066372002, 2.4870632808, 0.436553509973, -0.0208605850324, 0.544883699536, 1.13119434369, 4, 0.000000
4, 218.205214305, 38.4307221317, 218.201028594, 38.4349463777, 2.12843654448e-05, 2.19616598871e-05, 0.791519609298, 4.58842548022e-05, 4.58038337369e-05, 0.983307511952, 58232.2547917, 58232.2551389, 216.422828329, 12.3641501785, 19.0242630314, 0.220489347766, 0.253519926461, 0.0176307030648, 0.00335041058827, 0.0815551709871, 0.0743228027769, 7.18272062598, 0.151159464678, 0.187984232365, 0.16844305499, 1.1570788166, 0, 0.000000
5, 218.234104885, 38.3927785037, 218.229773897, 38.3851906726, 0.000691822896159, 0.000735389337381, 0.689152859968, 0.000692429896792, 0.000735887407902, 0.690226636595, 58232.2547917, 58232.2551389, 685.850809109, 16.3102280133, 29.554591847, 1.97971742441, 5.16609398869, 0.693965788797, 0.08760496215, 0.254695691639, 0.373724896742, 5.81267894642, 0.186787575018, 0.327647675812, 0.417803657985, 1.25830198051, 0, 0.000000
6, 218.234849111, 38.3669008248, 218.2297561, 38.3745952722, 0.000144831076727, 0.000149116475885, 0.779446779359, 0.0001530761839, 0.000158042729364, 0.823914650573, 58232.2547917, 58232.2551389, 432.43637632, 15.8308291694, 30.8362132461, 0.618088852094, 1.08000426703, 0.0809696990932, 0.00930127093872, 0.0842966091071, 0.127193729543, 7.16571008018, 0.151518299318, 0.364495236109, 0.197828309055, 1.26654406559, 0, 0.000000
7, 218.2358958, 38.2751851234, 218.23167044, 38.2735780875, 0.000283891008652, 0.000264972066877, 0.73618181626, 0.000284320875261, 0.000265333077535, 0.737497942247, 58232.2547917, 58232.2551389, 209.473995942, 14.0968231191, 13.1050736552, 0.785020959237, 1.98049613199, 0.249823517169, 0.0713220808908, 0.243799592743, 0.324543793164, 7.18454909862, 0.151120994492, 0.94442547347, 0.358003112636, 1.21501289869, 0, 0.000000
8, 218.23717124, 38.2690038637, 218.231029303, 38.2704882171, 0.00026616002234, 0.000258481921548, 0.524769769496, 0.00027051976353, 0.000261980211444, 0.555538057806, 58232.2547917, 58232.2551389, 225.499870495, 13.5748478808, 17.9454328642, 0.557040901742, 1.89783481564, 0.16547068159, 0.032063696367, 0.306989989348, 0.291947610119, 5.39960647319, 0.201076913688, 0.384053264392, 0.354493063786, 1.21641855852, 7, 0.000000
9, 218.220559263, 38.2162301868, 218.216794071, 38.2178484381, 0.000195873723239, 0.000185589553412, 0.771117633216, 0.000195797344399, 0.000185506280446, 0.770768891225, 58232.2547917, 58232.2551389, 370.996920308, 13.2704434878, 11.9935510658, 0.925617367175, 1.38245867948, 0.194831337978, 0.0628350330124, 0.294411010954, 0.220025080436, 6.61614128684, 0.164104144347, 0.304251260775, 0.274483526305, 1.36297750115, 0, 0.000000
10, 218.224643575, 38.2122025313, 218.219224254, 38.215709271, 7.10363776392e-05, 7.07576778698e-05, 0.971110723263, 5.05584239885e-05, 5.32812935436e-05, 0.943927954385, 58232.2547917, 58232.2551389, 321.690522193, 11.9707939302, 19.6204965176, 0.35423359657, 0.435077165268, 0.0296740937474, 0.00604316918091, 0.0965314540694, 0.0821719485491, 6.86053033034, 0.158258349206, -0.0221382839804, 0.178319752753, 1.11338193989, 0, 0.000000
11, 218.186588331, 38.1773810333, 218.17680422, 38.179871677, 0.000233642166416, 0.000227924197551, 0.564725693857, 0.000233748715662, 0.000228033148963, 0.565763099468, 58232.2547917, 58232.2551389, 374.521277063, 13.8335840199, 28.753229981, 0.799844175071, 1.65037343487, 0.143911232288, 0.0180113114818, 0.0916526146505, 0.177080878488, 2.93495336778, 0.369933034261, -0.413562527133, 0.410131792676, 1.24921195456, 5, 0.000000
12, 218.658112113, 38.0295347447, 218.653459449, 38.034329811, 9.74179296657e-05, 9.75837572335e-05, 0.938674663565, 0.000105827075055, 0.000108011185973, 0.950190421475, 58232.2547917, 58232.2551389, 245.653396801, 13.1129979872, 21.4549446466, 0.397210296414, 0.730676490727, 0.0520769078764, 0.00908576402106, 0.0912512867264, 0.128542082508, 5.77690531693, 0.18794426171, 0.211991586054, 0.227697414314, 0.935040822078, 0, 0.000000
13, 218.599815276, 38.0219338736, 218.595641709, 38.0146921482, 0.00102273420855, 0.00111496194121, 0.750231936722, 0.000910498159999, 0.00102275111111, 0.614780917618, 58232.2547917, 58232.2551389, 921.457269697, 16.8318142714, 28.2713563467, 2.82809853303, 7.61475264545, 1.13750160353, 0.141716741767, 0.651482756607, 0.545551469988, 7.82302623156, 0.138787238163, 0.00977023900464, 0.56292832926, 1.34821561928, 6, 0.000000
14, 218.660411932, 37.9977026759, 218.65650252, 37.9920065856, 0.000162573290526, 0.000164829444313, 0.799696826597, 0.000162067449363, 0.000164418611994, 0.797134582563, 58232.2547917, 58232.2551389, 275.110162724, 12.9942348404, 23.0195190021, 0.752154973107, 1.16989806983, 0.111569368215, 0.0173564825176, 0.0928992099663, 0.147279392772, 3.47574081523, 0.312375479783, -0.107091843216, 0.345354397547, 1.34738642621, 7, 0.000000
