\
\ strid, ra1, dec1, ra2, dec2, ra1_err, dec1_err, corr1, ra2_err, dec2_err, corr2, start_mjd, end_mjd, flux, bg, length, sigma, length_err, sigma_err, pa_err, bg_err, fit_mag_err, ap_snr, ap_mag_err, dmag, dmag_err, chi2, numfit, prob
\ null, deg, deg, deg, deg, deg, deg, null, deg, deg, null, days, days, dn, dn, pixels, pixels, pixels, pixels, deg, dn, mag, null, mag, mag, mag, null, null, null
\
1, 163.745965213, 10.9968745197, 163.731411363, 10.991007179, 0.00034912888025, 0.000300109898754, 0.341676086363, 0.000439912176331, 0.000415121622312, 0.824047529871, 58153.4412847, 58153.4416319, 9670.70600035, -1.50002541555, 54.8920592729, 5.39502257374, 2.82427563281, 0.379753589305, 0.0245628765395, 0.311820075897, 0.0966914866058, 137.253902647, 0.00791042137104, -0.066622950353, 0.0970145264809, 1.16851237014, 0, 0.011000
2, 163.72832817, 10.9898875578, 163.714567316, 10.9789375931, 0.000170056253269, 0.000160873639751, 0.793421328959, 0.00025981191639, 0.000267090394864, 0.941985150132, 58153.4412847, 58153.4416319, 31472.3320425, 1.48325221137, 61.8041100972, 7.31653259036, 1.63269254319, 0.219403429347, 0.0147920791424, 0.185165603402, 0.0389276613456, 141.827423566, 0.00765533334426, -0.094081951567, 0.0396732522797, 1.20712042017, 0, 0.022000
3, 163.723457093, 10.9781324805, 163.69981967, 10.9763159532, 3.36869296101e-05, 3.19740007875e-05, 0.139376452425, 3.36869295929e-05, 3.19740007161e-05, 0.139376425938, 58153.4412847, 58153.4416319, 26900.4035753, 7.22964456507, 82.7257604511, 2.99893883356, 0.235144868389, 0.0232842785613, 0.00102630052177, 0.0177024700661, 0.0076404248614, 76.3019835865, 0.0142294623773, -0.34109860343, 0.0161509656556, 1.23531246868, 0, 0.045000
4, 163.750044287, 10.9660217348, 163.701293081, 10.9473738557, 8.8457337849e-05, 7.91819209107e-05, 0.589011313195, 8.9781509977e-05, 8.09159322384e-05, 0.623170050964, 58153.4412847, 58153.4416319, 420692.892882, 3.23515695776, 182.565542508, 17.3595944256, 0.618960385441, 0.0952665006385, 0.00204902832363, 0.0428788589108, 0.00599672688951, 556.460608746, 0.001951146564, 0.15677168587, 0.00630616415118, 1.81446496778, 0, 0.000000
5, 163.71020983, 10.965315649, 163.704947487, 10.9672214802, 0.000199543199805, 0.000182341206185, 0.611783952843, 0.000199552999058, 0.000182352345374, 0.611887920635, 58153.4412847, 58153.4416319, 1304.5968403, 8.63756839535, 19.5709735137, 1.30401437652, 1.38379711486, 0.187167873801, 0.0353068860538, 0.524200953091, 0.155625338918, 15.6240889776, 0.0694911688172, -0.0378165689808, 0.170435526393, 1.1610736404, 1, 0.001000
6, 163.774351357, 10.9627668485, 163.758588775, 10.9577840622, 0.0001298327934, 0.000124173140724, 0.549543565368, 0.000129832793194, 0.000124173140403, 0.549543559469, 58153.4412847, 58153.4416319, 5732.66298216, 3.86355618241, 57.7809901903, 2.36531781224, 0.911061904537, 0.0963968880109, 0.00606733970173, 0.0731403731506, 0.0410871580492, 18.7853897191, 0.0577968421733, -0.933772777925, 0.0709128304453, 1.18267045815, 0, 0.014000
7, 163.672234926, 10.9448308056, 163.664694477, 10.9415945454, 0.000931320030687, 0.000941902179058, 0.982542973253, 0.000440741000062, 0.000416226975806, 0.550107694761, 58153.4412847, 58153.4416319, 1230.67781014, 4.24579823746, 28.7174013557, 1.32604291282, 5.22255802225, 0.186773474247, 0.0243158926359, 0.340240253403, 0.227027639506, 18.4265203066, 0.0589224762295, -0.000452799207871, 0.234549370719, 1.22935750107, 0, 0.000000
8, 163.705469581, 10.9390271177, 163.698972827, 10.9344894555, 0.000181567562355, 0.000180552610092, 0.906312893643, 0.0001815535935, 0.000180535266229, 0.906280457902, 58153.4412847, 58153.4416319, 653.988659514, 11.0649041591, 27.8227164105, 0.922060943772, 1.29597991742, 0.123996920032, 0.0160225893484, 0.143785142159, 0.134305287912, 6.48498600952, 0.167423060461, -0.169555189681, 0.214635485266, 1.00770317537, 0, 0.000000
9, 163.736551507, 10.935531097, 163.726150592, 10.9329706822, 0.000283508460161, 0.000257509527955, 0.0227201574034, 0.000341412526663, 0.000326685200569, 0.746251248055, 58153.4412847, 58153.4416319, 3248.62278533, 2.75773129616, 37.4183993624, 2.31228784967, 2.21072637319, 0.219186751268, 0.0210549013956, 0.336771918223, 0.112882348242, 36.6069200637, 0.029659315858, -0.0362398906419, 0.116713750525, 1.16114414986, 0, 0.101000
10, 163.71181903, 10.9295159359, 163.704093935, 10.9266372621, 0.000181810045138, 0.000172535163402, 0.62093673299, 0.000181809775528, 0.0001725348462, 0.620933613038, 58153.4412847, 58153.4416319, 1702.4955447, 4.08244770947, 28.834631456, 1.42176943515, 1.27599096907, 0.150342735117, 0.0187532681159, 0.309526772643, 0.112206787049, 21.9958796094, 0.0493608904958, -0.0562760988981, 0.122584095911, 1.12475483745, 0, 0.001000
11, 163.696513633, 10.9244291885, 163.691775506, 10.9233389902, 0.000194614367508, 0.000168826699165, 0.394298785776, 0.000194614367344, 0.000168826698414, 0.394298771215, 58153.4412847, 58153.4416319, 1164.7019927, 2.83584909911, 16.9828505394, 1.67233370473, 1.33196545274, 0.210187864287, 0.0490417911787, 0.292326104544, 0.13704719444, 19.6199611188, 0.0553383464005, 0.0853829897247, 0.147798058466, 1.16299219706, 0, 0.000000
12, 163.68534732, 10.9193447782, 163.661376303, 10.9137871684, 0.000230821000107, 0.000210965492831, 0.397636315667, 0.000231968335694, 0.000212402137901, 0.420345526784, 58153.4412847, 58153.4416319, 16853.8282956, 1.49124739646, 85.9564370226, 5.57366388243, 1.60391734354, 0.212314026784, 0.00912610187006, 0.0914337118553, 0.0409721242864, 90.2658645867, 0.0120282036817, 0.00494141401165, 0.0427012020012, 1.21284614753, 0, 0.002000
13, 163.360638848, 10.8143436715, 163.350763456, 10.8127197768, 1.10916728148e-05, 1.06172904908e-05, 0.301879277527, 1.10916611564e-05, 1.06172853726e-05, 0.301876790914, 58153.4412847, 58153.4416319, 14858.84226, 0.529688329692, 34.9652215575, 1.1573433827, 0.0776975601338, 0.0073966536412, 0.000764208725881, 0.0761204860175, 0.00632159770849, 122.156947765, 0.00888804300224, 0.0438355405055, 0.0109068742542, 1.20845324451, 0, 0.968000
