\
\ strid, ra1, dec1, ra2, dec2, ra1_err, dec1_err, corr1, ra2_err, dec2_err, corr2, start_mjd, end_mjd, flux, bg, length, sigma, length_err, sigma_err, pa_err, bg_err, fit_mag_err, ap_snr, ap_mag_err, dmag, dmag_err, chi2, numfit, prob
\ null, deg, deg, deg, deg, deg, deg, null, deg, deg, null, days, days, dn, dn, pixels, pixels, pixels, pixels, deg, dn, mag, null, mag, mag, mag, null, null, null
\
1, 152.080669295, 12.2161701389, 152.079258493, 12.211956258, 0.000107088281456, 0.000111986313618, 0.520274465966, 0.000111487451879, 0.000114826350693, 0.610794795735, 58183.2673495, 58183.2676967, 300.165677469, 12.41769119, 15.7630869261, 0.526315411052, 0.797552308759, 0.0714660363962, 0.0167980720994, 0.148992934832, 0.13524075599, 5.31753139054, 0.204180497494, -0.0722762626505, 0.244907610411, 1.32095050015, 0, 0.000000
2, 152.026523905, 12.2082508308, 152.024243192, 12.2139539426, 0.000282161195692, 0.000292816001404, 0.673967734853, 0.000277231313677, 0.000287678761002, 0.646760512982, 58183.2673495, 58183.2676967, 235.405564127, 14.7877029552, 21.7727874261, 0.644188961766, 2.03887779206, 0.188607750186, 0.0305657955194, 0.218661819787, 0.290921684222, 5.51023107797, 0.197040049572, 0.576710949622, 0.351369047422, 1.06907613966, 2, 0.000000
3, 152.128080257, 12.2050198076, 152.126704928, 12.2113473928, 0.000273075531978, 0.000291185825092, 0.396275108799, 0.000273065577824, 0.000291168448501, 0.396139713716, 58183.2673495, 58183.2676967, 493.869114764, 14.3254389027, 23.0020296303, 0.988484720359, 2.02657421555, 0.22093883894, 0.0347645722391, 0.262916628486, 0.229257213774, 3.99264749172, 0.271933900253, -0.325362774799, 0.355678107527, 1.21566131074, 0, 0.000000
4, 152.108628188, 12.2073244804, 152.102269099, 12.2096165871, 0.000111487315017, 0.000109577393969, 0.327223025949, 0.000145886276875, 0.000143674409294, 0.828854295934, 58183.2673495, 58183.2676967, 374.451534958, 15.4221082641, 23.5577250204, 0.339265509626, 0.923915452067, 0.0301731460209, 0.00447497748786, 0.103153279113, 0.0868750952063, 3.89408751096, 0.278816590973, -0.655389734141, 0.292037623551, 1.5002796968, 2, 0.000000
5, 152.086140613, 12.2056948733, 152.078862694, 12.2109755196, 0.000710678485797, 0.000704150839712, 0.918086364456, 0.000714280469046, 0.000708043211825, 0.919530605575, 58183.2673495, 58183.2676967, 370.979200388, 16.2111470279, 31.5047300159, 1.0917428959, 5.08954770735, 0.507819517692, 0.0557917424034, 0.4265821072, 0.498013652761, 2.76758580415, 0.392304442063, -0.357724491629, 0.633971902846, 1.25905311575, 6, 0.000000
6, 152.141930941, 12.2061386458, 152.138095051, 12.2057659707, 0.000120727935911, 0.00011368928412, 0.386566334469, 0.000114161506106, 0.000109021058487, 0.00497398622041, 58183.2673495, 58183.2676967, 215.651921999, 14.4779119347, 13.3972189951, 0.521139336454, 0.81789624845, 0.0809142800338, 0.0227590028102, 0.131148998197, 0.153172567297, 4.06375136811, 0.267175844782, -0.00179299047453, 0.307968776676, 1.37722369679, 1, 0.000000
7, 152.160337722, 12.2061623534, 152.156422693, 12.2048453708, 9.43518769206e-05, 8.94315428687e-05, 0.597056296731, 9.37004945813e-05, 8.87013009072e-05, 0.580965750776, 58183.2673495, 58183.2676967, 216.637838756, 13.104476636, 14.3888953409, 0.642451156813, 0.656522540824, 0.0745731712865, 0.0183761195945, 0.0845997217946, 0.113833989821, 5.14518554285, 0.21101983509, 0.382149528854, 0.239765610628, 1.35167137381, 4, 0.000000
8, 152.149148715, 12.2058649297, 152.142927009, 12.2044014425, 0.00118164818919, 0.000786314357269, 0.499759654359, 0.00114073715266, 0.000730766848876, 0.33434478559, 58183.2673495, 58183.2676967, 1473.30622943, 14.0003246511, 22.2398322835, 4.8856682908, 7.87059570182, 1.76368691191, 0.337127333915, 0.622795147013, 0.51954014193, 10.4198752441, 0.104198580053, -0.133300543442, 0.529886122824, 1.29071400023, 3, 0.000000
9, 151.964238799, 12.1946992703, 151.961657104, 12.1932643871, 0.000222324260572, 0.000205593566553, 0.78242695647, 0.000222337874336, 0.00020559558179, 0.782425003073, 58183.2673495, 58183.2676967, 259.178553744, 15.9195102459, 10.3202345915, 0.924806872434, 1.55813773555, 0.233794196433, 0.0896126122167, 0.284255359845, 0.267160920101, 4.04138046896, 0.268654785932, 0.194212018412, 0.378880391725, 1.11664006587, 0, 0.000000
10, 151.959960155, 12.1932780185, 151.958168631, 12.1897808567, 0.000172367818959, 0.000178338797248, 0.761152668378, 0.000169977630597, 0.000177374020542, 0.746063211612, 58183.2673495, 58183.2676967, 232.15040086, 16.7416735303, 13.9044570951, 0.661015066397, 1.25330490258, 0.142835875802, 0.0377848039651, 0.194529702543, 0.217510121409, 3.29160852145, 0.329849736894, -0.0598004876476, 0.395109480834, 1.14481369527, 0, 0.000000
11, 151.912299302, 12.1602218222, 151.910750505, 12.1628254196, 0.00022989164049, 0.000250562078234, 0.78160853567, 0.00022989241075, 0.000250562706234, 0.781610829077, 58183.2673495, 58183.2676967, 358.117256839, 13.9552617817, 10.7093437585, 1.08018124099, 1.75793965901, 0.277955531807, 0.10438114694, 0.363591116066, 0.276104005588, 4.5266790274, 0.239852703977, 0.036334128825, 0.365735890373, 1.31311418041, 0, 0.000000
12, 151.917261947, 12.1567241116, 151.910955663, 12.1554374777, 0.00017121384818, 0.000164162695263, 0.383689935423, 0.000172374283913, 0.000165419400857, 0.414396520375, 58183.2673495, 58183.2676967, 289.720688787, 17.166638061, 22.3902066125, 0.598573882625, 1.20253836203, 0.102052317367, 0.017049785142, 0.117720109119, 0.169967356892, 4.30865462025, 0.251989611712, 0.106751357524, 0.303953395802, 1.29358454289, 2, 0.000000
13, 151.89784721, 12.1470380507, 151.892720093, 12.1489709992, 0.000270734238524, 0.000253966373408, 0.625973298866, 0.000270731241303, 0.000253963125308, 0.625952545921, 58183.2673495, 58183.2676967, 319.396180801, 12.984590551, 19.1014529626, 1.08089119354, 1.89383513352, 0.237435127075, 0.0452920862785, 0.234435441732, 0.234424278383, 3.97075452302, 0.273433222443, 0.0232848898276, 0.360167279789, 1.24499502583, 0, 0.000000
14, 151.900558592, 12.1370513286, 151.897657529, 12.1393356286, 0.000133457192609, 0.00013107339453, 0.953167996189, 0.000136638930542, 0.000137422048978, 0.962778124587, 58183.2673495, 58183.2676967, 201.438618206, 15.9419063854, 12.9493779171, 0.406483433934, 0.968415215411, 0.0646222773882, 0.0183781397509, 0.117249504903, 0.156573645705, 6.34600059506, 0.171089836582, 0.451334709786, 0.231920328369, 1.03590031405, 0, 0.000000
15, 151.889459995, 12.1393226003, 151.883869672, 12.1308645269, 0.000744405785568, 0.000773972287301, 0.813121825712, 0.000881570694851, 0.000896653711262, 0.894876180081, 58183.2673495, 58183.2676967, 660.598074841, 13.0597090921, 35.8006722592, 2.0198853581, 5.98739278571, 0.706156394008, 0.0696053682396, 0.311111077744, 0.399210128409, 6.29127922648, 0.172577971136, 0.19381607076, 0.434915949059, 1.23291594487, 5, 0.000000
16, 151.866428522, 12.0934556581, 151.863617448, 12.0953345159, 0.000275438468292, 0.000264066528413, 0.847779966627, 0.000275460836056, 0.000264070117917, 0.847776545486, 58183.2673495, 58183.2676967, 252.779912975, 13.9889304384, 11.8391140066, 0.968285872796, 1.95839382314, 0.283458419402, 0.0932751573044, 0.274057088704, 0.307288648757, 3.1618588151, 0.343385416064, -0.0505800359797, 0.460803491328, 1.31907440787, 4, 0.000000
17, 151.843105163, 12.0620088415, 151.839961974, 12.054010734, 7.35395160659e-05, 7.31933601851e-05, 0.856869440361, 5.25835175328e-05, 5.35942050225e-05, 0.246144997243, 58183.2673495, 58183.2676967, 455.384289939, 12.8046801318, 30.4619182515, 0.363984923166, 0.456494079274, 0.0274122503243, 0.00310582975168, 0.0746155066274, 0.0715787157655, 13.0533234637, 0.0831769937959, 0.586603503468, 0.109735704525, 1.24285215397, 1, 0.000000
18, 151.829396513, 12.03571727, 151.823316747, 12.0382432897, 1.30814200451e-05, 1.19251913419e-05, 0.342780926335, 1.61338281608e-05, 1.6349989039e-05, 0.832815668884, 58183.2673495, 58183.2676967, 222.265405557, 13.9252069948, 22.9717771911, 0.185286702173, 0.105260654442, 0.0109052436512, 0.00191492100858, 0.0482888245451, 0.0557188645879, 5.85620004019, 0.18539943945, -0.0321567537808, 0.193591177535, 1.13822123221, 0, 0.000000
19, 151.810162594, 11.9901985073, 151.803991114, 11.9955041463, 0.000160222521918, 0.000159572655901, 0.934483934694, 0.00016022252237, 0.000159572656446, 0.934483935226, 58183.2673495, 58183.2676967, 688.67265578, 16.3050640422, 28.5796359102, 1.4738938685, 1.15018332212, 0.135751354169, 0.0175347316955, 0.0689652413231, 0.0942643436241, 5.41259042959, 0.200594561676, 0.10765237516, 0.221639221829, 1.2284099367, 0, 0.000000
20, 151.805396785, 11.9818894244, 151.799012941, 11.9864612219, 4.51062989017e-05, 4.51527670884e-05, 0.846817560829, 7.36232025515e-05, 7.39724785537e-05, 0.974792820542, 58183.2673495, 58183.2676967, 286.142140987, 15.9699694276, 27.5212857111, 0.389315254325, 0.435229922199, 0.0231270000316, 0.00297225369189, 0.0216058799301, 0.0572017935348, 5.29725714479, 0.204961959573, 0.142211266201, 0.212794384455, 1.18783270655, 0, 0.000000
21, 151.784429089, 11.9269449789, 151.782163118, 11.9247177305, 0.000173528388666, 0.000172824867087, 0.880161500121, 0.000173528409599, 0.000172824889885, 0.880161530297, 58183.2673495, 58183.2676967, 496.585237118, 16.4504966537, 11.169419267, 1.27180151368, 1.27185124473, 0.209596132589, 0.0778172399841, 0.211176470157, 0.176599289874, 3.15326161713, 0.344321637906, -0.491920898945, 0.38696860275, 1.17688444342, 0, 0.000000
22, 151.777105157, 11.8932960889, 151.772759102, 11.8950959837, 9.51267360339e-05, 9.31922859999e-05, 0.646252261362, 0.000102396274585, 9.91041704545e-05, 0.726822334057, 58183.2673495, 58183.2676967, 297.421061119, 13.2545548956, 16.4214853073, 0.542501114525, 0.698645096881, 0.0621509790681, 0.013620250154, 0.101704447703, 0.112286696602, 5.26090744565, 0.206378123161, 0.000721988946413, 0.234947296118, 1.09651600439, 0, 0.000000
