\
\ strid, ra1, dec1, ra2, dec2, ra1_err, dec1_err, corr1, ra2_err, dec2_err, corr2, start_mjd, end_mjd, flux, bg, length, sigma, length_err, sigma_err, pa_err, bg_err, fit_mag_err, ap_snr, ap_mag_err, dmag, dmag_err, chi2, numfit, prob
\ null, deg, deg, deg, deg, deg, deg, null, deg, deg, null, days, days, dn, dn, pixels, pixels, pixels, pixels, deg, dn, mag, null, mag, mag, mag, null, null, null
\
1, 77.4516127338, 48.6013592984, 77.4502679148, 48.5984035765, 4.00335910565e-05, 4.72175392364e-05, 0.588358232052, 4.01815472216e-05, 4.73862591114e-05, 0.595903285579, 58104.3930671, 58104.3934143, 4005.48881235, -0.947077598727, 10.9745247271, 0.775424987523, 0.316989911606, 0.042243702048, 0.0150330346768, 0.606989787927, 0.0558698847892, 59.5176043302, 0.0182422699465, -0.236068941608, 0.058772650435, 47.5649251524, 0, 0.006000
2, 77.1202867767, 48.5681270622, 77.1165040552, 48.5661849278, 3.25118008802e-05, 3.33386984167e-05, 0.428879684913, 8.36019357533e-05, 9.48662295957e-05, 0.988979625406, 58104.3930671, 58104.3934143, 1523.90031443, -3.31604779649, 11.2637757585, -0.267689765801, 0.481279175989, 0.0202486314194, 0.00674563727773, 0.58589716571, 0.0796706815943, 32.2246904834, 0.0336926806269, -0.918181154318, 0.0865021053705, 116.93565309, 1, 0.000000
3, 76.9906727954, 48.5600884256, 76.9837317773, 48.5570262087, 8.87348986256e-05, 9.69934881518e-05, 0.835406449416, 8.70587156874e-05, 9.49666000309e-05, 0.822452002639, 58104.3930671, 58104.3934143, 7056.34067024, -11.4650107674, 19.6286723537, 0.620574980228, 0.657692475634, 0.0642628744918, 0.0115579762083, 2.46510835186, 0.102055836417, 246.253427034, 0.00440901967472, -0.751893613358, 0.102151031328, 49.213869657, 2, 0.009000
4, 77.4288092832, 48.5592835897, 77.4250971165, 48.5565588547, 7.25651188296e-05, 8.22465134441e-05, 0.938621320676, 7.22730337529e-05, 8.16681732834e-05, 0.937905327263, 58104.3930671, 58104.3934143, 3874.9052367, -0.862675883651, 13.0449857272, 0.722222763494, 0.556780353533, 0.0673794703189, 0.0192942430678, 1.22309322386, 0.0941970543863, 61.3067805313, 0.0177098878028, -0.116410101253, 0.0958474057085, 42.2975155917, 0, 0.043000
5, 77.5908941184, 48.1798742177, 77.5860080877, 48.1781529513, 4.80163071828e-05, 4.98686699588e-05, 0.707104152996, 4.82059321714e-05, 5.00627072371e-05, 0.711097698414, 58104.3930671, 58104.3934143, 2298.55136577, -1.82178658044, 13.1013901163, 0.724091138546, 0.352997210361, 0.042788001808, 0.0123042247361, 0.460747842726, 0.0600271900652, 50.2203591503, 0.0216194432522, -0.314007529253, 0.0638017544716, 15.6152184141, 1, 0.001000
6, 77.4458517546, 48.1549951173, 77.4425574985, 48.1529801169, 4.84213778931e-05, 5.33994249732e-05, 0.905993922682, 4.91631419299e-05, 5.42596413709e-05, 0.909480663804, 58104.3930671, 58104.3934143, 969.944561586, -1.01291098361, 10.6011654998, 0.693332794705, 0.371115618374, 0.0485086528149, 0.0174235142002, 0.335871403861, 0.072037479739, 34.5752109806, 0.0314021570358, -0.160812425624, 0.0785843111165, 4.29838529858, 0, 0.000000
7, 77.6019016259, 47.9960209959, 77.5998588595, 47.9933940764, 7.81106699738e-05, 9.32268259916e-05, 0.79260158163, 7.81141434785e-05, 9.32319418832e-05, 0.792629233155, 58104.3930671, 58104.3934143, 962.660919789, -2.42697832983, 10.5308903496, 0.942332683922, 0.627159416588, 0.0954450527907, 0.0351887156156, 0.598727497713, 0.110328411462, 75.5495489219, 0.0143711805067, 0.00926873414242, 0.111260456609, 2.22177594103, 0, 0.007000
8, 76.5951763513, 47.8593263481, 76.5898144842, 47.8602439436, 6.88451216491e-05, 5.98098169171e-05, 0.565501192843, 6.83771674442e-05, 5.94465017205e-05, 0.550361407655, 58104.3930671, 58104.3934143, 4911.01947325, -11.5513486609, 13.2021345472, -0.669004783938, 0.462534622488, 0.0541159221714, 0.015262219137, 1.39192229543, 0.0817120169522, 13.516961364, 0.0803239852153, -2.18494489025, 0.114580959654, 30.9140918345, 0, 0.000000
9, 77.1484402878, 47.8576200292, 77.1437863082, 47.8558966787, 6.16567177896e-05, 6.45527496998e-05, 0.730304061727, 6.1179178519e-05, 6.38429556573e-05, 0.718969792444, 58104.3930671, 58104.3934143, 2587.33541066, -4.22427579978, 12.6829010397, 0.688337037863, 0.452142109665, 0.0546853695015, 0.0158655408064, 0.932380463448, 0.0801735007854, 67.3899835982, 0.0161112400803, -0.278566589127, 0.0817762941513, 13.0774826746, 0, 0.001000
