\
\ strid, ra1, dec1, ra2, dec2, ra1_err, dec1_err, corr1, ra2_err, dec2_err, corr2, start_mjd, end_mjd, flux, bg, length, sigma, length_err, sigma_err, pa_err, bg_err, fit_mag_err, ap_snr, ap_mag_err, dmag, dmag_err, chi2, numfit, prob
\ null, deg, deg, deg, deg, deg, deg, null, deg, deg, null, days, days, dn, dn, pixels, pixels, pixels, pixels, deg, dn, mag, null, mag, mag, mag, null, null, null
\
1, 162.859209655, 10.468219476, 162.856667285, 10.4741093346, 0.000211567840476, 0.00021632119685, 0.682550467277, 0.00021094944809, 0.000215657819869, 0.67857074356, 58153.4269676, 58153.4273148, 506.885780987, 11.9848701848, 22.750452222, 0.761096707265, 1.52986335657, 0.147316440112, 0.0232793881517, 0.266108970856, 0.194783115358, 7.03688682794, 0.15429212254, 0.0147626261709, 0.248488472784, 1.33578681688, 0, 0.000000
2, 162.13088899, 9.96752566265, 162.128101779, 9.97175401582, 0.000101196768592, 0.000101054349853, 0.888485798253, 0.000105107567262, 0.000104349952316, 0.905218572999, 58153.4269676, 58153.4273148, 292.626997057, 16.9634362244, 17.9296563745, 0.337076415612, 0.739913863831, 0.0313809376726, 0.00685166189873, 0.11783694175, 0.0966146572028, 5.74773434482, 0.188898118741, -0.0135353005299, 0.212171843679, 0.965245725766, 0, 0.000000
3, 162.168410132, 9.9552922522, 162.166165061, 9.952187539, 0.000246434103678, 0.000257049420394, 0.897300143014, 0.000246889858167, 0.000257733685534, 0.897716413266, 58153.4269676, 58153.4273148, 230.175121316, 18.1670141187, 13.5577317369, 0.704445603302, 1.81251720686, 0.215116037324, 0.05863272378, 0.285657748844, 0.309393563461, 4.00871811737, 0.270843739312, 0.238875252447, 0.411194246356, 1.21131948221, 0, 0.000000
4, 162.195136543, 9.94630011896, 162.192682536, 9.95078376986, 4.78085819906e-05, 4.85526857804e-05, 0.805482774203, 4.59524293923e-05, 4.64349410607e-05, 0.775019143748, 58153.4269676, 58153.4273148, 399.007822856, 18.44073357, 18.1162296908, 0.614377385196, 0.337482040439, 0.0332900411591, 0.00664174334262, 0.0484008066079, 0.0531088354301, 2.88917848173, 0.375794092204, -0.700987678818, 0.379528323233, 1.18228879211, 0, 0.000000
5, 162.202477996, 9.94819629656, 162.200960246, 9.94561084291, 0.000259230931447, 0.000286717683739, 0.78189699646, 0.000259229937918, 0.000286715967902, 0.781894857764, 58153.4269676, 58153.4273148, 425.714478468, 17.4455049829, 10.6226324694, 1.12478903685, 2.00408351533, 0.325106846629, 0.123150445542, 0.565155568691, 0.316275729727, 4.9548677709, 0.219125162357, 0.0637586042519, 0.384767688343, 1.25699348416, 0, 0.000000
6, 162.256049306, 9.93826958797, 162.253067546, 9.93945848766, 0.000295094976426, 0.000263734106218, 0.647691328241, 0.000295068967235, 0.000263704471563, 0.647533746668, 58153.4269676, 58153.4273148, 343.249687913, 16.2613506569, 11.2666484712, 0.976072177444, 2.03562662686, 0.302843328142, 0.105085850389, 0.468139815183, 0.330000028661, 4.23334793032, 0.256472234891, 0.0106690330738, 0.417945003782, 1.31006874512, 0, 0.000000
