\
\ strid, ra1, dec1, ra2, dec2, ra1_err, dec1_err, corr1, ra2_err, dec2_err, corr2, start_mjd, end_mjd, flux, bg, length, sigma, length_err, sigma_err, pa_err, bg_err, fit_mag_err, ap_snr, ap_mag_err, dmag, dmag_err, chi2, numfit, prob
\ null, deg, deg, deg, deg, deg, deg, null, deg, deg, null, days, days, dn, dn, pixels, pixels, pixels, pixels, deg, dn, mag, null, mag, mag, mag, null, null, null
\
1, 196.604757593, 28.9998608607, 196.600491551, 29.0026091421, 6.94730048439e-05, 7.0051861814e-05, 0.9448776249, 5.36769254064e-05, 5.52136406352e-05, 0.883927703019, 58245.1914583, 58245.1918055, 455.70423814, 18.4552578356, 16.4729060553, 0.373604061784, 0.442082412312, 0.0368031590562, 0.00818191852642, 0.176702588841, 0.0948048026623, 11.817688433, 0.0918738221027, 0.415469719763, 0.132017990424, 1.13225616929, 0, 0.000000
2, 196.49345002, 28.9993655036, 196.490339765, 28.9959742725, 0.000108720031101, 0.000108309771712, 0.92602261422, 0.000118045175843, 0.000117313195302, 0.941385688594, 58245.1914583, 58245.1918055, 614.994736335, 21.1042377235, 15.4579204551, 0.556038554609, 0.810888306017, 0.0817855291168, 0.0184647350361, 0.44290226421, 0.144362498342, 3.88952688921, 0.279143514284, -0.890202522595, 0.314263635336, 0.975760528234, 0, 0.000000
3, 196.5943399, 28.9981172748, 196.591690508, 28.9949854109, 0.000294185838101, 0.000298066779935, 0.899459111866, 0.000292967176003, 0.000296570673574, 0.898402548553, 58245.1914583, 58245.1918055, 230.565013176, 23.3350154673, 13.8515340293, 0.706892749412, 2.12438114156, 0.247834904943, 0.0665937561349, 0.28623757745, 0.354287527863, 3.21966302822, 0.33722044675, 0.133775923704, 0.489118883407, 0.98857575856, 1, 0.000000
4, 196.586736344, 28.9969201831, 196.584035874, 28.993472352, 0.000573083388113, 0.0005657588593, 0.999539858261, 0.000114123397769, 0.000117157978896, 0.832090652375, 58245.1914583, 58245.1918055, 264.110299526, 26.0649578598, 14.8588859053, 0.234118428865, 2.92601180667, 0.0285125503292, 0.00745648935033, 0.308362636168, 0.229124379447, 7.33838665417, 0.147952984208, 0.299983848424, 0.272741758433, 0.848462004189, 5, 0.000000
5, 196.590157564, 28.9892137059, 196.587736255, 28.9916795852, 0.00036944759318, 0.00038165274441, 0.929926119952, 0.000457266605286, 0.000470715101251, 0.956956257491, 58245.1914583, 58245.1918055, 207.865153504, 21.5102181231, 11.5544293555, 0.505264762279, 3.03276323963, 0.315016445005, 0.10440589504, 0.532030908502, 0.627714940455, 4.18933452847, 0.259166747697, 0.204007221435, 0.679112251091, 1.00607778582, 5, 0.000000
6, 196.802469422, 28.7514009111, 196.79744718, 28.7490033877, 8.89177766116e-05, 9.01886427802e-05, 0.953003936396, 0.000312526938798, 0.000308177620734, 0.999488231147, 58245.1914583, 58245.1918055, 439.428573841, 15.4140131126, 17.8251157255, 0.199210738616, 1.62434898165, 0.015511328144, 0.00275999368831, 0.202639661644, 0.118922489233, 10.5675994002, 0.102741991217, -0.0629093266476, 0.15715748536, 1.51402787605, 0, 0.000000
7, 196.813445212, 28.733869401, 196.804613021, 28.7407812595, 0.000245893103671, 0.000247995279916, 0.998969944729, 6.13268253933e-05, 6.15214139804e-05, 0.861226708525, 58245.1914583, 58245.1918055, 525.214797478, 22.1796399367, 36.905320655, 0.214566050609, 1.28401244257, 0.0208516352572, 0.00191589170951, 0.0934937299611, 0.0923178102333, 13.1151938955, 0.0827846094696, 0.516104077525, 0.123999474399, 0.918933202425, 0, 0.000000
8, 196.782059336, 28.7366733049, 196.779453943, 28.7392306095, 0.000169689857417, 0.000175521815004, 0.968473934001, 0.000179609224505, 0.000183233373487, 0.972872476765, 58245.1914583, 58245.1918055, 366.632849992, 22.4545691559, 12.191584573, 0.405546151915, 1.2708254572, 0.103132637968, 0.0311799867075, 0.485500219999, 0.234027480711, 4.25970762767, 0.254885146977, -0.504485683003, 0.346027888872, 1.25390295504, 1, 0.000000
9, 196.827799987, 28.695639392, 196.825664627, 28.7001429306, 9.53072873959e-05, 9.93568477855e-05, 0.677449201308, 9.73372620611e-05, 0.000101186463533, 0.706538905012, 58245.1914583, 58245.1918055, 637.465723495, 16.2311324419, 17.3418200047, 0.57678888493, 0.704187910675, 0.0669919933026, 0.0136472701386, 0.218020093996, 0.113577961438, 9.09402297692, 0.11939008814, -0.0366384357876, 0.164784545605, 1.24895401651, 0, 0.000000
10, 196.799959523, 28.6954923861, 196.795901884, 28.689245913, 0.000152282783458, 0.00015338937365, 0.824564434407, 0.000153772593481, 0.000154125338045, 0.8323518265, 58245.1914583, 58245.1918055, 484.695431467, 24.9837138458, 25.5620437594, 0.596074271497, 1.09571118166, 0.0870948758867, 0.0120534321441, 0.109247583049, 0.140869092712, 10.3083735069, 0.105325656276, 0.786867172342, 0.175890861478, 1.12389503708, 0, 0.000000
11, 196.797648518, 28.69037589, 196.793663877, 28.6896479148, 7.29706201725e-05, 6.88719698481e-05, 0.410532063753, 7.33631420267e-05, 6.87601376149e-05, 0.402944726761, 58245.1914583, 58245.1918055, 366.144825112, 23.7474198197, 12.6945245429, 0.525450492211, 0.508284297287, 0.0507312914058, 0.0156906780747, 0.136617082928, 0.0973795061402, 4.11576736432, 0.263799216197, -0.318045437636, 0.281198852563, 1.28670267354, 1, 0.000000
12, 196.80539166, 28.6861761676, 196.800994878, 28.6918134499, 0.000171957909114, 0.000179792998737, 0.918021096675, 0.000195734768877, 0.000202706063435, 0.951542165564, 58245.1914583, 58245.1918055, 297.816044451, 22.6156523411, 24.2853946411, 0.298417661811, 1.36272165142, 0.0534408268912, 0.00771311596232, 0.189458760205, 0.167973726559, 4.19015368285, 0.259116081876, -0.202123708265, 0.308798181181, 1.31268438697, 1, 0.000000
13, 196.80356388, 28.6812562552, 196.795545535, 28.6907218512, 0.000368019216156, 0.000376274273089, 0.940095498507, 0.000368172846905, 0.000376461605289, 0.940161925591, 58245.1914583, 58245.1918055, 863.953163236, 21.5215262889, 41.9296739311, 0.879305529155, 2.65808123607, 0.204385469064, 0.0171753752343, 0.243684919865, 0.229687298029, 6.28485189005, 0.172754461641, -0.0318701327931, 0.287402781637, 1.30806164149, 1, 0.000000
14, 196.81449551, 28.6850205285, 196.812254882, 28.688105934, 0.000240364615779, 0.000253430981394, 0.851481091636, 0.000240257042007, 0.000253210023796, 0.851352911931, 58245.1914583, 58245.1918055, 466.642427556, 17.0195263474, 13.0070046801, 0.82161950598, 1.78164485876, 0.230803388351, 0.0667942624254, 0.542602854716, 0.290178339328, 6.61923953764, 0.164027332533, 0.112744203063, 0.333329318292, 1.22298511477, 4, 0.000000
