\
\ strid, ra1, dec1, ra2, dec2, ra1_err, dec1_err, corr1, ra2_err, dec2_err, corr2, start_mjd, end_mjd, flux, bg, length, sigma, length_err, sigma_err, pa_err, bg_err, fit_mag_err, ap_snr, ap_mag_err, dmag, dmag_err, chi2, numfit, prob
\ null, deg, deg, deg, deg, deg, deg, null, deg, deg, null, days, days, dn, dn, pixels, pixels, pixels, pixels, deg, dn, mag, null, mag, mag, mag, null, null, null
\
1, 176.953176645, 32.5176204842, 176.949705902, 32.5220897206, 0.000395869462212, 0.000384074706792, 0.840724633363, 0.000395967985689, 0.000384125945259, 0.840877710319, 58224.2176157, 58224.2179629, 361.319152758, 17.5956726691, 18.996650555, 0.88945267678, 2.80512712586, 0.318969269447, 0.060975053634, 0.43610318119, 0.370893896888, 4.46177290022, 0.243341879795, 0.0790014266919, 0.44359616005, 1.32089858825, 5, 0.000000
2, 177.021376091, 32.5024600705, 177.017086701, 32.5106624353, 0.000152799068949, 0.000146479805013, 0.707039015082, 0.000146202225468, 0.000141679035519, 0.642187606667, 58224.2176157, 58224.2179629, 385.323187374, 17.170958425, 31.8764592844, 0.520651502125, 1.04524671366, 0.0732026637182, 0.00803992388137, 0.0830388567274, 0.134692887362, 2.97154932638, 0.365377143539, -0.562629280533, 0.389413187921, 1.33557817224, 0, 0.000000
3, 176.936817347, 32.4972769768, 176.927121921, 32.5009277372, 0.000289757815003, 0.000267071153521, 0.764852789987, 0.000290919306061, 0.000268063056668, 0.768577873221, 58224.2176157, 58224.2179629, 525.84416349, 15.8042881587, 31.8417428449, 0.780210897069, 1.9956774503, 0.165582910752, 0.0184115172524, 0.194378104285, 0.210112235266, 9.47679392049, 0.114567881698, 0.598539334215, 0.239317677837, 1.23391411981, 0, 0.000000
4, 176.938002889, 32.4956686591, 176.925800475, 32.492475047, 0.000236969676718, 0.000240851290733, 0.494511745825, 0.000237365712832, 0.000241240069122, 0.498625647823, 58224.2176157, 58224.2179629, 552.015209191, 15.493484971, 38.3131766279, 0.604577417065, 1.70767478762, 0.114404237919, 0.0103986150345, 0.197842424534, 0.185799857549, 5.52540681567, 0.196498871663, -0.161186120376, 0.270431865042, 1.34678531466, 0, 0.000000
5, 176.998787465, 32.4573348192, 176.996829858, 32.4600357312, 0.00015159088867, 0.000142455363437, 0.949152619918, 9.17992801084e-05, 8.41423497396e-05, 0.59776832894, 58224.2176157, 58224.2179629, 240.992046596, 17.6927941465, 11.2575525586, 0.278205319908, 0.852898338093, 0.0263016409287, 0.00798131337407, 0.17092205397, 0.0995221814692, 5.41698535426, 0.2004318147, -0.163904028586, 0.223780197847, 0.969895170829, 0, 0.000000
6, 176.9527311, 32.4564835464, 176.951429791, 32.4525675911, 0.00010322208939, 0.000111038731474, 0.372520567457, 0.000118408169148, 0.000132081402061, 0.706550861629, 58224.2176157, 58224.2179629, 309.384696874, 13.9096687302, 14.4617761839, 0.469197798433, 0.84047962629, 0.0699470729871, 0.018429167295, 0.186862474035, 0.150824844843, 6.86700833418, 0.158109055927, 0.147467038426, 0.218509970912, 1.78594570088, 0, 0.000000
7, 176.972610335, 32.4513750973, 176.968100902, 32.4578400334, 0.000219369038217, 0.000211288150625, 0.811917851987, 0.000218331359801, 0.000210353395836, 0.808516633969, 58224.2176157, 58224.2179629, 311.402293976, 17.0675770349, 26.6751041436, 0.79224305945, 1.53790123478, 0.140185805906, 0.018719052442, 0.120763290796, 0.176860328019, 5.93856650424, 0.182827994598, 0.638032939355, 0.254373055247, 1.26162320434, 1, 0.000000
8, 177.012808365, 32.4560512621, 177.012707496, 32.4523459193, 0.000182549608323, 0.000198830559221, 0.0546557456601, 0.000182972578179, 0.000197387347269, 0.164713817626, 58224.2176157, 58224.2179629, 235.827724964, 13.8285972714, 13.1793117385, 0.600695875376, 1.36769966393, 0.144851112615, 0.0422534294628, 0.30033546729, 0.248646146519, 3.94574529207, 0.275166318247, -0.0677198778167, 0.370865755868, 1.03140613728, 3, 0.000000
9, 176.997341183, 32.4535076932, 176.991434562, 32.4521122615, 9.53126414349e-05, 9.52766298922e-05, 0.231433800604, 0.000107309096502, 0.000108728447653, 0.624070320638, 58224.2176157, 58224.2179629, 408.859413849, 15.1770918489, 18.4010176158, 0.474523772613, 0.724961435583, 0.0583397989675, 0.0115997043301, 0.178368075948, 0.121084719982, 7.35571631906, 0.147604415079, 0.0653529940625, 0.190915093075, 1.21963997738, 0, 0.000000
