\
\ strid, ra1, dec1, ra2, dec2, ra1_err, dec1_err, corr1, ra2_err, dec2_err, corr2, start_mjd, end_mjd, flux, bg, length, sigma, length_err, sigma_err, pa_err, bg_err, fit_mag_err, ap_snr, ap_mag_err, dmag, dmag_err, chi2, numfit, prob
\ null, deg, deg, deg, deg, deg, deg, null, deg, deg, null, days, days, dn, dn, pixels, pixels, pixels, pixels, deg, dn, mag, null, mag, mag, mag, null, null, null
\
1, 95.1234071321, 29.8285112735, 95.1141776234, 29.8235590489, 0.000850835256827, 0.000822403810838, 0.83830738793, 0.000744110290173, 0.00068689180789, 0.721533469144, 58129.3541551, 58129.3545023, 3378.50870078, -2.65781272526, 33.4809947275, 4.00381645127, 5.87305938035, 1.02102427747, 0.106960948075, 0.99873233519, 0.366781144651, 363.549565158, 0.00298648742513, -0.0769391386874, 0.366793303072, 7.11669067323, 0, 0.006000
2, 95.3080589354, 29.8018435165, 95.3092764851, 29.7932238932, 0.00132559084109, 0.00168474295053, 0.0557141288638, 0.00142856014029, 0.00171782021002, 0.414643140602, 58129.3541551, 58129.3545023, 4205.59069031, -6.74129656993, 30.8871780381, 3.82774948901, 12.0524473887, 1.14358508353, 0.132878571767, 1.99469533266, 0.558101714969, 94.000238295, 0.0115503558762, -0.258651567419, 0.558221224043, 7.4035672515, 1, 0.002000
3, 95.4370237014, 29.7969459156, 95.4335714033, 29.7840323961, 0.000395816766524, 0.000437809082236, 0.46173532083, 0.00039581677111, 0.000437809087572, 0.461735358781, 58129.3541551, 58129.3545023, 3167.699759, -1.21925008409, 47.1473695484, 2.40163459466, 3.00412932362, 0.35525366559, 0.0275331869835, 0.236980419486, 0.153787613182, 70.338698539, 0.0154358301662, -0.27745200358, 0.154560327449, 8.41169022565, 5, 0.007000
4, 95.3303483667, 29.7458280218, 95.3248236523, 29.7405372846, 0.000429564165707, 0.00045832254958, 0.918376699908, 0.000429564165919, 0.000458322549765, 0.918376699986, 58129.3541551, 58129.3545023, 1636.67049219, -1.79250730216, 25.3968871394, 1.88504305526, 3.21803689695, 0.448242674535, 0.0675099557429, 0.396149127752, 0.250016667436, 26.1180548065, 0.0415703318184, -0.415395630305, 0.253449060925, 15.4911022771, 5, 0.000000
5, 95.2921142253, 29.741086097, 95.3127550482, 29.7246149646, 0.000245374884413, 0.000230458033736, 0.890705228362, 0.000245374884475, 0.000230458033683, 0.890705228351, 58129.3541551, 58129.3545023, 156574.578776, 0.479129420341, -86.5612038818, 8.85632960275, 1.74210323759, 0.277677478369, 0.0128954357903, 0.316045420151, 0.0338824993942, 380.638704972, 0.00285240620719, 0.0184909447072, 0.0340023526593, 18.4886329558, 1, 0.013000
6, 95.1814278668, 29.7260477186, 95.1716157308, 29.7202106454, 0.00148593605021, 0.00143098258113, 0.842825213828, 0.00155351761652, 0.0014999620823, 0.862521123893, 58129.3541551, 58129.3545023, 6068.40769649, -6.5472928446, 36.7292357607, 4.64912099756, 11.6838801197, 1.84494958693, 0.159566990377, 3.08274165597, 0.702605601746, 179.681466008, 0.00604256092117, -0.190877305931, 0.702631584934, 12.8278539973, 0, 0.024000
7, 94.7627921402, 29.6687945614, 94.7589442832, 29.6585008312, 0.00132034065827, 0.00151782535195, 0.442760838814, 0.00152777404453, 0.00172643570298, 0.720617496029, 58129.3541551, 58129.3545023, 2902.26755966, -3.08053304364, 38.4948790849, 2.94860662177, 11.2615610887, 1.38173750838, 0.126428274169, 1.42887430529, 0.590754361892, 67.7375540555, 0.0160285711508, -0.0501184679871, 0.59097176852, 15.9578553862, 0, 0.010000
8, 95.0500039096, 29.580951246, 95.0408583257, 29.5844231402, 0.0016573542797, 0.00143671873455, 0.702968438156, 0.0016574834864, 0.00143685517568, 0.703074745154, 58129.3541551, 58129.3545023, 1231.15721979, 1.39770130371, 30.858561637, 2.71519913082, 11.3474864595, 1.76951549726, 0.213573589568, 0.856464780962, 0.752151846327, 20.4034698034, 0.0532133120111, -0.001290029648, 0.754031867038, 11.2064941134, 0, 0.000000
9, 95.4150592226, 29.080441065, 95.409749779, 29.0788482952, 5.81686309578e-05, 5.39811698618e-05, 0.409534559621, 6.23697591301e-05, 6.01035468458e-05, 0.634970069322, 58129.3541551, 58129.3545023, 1318.93844519, -0.461607020951, 17.4398623239, 1.24616231008, 0.426958944657, 0.0544412080149, 0.0117146366595, 0.170396448667, 0.0476641064156, 40.4766561764, 0.0268237623193, -0.0133339534593, 0.0546935212375, 0.888073919414, 1, 0.009000
