\
\ strid, ra1, dec1, ra2, dec2, ra1_err, dec1_err, corr1, ra2_err, dec2_err, corr2, start_mjd, end_mjd, flux, bg, length, sigma, length_err, sigma_err, pa_err, bg_err, fit_mag_err, ap_snr, ap_mag_err, dmag, dmag_err, chi2, numfit, prob
\ null, deg, deg, deg, deg, deg, deg, null, deg, deg, null, days, days, dn, dn, pixels, pixels, pixels, pixels, deg, dn, mag, null, mag, mag, mag, null, null, null
\
1, 152.0518227, 12.2124439559, 152.048269951, 12.2049183915, 0.000166129301454, 0.000170637487376, 0.728235470334, 0.000166149738026, 0.00017065786134, 0.728375608502, 58183.2919907, 58183.2923379, 342.307821909, 12.1056478603, 29.4666029897, 0.942139448603, 1.2052968761, 0.113615427471, 0.0138039483471, 0.0681639093266, 0.120824050887, 4.21441551091, 0.257624385148, 0.120651430261, 0.284550127563, 1.33053599561, 0, 0.000000
2, 152.116341447, 12.2049487553, 152.114118657, 12.2104493984, 0.000113255653865, 0.000116312276108, 0.701662274191, 0.000107718564038, 0.000111508824916, 0.622975001461, 58183.2919907, 58183.2923379, 247.909944452, 12.262585056, 21.0328221628, 0.520148582875, 0.803677557556, 0.06941049617, 0.011490679476, 0.0714507967716, 0.128543615568, 4.63588335402, 0.234202658231, 0.0811042785835, 0.267159776586, 1.17686453881, 0, 0.000000
3, 152.034542101, 12.2105111109, 152.031744679, 12.2040959179, 0.000470052009741, 0.000534150858151, 0.517830358587, 0.000564407053259, 0.000609439686163, 0.764973080484, 58183.2919907, 58183.2923379, 889.527567032, 9.52579993484, 24.7932521527, 2.3028657458, 4.04546724477, 0.594287035277, 0.0847464532788, 0.510724325148, 0.335018574797, 10.6506657795, 0.101940688708, 0.0286029308157, 0.350184736208, 1.28257610505, 0, 0.000000
4, 152.047332024, 12.2065057294, 152.044200103, 12.20050539, 0.000251823482336, 0.000258114874466, 0.773823992185, 0.000252105076084, 0.000258390726075, 0.774831304254, 58183.2919907, 58183.2923379, 360.713405105, 14.1390458199, 23.9487314999, 0.802558421598, 1.82669999474, 0.176963399043, 0.0263634822579, 0.204851494001, 0.221986108614, 4.03476220688, 0.269095463149, -0.109456493932, 0.348841225638, 1.20433802006, 5, 0.000000
5, 152.110399612, 12.1995343175, 152.105228802, 12.2055999907, 0.000303062822351, 0.000307605385382, 0.951713902643, 0.000303611209091, 0.000308140455474, 0.951944788826, 58183.2919907, 58183.2923379, 318.965777089, 14.5750751531, 28.0799853275, 0.855104728548, 2.1863507377, 0.200514294639, 0.0256287011419, 0.11574829795, 0.232275533129, 5.73365497336, 0.189361970646, 0.567444942324, 0.29968296451, 1.1459615191, 0, 0.000000
6, 152.048051881, 12.2034649397, 152.04260655, 12.1967443998, 6.55472301341e-05, 6.48367834859e-05, 0.947141301449, 6.17846450724e-05, 6.16942116083e-05, 0.935265344721, 58183.2919907, 58183.2923379, 245.709511004, 16.1991692293, 30.4778846758, 0.365881752231, 0.450571663718, 0.0385921208933, 0.00451309413393, 0.0519427939969, 0.0999028200889, 5.26579845938, 0.206186433669, 0.308245442568, 0.22911442314, 1.10810731232, 8, 0.000000
7, 152.152807268, 12.1991072452, 152.150052558, 12.2007752795, 0.000215498887969, 0.000206368001811, 0.825408067422, 0.000214668059866, 0.000205370811087, 0.8225839793, 58183.2919907, 58183.2923379, 243.082442281, 13.958874231, 11.2651461623, 0.786089818168, 1.52248702089, 0.207007833649, 0.0695448136804, 0.339649608513, 0.274495950564, 3.98569489598, 0.272408258307, 0.0707939839802, 0.386722492325, 1.18985962059, 2, 0.000000
8, 151.978335479, 12.1952566815, 151.977265614, 12.1874685809, 0.00017575899474, 0.00017843161823, 0.407507131804, 0.000167519595258, 0.000171328010401, 0.0703803257559, 58183.2919907, 58183.2923379, 242.370814054, 13.6083819998, 27.9399539322, 0.511177626819, 1.23266444491, 0.0935684499922, 0.0110744601717, 0.0799217478761, 0.171663410224, 3.7751480897, 0.287600957356, 0.0251050188521, 0.334936765796, 1.16156436118, 7, 0.000000
9, 151.952817966, 12.1880416147, 151.950051077, 12.1918474113, 0.000570138104992, 0.000684528013179, 0.776742012108, 0.000609495256803, 0.000716341543857, 0.805354630623, 58183.2919907, 58183.2923379, 1283.37573392, 9.44941529011, 16.6031879466, 4.08041348107, 5.30526885932, 1.16153792383, 0.324115220593, 0.664635327852, 0.421596373716, 12.9788474834, 0.0836542848773, -0.0688606815139, 0.42981570668, 1.26917706936, 6, 0.000000
10, 151.89133506, 12.1220537586, 151.886327409, 12.1241754659, 0.000126105408668, 0.00012200481797, 0.69157787954, 0.000126343911585, 0.000122605825923, 0.698688656315, 58183.2919907, 58183.2923379, 351.282020208, 13.3418090609, 18.9741357896, 0.684271321083, 0.889904908317, 0.0888078287051, 0.0168257011461, 0.107591310418, 0.127782680713, 4.27320683533, 0.254079956014, -0.204045931367, 0.284402949243, 1.19782076425, 0, 0.000000
11, 151.867777297, 12.0833625928, 151.861390896, 12.0882702221, 0.000197961176217, 0.000197455118929, 0.948198655184, 0.00019372892687, 0.000193139221596, 0.944486395868, 58183.2919907, 58183.2923379, 353.758488752, 12.7606808237, 28.2455824935, 0.575381234793, 1.39855938175, 0.110183220919, 0.0136500406056, 0.177550255941, 0.188378665004, 4.89075610683, 0.221997617759, -0.0567447469321, 0.291151959841, 1.31028659386, 6, 0.000000
12, 151.8540393, 12.0711235767, 151.852810817, 12.0660761376, 0.00014890349679, 0.000152976380509, 0.378041415624, 0.000153666698439, 0.000159914113805, 0.484328651632, 58183.2919907, 58183.2923379, 369.273387228, 11.8631128384, 18.4483928833, 0.471413659496, 1.10711521802, 0.0782706852654, 0.0142691986251, 0.355108034051, 0.162016651108, 7.23409325853, 0.150086011606, -0.0148963734207, 0.220851094895, 1.22036292565, 3, 0.000000
13, 151.809216779, 12.003068465, 151.801908464, 12.0070298418, 4.83977835997e-05, 4.77278101691e-05, 0.438829325499, 8.31705543936e-05, 8.50727089395e-05, 0.954784084739, 58183.2919907, 58183.2923379, 330.553516297, 12.9331377756, 29.0640256166, 0.341555000802, 0.485119631583, 0.0264484283169, 0.00329917370744, 0.0570299667182, 0.0742768234026, 8.6357032955, 0.125726436818, 0.390589404475, 0.146028022686, 1.26067397942, 0, 0.000000
14, 151.794917453, 11.9827093863, 151.793709661, 11.9766202731, 0.000126394666015, 0.000127314356158, 0.0255118202339, 0.000146484375326, 0.000149638667384, 0.653737897685, 58183.2919907, 58183.2923379, 283.877249405, 11.5843939435, 22.0543298307, 0.374373601331, 0.985451329649, 0.0445276380271, 0.00693745777935, 0.119794701487, 0.113145979829, 6.0047526137, 0.180812811885, 0.0193961886415, 0.213296239285, 1.32626433584, 0, 0.000000
15, 151.806437298, 11.9741804515, 151.806586906, 11.9704616063, 0.000660911784964, 0.00181813932008, 0.425543100023, 0.000734261696393, 0.0018480639552, 0.577335800958, 58183.2919907, 58183.2923379, 1040.01149037, 12.5209213695, 13.2345652585, 5.17520946142, 12.7440257467, 1.5704123816, 0.865778588812, 0.405104244692, 0.498216328799, 8.32956681844, 0.130347259158, -0.0661934618326, 0.514985357318, 1.31801530522, 7, 0.000000
16, 151.804661414, 11.9727902486, 151.799609229, 11.9698446731, 0.000142004961649, 0.000137279508595, 0.865814565065, 0.000138085172955, 0.000137197703362, 0.872657464773, 58183.2919907, 58183.2923379, 226.894974804, 13.1620665876, 20.4525002447, 0.398474023867, 0.986353082356, 0.0665602558785, 0.0119475162913, 0.168493883479, 0.164118772594, 6.64366371259, 0.163424317023, 0.447378291777, 0.231608460364, 1.24017937624, 1, 0.000000
