\
\ strid, ra1, dec1, ra2, dec2, ra1_err, dec1_err, corr1, ra2_err, dec2_err, corr2, start_mjd, end_mjd, flux, bg, length, sigma, length_err, sigma_err, pa_err, bg_err, fit_mag_err, ap_snr, ap_mag_err, dmag, dmag_err, chi2, numfit, prob
\ null, deg, deg, deg, deg, deg, deg, null, deg, deg, null, days, days, dn, dn, pixels, pixels, pixels, pixels, deg, dn, mag, null, mag, mag, mag, null, null, null
\
1, 163.886096787, 11.6187086964, 163.881039433, 11.6100805933, 0.000354672666123, 0.000402533896355, 0.819444218814, 0.000300583416834, 0.000363029414052, 0.709077876395, 58153.44375, 58153.4440972, 6319.34822424, -2.31251338871, 35.3720667075, 5.43695532621, 2.77485057042, 0.577090379562, 0.0551193700534, 0.629835799623, 0.170680974967, 116.705990885, 0.0093031745545, -0.0812998561803, 0.170934327367, 1.15046499885, 0, 0.029000
2, 163.748073866, 10.996118441, 163.731482801, 10.9905813407, 0.000999480811407, 0.000941210220673, 0.860202927379, 0.00185257635903, 0.00186744194352, 0.989177741056, 58153.44375, 58153.4440972, 9002.84476834, -1.33992197724, 61.1367673796, 4.23480515151, 10.6539929869, 0.292692247797, 0.0180975079907, 0.294296840245, 0.194066477067, 125.018588834, 0.00868459814564, -0.145922867516, 0.194260700519, 1.15395152365, 1, 0.000000
3, 163.732209821, 10.9924486171, 163.722030828, 10.9883030831, 0.000123617166252, 0.000115961309463, 0.652887288609, 0.000123617166122, 0.00011596130918, 0.652887284908, 58153.44375, 58153.4440972, 6604.59730544, 5.3615989261, 38.4481320318, 2.46984078758, 0.86503185487, 0.112691272091, 0.0110624768468, 0.139492311915, 0.0471955748611, 60.2658272208, 0.0180157853103, 0.42149561934, 0.0505172327708, 1.51927708995, 0, 0.050000
4, 163.724560455, 10.978292559, 163.70111545, 10.9764622977, 3.11868736797e-05, 2.96248746282e-05, 0.14176892453, 3.11868736587e-05, 2.96248745571e-05, 0.14176889646, 58153.44375, 58153.4440972, 27664.3883875, 7.28467099821, 82.0589359062, 2.93558028883, 0.217747176493, 0.0214202487217, 0.000951312255004, 0.0168758995713, 0.00717358224507, 90.9426203614, 0.0119386949754, -0.156257416899, 0.0139281269359, 1.25758479182, 0, 0.057000
5, 163.738153316, 10.9815562677, 163.735092897, 10.9818098081, 0.000173076581504, 0.000143093110088, 0.15764559545, 0.000173076787768, 0.000143093125656, 0.15764658622, 58153.44375, 58153.4440972, 588.980662608, 4.57849542855, 10.7155599869, 1.22070676168, 1.16757120845, 0.193865693988, 0.0743348229587, 0.347435965496, 0.173163669166, 11.7183283468, 0.0926528232204, 0.11683853635, 0.196392978413, 1.19176795478, 0, 0.000000
6, 163.776636595, 10.9634863046, 163.758186515, 10.9579522927, 0.000372375719071, 0.000367860455832, 0.850857977071, 0.0002742335143, 0.000258357208777, 0.0714144983199, 58153.44375, 58153.4440972, 7765.00633341, 2.30181458022, 67.3123944093, 2.74204742421, 2.32413707229, 0.158955192396, 0.00838798041506, 0.199449692174, 0.0668576111174, 53.1614625654, 0.0204233697187, -0.232802658113, 0.0699074688069, 1.25239386669, 0, 0.097000
7, 163.666802074, 10.9464471832, 163.647786264, 10.9394107915, 0.000120309452968, 0.000117046124401, 0.62655224871, 0.000120735674484, 0.000117518677263, 0.633546321234, 58153.44375, 58153.4440972, 7465.81943389, 1.28772216183, 70.9140522407, 2.12573539412, 0.851026239843, 0.0782310830946, 0.0039002077329, 0.106207172587, 0.0374069341531, 77.1722246675, 0.0140690022795, 0.174849256568, 0.0399651791923, 1.14776631668, 0, 0.104000
8, 163.681666521, 10.9451657654, 163.67500007, 10.9429711145, 6.94832344676e-05, 6.66627455222e-05, 0.568368485905, 6.94838067062e-05, 6.66615504085e-05, 0.56832567135, 58153.44375, 58153.4440972, 1434.36553176, 7.55136560722, 24.5357258423, 0.975436519758, 0.488001821646, 0.0506948933582, 0.00753881965791, 0.102510834435, 0.0517842651669, 21.2378483954, 0.0511227024763, 0.193701326579, 0.0727677183053, 1.05070230463, 0, 0.000000
9, 163.708809262, 10.9313517696, 163.705052683, 10.9296812248, 0.000147998349053, 0.000138953128908, 0.691057678906, 0.000147989582771, 0.000138943371282, 0.690973181403, 58153.44375, 58153.4440972, 605.258091849, 7.28000990931, 14.3909893867, 0.979822309009, 1.03725095701, 0.138663630129, 0.0365917220033, 0.270107488841, 0.147088855322, 8.32012911114, 0.13049511495, -0.169335596735, 0.196631905819, 1.23166155765, 0, 0.000000
10, 163.704146326, 10.9308639718, 163.699872543, 10.928599115, 9.85063025332e-05, 9.42573049212e-05, 0.774440934332, 9.8505974332e-05, 9.42568876445e-05, 0.774437223735, 58153.44375, 58153.4440972, 825.461284798, 6.71723625154, 16.9477565698, 1.05274868702, 0.695035962204, 0.0887674846477, 0.019814246658, 0.134298077103, 0.0860706009136, 5.07815686845, 0.213805172405, -1.0133179316, 0.230479500365, 1.14802048486, 0, 0.000000
11, 163.712918539, 10.9287697286, 163.707515916, 10.9274750581, 0.000153695082708, 0.000139301130128, 0.418439329256, 0.00015369508187, 0.000139301129418, 0.418439313332, 58153.44375, 58153.4440972, 1358.77120541, 4.26500016377, 19.4065791674, 1.4038683969, 1.06195413932, 0.146633616657, 0.0287155838362, 0.273937950322, 0.110268265457, 19.8508320524, 0.0546947453836, 0.0495158319227, 0.123087796062, 1.21268006598, 0, 0.000000
12, 163.691410421, 10.9258802056, 163.682619377, 10.9233053041, 0.000178194836375, 0.000169317176385, 0.507472080195, 0.000178938155572, 0.000170180770936, 0.520206747096, 58153.44375, 58153.4440972, 1600.43628091, 6.27751493833, 32.014413576, 1.38618257729, 1.25112009054, 0.13682127741, 0.0154070478487, 0.20925233872, 0.101964935672, 20.2187472212, 0.0536994796404, 0.155056802751, 0.115240974572, 1.1964586606, 0, 0.001000
13, 163.429683928, 10.826044924, 163.419828213, 10.8243923498, 1.20616265209e-05, 1.15678823233e-05, 0.308582300224, 1.20615703765e-05, 1.15678229438e-05, 0.308555598353, 58153.44375, 58153.4440972, 14758.1858477, 0.470846667298, 34.9112626844, 1.11593516141, 0.0845440516352, 0.00791086974694, 0.000817683876872, 0.0831392965705, 0.00699444105495, 122.334916674, 0.00887511296264, 0.0489435890268, 0.0112999927332, 1.66082959619, 0, 0.876000
