\
\ strid, ra1, dec1, ra2, dec2, ra1_err, dec1_err, corr1, ra2_err, dec2_err, corr2, start_mjd, end_mjd, flux, bg, length, sigma, length_err, sigma_err, pa_err, bg_err, fit_mag_err, ap_snr, ap_mag_err, dmag, dmag_err, chi2, numfit, prob
\ null, deg, deg, deg, deg, deg, deg, null, deg, deg, null, days, days, dn, dn, pixels, pixels, pixels, pixels, deg, dn, mag, null, mag, mag, mag, null, null, null
\
1, 162.70456122, 10.6997559202, 162.694853927, 10.6980759578, 1.33302921752e-05, 1.28458003098e-05, 0.312615039649, 1.33303809959e-05, 1.28458899119e-05, 0.31265004016, 58153.417581, 58153.4179282, 15299.25, 0.77454915821, 34.4332120352, 1.05359921585, 0.0936315455829, 0.00858032727063, 0.00089726235689, 0.105376983444, 0.0080207397955, 125.898363084, 0.00862391041603, 0.0853614336652, 0.0117772703854, 1.52671815138, 0, 0.305000
2, 162.2237309, 10.6651422912, 162.221179782, 10.6688074681, 0.000104463839807, 0.000103265422271, 0.895753304862, 0.000112604010937, 0.000112104099567, 0.919497553956, 58153.417581, 58153.4179282, 296.457967963, 12.4021556711, 15.7863842461, 0.386894294753, 0.764854991251, 0.0536007513392, 0.0127545697693, 0.222993423965, 0.13738083718, 7.2290625959, 0.150190455589, 0.111392036795, 0.203545246504, 1.16303530382, 0, 0.000000
3, 162.155179899, 10.6436989624, 162.148817738, 10.6424651792, 9.32971751114e-05, 9.07438742484e-05, 0.496297612027, 8.63604503788e-05, 8.46625788955e-05, 0.18595839398, 58153.417581, 58153.4179282, 440.517503407, 15.0737761803, 22.6553959455, 0.505037968925, 0.633784724834, 0.0502076346357, 0.00802126639371, 0.106247455194, 0.0971651733943, 5.17534306758, 0.209790189864, -0.30084836519, 0.231199036944, 1.10985347855, 0, 0.000000
4, 162.168086546, 10.6383950972, 162.160183102, 10.6347157536, 0.00011944931854, 0.000120800089291, 0.687382843423, 0.000132507366253, 0.000134361720952, 0.806522734258, 58153.417581, 58153.4179282, 436.176276939, 17.4088374263, 30.552755849, 0.36081770246, 0.902309462795, 0.0364466170809, 0.00422560012791, 0.125585090685, 0.0984381106985, 7.48863155957, 0.144984593797, 0.124489810439, 0.175244383865, 1.06712192941, 0, 0.000000
5, 162.178242638, 10.6366483672, 162.171748101, 10.6280340145, 4.18756543633e-05, 4.21957800459e-05, 0.979331152581, 2.39243817275e-05, 2.4790544412e-05, 0.84704967309, 58153.417581, 58153.4179282, 423.60062017, 17.822803181, 38.1124088367, 0.309926766368, 0.245830034087, 0.0144619152129, 0.00137590799856, 0.0206348543575, 0.0441874450481, 7.28433434546, 0.149050847101, 0.148075927592, 0.155462810091, 1.19392690556, 1, 0.000000
6, 162.14124991, 10.6351368491, 162.138627144, 10.6383765965, 0.000498479670073, 0.000510174369024, 0.866951842117, 0.000498476276789, 0.000510171782617, 0.866949639263, 58153.417581, 58153.4179282, 445.240242935, 14.5622961011, 14.7179718488, 1.47365000939, 3.6975332435, 0.595060077072, 0.158124139472, 0.58376685291, 0.452816024689, 6.40328554, 0.16955923611, 0.364510462203, 0.483521133732, 1.2183945168, 0, 0.000000
7, 162.197931366, 10.6254635438, 162.191079889, 10.6281870689, 4.21157347316e-05, 4.05230547509e-05, 0.72220008338, 3.98318993579e-05, 3.82906741253e-05, 0.641071132636, 58153.417581, 58153.4179282, 314.74634347, 16.9566542851, 25.8217848675, 0.284399190756, 0.284703752699, 0.0301087801632, 0.00389229897262, 0.0982722093272, 0.0975956815095, 5.41175910471, 0.200625375918, -0.110422953884, 0.223104142748, 1.4909342316, 0, 0.000000
8, 162.199936224, 10.6239306734, 162.19731474, 10.6287164319, 9.8919031414e-05, 0.000100716004679, 0.785006397896, 9.89891776522e-05, 0.000100804168338, 0.785537782788, 58153.417581, 58153.4179282, 483.38599028, 16.3398798828, 19.322139185, 0.772102465736, 0.71613050569, 0.0756484848792, 0.0141183637986, 0.146000609145, 0.0988288524153, 5.66100256829, 0.191792212008, -0.0427379608398, 0.215757722126, 1.28070630624, 0, 0.000000
9, 162.214458937, 10.6198050833, 162.207823927, 10.6311958912, 0.000255118646539, 0.000253464958373, 0.753485449175, 0.000318024807328, 0.000314312135778, 0.901968699678, 58153.417581, 58153.4179282, 336.739829891, 18.1665665926, 46.6604557764, 0.466430438081, 2.04589020617, 0.0937081960622, 0.00703257453042, 0.0982138846232, 0.194512670722, 3.11659176387, 0.348372930117, -0.221768478833, 0.398997340229, 1.2610054394, 2, 0.000000
10, 162.244919054, 10.6280631114, 162.237333898, 10.6253046274, 0.00013473514594, 0.000136335801811, 0.867613756344, 9.46074015281e-05, 9.41065075938e-05, 0.118160472257, 58153.417581, 58153.4179282, 373.454016865, 18.2232925288, 28.2560497322, 0.317811393809, 0.83451241481, 0.0319119341739, 0.00397405264412, 0.105924551468, 0.0953180052672, 6.5393115458, 0.166032188122, 0.0506461101616, 0.191447668099, 1.01266766994, 0, 0.000000
11, 162.179677255, 10.6206355037, 162.172956137, 10.6285279479, 0.000475148145901, 0.000472378077156, 0.930574250397, 0.000499814888146, 0.000494599105607, 0.939449381799, 58153.417581, 58153.4179282, 859.790576266, 19.9502105981, 36.5880245378, 1.57496965381, 3.49071614123, 0.375209431894, 0.0367791903746, 0.229052230445, 0.248727583505, 5.09476087843, 0.213108373615, -0.0840044312934, 0.327537157741, 1.36321580961, 3, 0.000000
12, 162.149606964, 10.6232051954, 162.146465338, 10.6217456695, 8.14405840164e-05, 7.80090274617e-05, 0.708940723896, 8.14560289923e-05, 7.79383397458e-05, 0.707699924913, 58153.417581, 58153.4179282, 259.838405365, 17.6518619926, 12.1406314817, 0.718998123342, 0.573943746039, 0.0728068078181, 0.0223877977475, 0.0783275047767, 0.101723571148, 3.55990352359, 0.304990345261, -0.058568910578, 0.321507069331, 1.24421468665, 1, 0.000000
13, 162.162336667, 10.5991415863, 162.157846096, 10.6045892364, 4.56416253177e-05, 4.56414715288e-05, 0.654930986023, 0.000159638110677, 0.000156925710782, 0.996024739867, 58153.417581, 58153.4179282, 358.540323492, 15.8362428365, 24.9248995621, 0.286065749401, 0.829508903279, 0.0264274087233, 0.00379778961727, 0.116055651755, 0.091354952517, 7.97400828355, 0.136159402668, 0.15244138388, 0.163966796286, 1.36338796621, 3, 0.000000
14, 162.464362185, 10.5299414479, 162.457562991, 10.535346646, 0.00111891066219, 0.00107435144817, 0.911078046782, 0.00111890792394, 0.00107434842602, 0.911077438861, 58153.417581, 58153.4179282, 578.435031174, 14.2229937551, 30.5611460001, 2.04389890576, 7.95098238949, 1.08678496143, 0.129884036507, 0.391543490372, 0.586263874567, 3.8752562766, 0.280171458934, -0.0619910284399, 0.649770249414, 1.27562126006, 6, 0.000000
15, 162.442634165, 10.5278464703, 162.437955965, 10.5299481241, 0.00022203163893, 0.00020766519523, 0.726843139823, 0.00022198645132, 0.000207639687925, 0.72672960675, 58153.417581, 58153.4179282, 525.549314813, 12.5826497154, 17.976827417, 0.927854485553, 1.5464280467, 0.182589515391, 0.0374898701361, 0.283784613464, 0.201386440778, 5.81562924697, 0.186692816659, -0.129733034896, 0.274610098724, 1.21019410365, 0, 0.000000
16, 162.467496679, 10.5227690503, 162.46393309, 10.5306168816, 0.000250017286696, 0.000251763852346, 0.735779888848, 0.000240975859229, 0.000240206642595, 0.692234717379, 58153.417581, 58153.4179282, 359.146255037, 14.5980192912, 30.553898906, 0.526138109735, 1.75115414304, 0.127711100314, 0.0146853120749, 0.24522344921, 0.23863848459, 4.4660332941, 0.243109742641, -0.152714973754, 0.340662110154, 1.36141952215, 4, 0.000000
17, 162.478462769, 10.518724726, 162.474381704, 10.5190628722, 8.6218005748e-05, 8.30410702384e-05, 0.0312848759447, 9.08750580727e-05, 8.61615227666e-05, 0.374986918191, 58153.417581, 58153.4179282, 273.184334527, 13.0119704837, 14.314358042, 0.488837837161, 0.617200737581, 0.0638893141299, 0.0141103943674, 0.119925528152, 0.120489499693, 5.32765033525, 0.203792692169, -0.023387044885, 0.236747082174, 1.23472347599, 2, 0.000000
