\
\ strid, ra1, dec1, ra2, dec2, ra1_err, dec1_err, corr1, ra2_err, dec2_err, corr2, start_mjd, end_mjd, flux, bg, length, sigma, length_err, sigma_err, pa_err, bg_err, fit_mag_err, ap_snr, ap_mag_err, dmag, dmag_err, chi2, numfit, prob
\ null, deg, deg, deg, deg, deg, deg, null, deg, deg, null, days, days, dn, dn, pixels, pixels, pixels, pixels, deg, dn, mag, null, mag, mag, mag, null, null, null
\
1, 118.302762005, 37.0807645057, 118.296368351, 37.0801173394, 0.000285723484188, 0.000240660745208, 0.233286079376, 0.00028572346701, 0.000240660722494, 0.23328548181, 58099.4722454, 58099.4725926, 1222.02888429, 0.151784534832, 18.2847864551, 1.93233156665, 1.93567879944, 0.312321851335, 0.0691124046521, 0.272447542196, 0.175023313888, 28.4045228472, 0.038224060675, -0.243764599231, 0.179148651178, 4.85696335605, 1, 0.000000
2, 118.60936642, 37.0503929126, 118.604268723, 37.047920816, 0.000377471933987, 0.000350313652352, 0.809146675683, 0.000377471933051, 0.000350313651169, 0.80914667367, 58099.4722454, 58099.4725926, 996.673328924, -1.39699367653, 16.9249797987, 1.55094082105, 2.65419850173, 0.40504032422, 0.0941532872068, 0.508305213738, 0.280385365218, 35.477977253, 0.0306031033567, -0.208140757468, 0.282050532642, 8.64706012657, 0, 0.000000
3, 118.261922338, 37.0304400754, 118.258120487, 37.0286907961, 0.000347573275723, 0.000311634608906, 0.763029588592, 0.000347573275981, 0.000311634608679, 0.763029587924, 58099.4722454, 58099.4725926, 1044.66592429, -2.4072569301, 12.4547373924, 1.52379862151, 2.436525589, 0.415222330525, 0.13928890131, 0.72026034138, 0.298911825918, 27.978687616, 0.0388058303399, -0.127324769464, 0.301420258347, 11.0212596841, 0, 0.000000
4, 117.961322655, 36.9794135473, 117.95631588, 36.978028679, 0.000461506554765, 0.00039671674158, 0.554563042523, 0.00046150655447, 0.000396716740021, 0.554563034942, 58099.4722454, 58099.4725926, 1223.46643908, -1.90624840913, 15.0530699414, 1.65653507762, 3.1632718449, 0.523244285149, 0.140183971919, 0.928574063016, 0.350082078666, 53.8660436064, 0.0201562270415, -0.00409332631899, 0.350661853202, 13.7804806177, 0, 0.012000
5, 117.8352431, 36.9738110653, 117.830136111, 36.9736407583, 0.00010873335781, 8.52257455459e-05, 0.0724948337112, 0.000108733358014, 8.52257453954e-05, 0.0724947966656, 58099.4722454, 58099.4725926, 14011.0223352, 6.41765992788, 14.526331936, 2.04185121819, 0.7272126084, 0.129117541225, 0.0388185091393, 1.14646396655, 0.0692471515984, 109.171727807, 0.0099452140821, 0.237908933227, 0.0699576678259, 14.5596701135, 0, 0.203000
6, 118.774316366, 36.9406383283, 118.769850396, 36.9414100447, 2.86754607131e-05, 2.79201203029e-05, 0.608773850732, 3.9085218704e-05, 3.91047855689e-05, 0.894841370109, 58099.4722454, 58099.4725926, 343.234223541, -0.468350549723, 12.9852475448, 0.208476413143, 0.242967819067, 0.0144128601212, 0.00462223021582, 0.144695413803, 0.0695203544737, 16.243072167, 0.0668430327463, -0.42881552387, 0.0964420588378, 10.9132976153, 7, 0.000000
