\
\ strid, ra1, dec1, ra2, dec2, ra1_err, dec1_err, corr1, ra2_err, dec2_err, corr2, start_mjd, end_mjd, flux, bg, length, sigma, length_err, sigma_err, pa_err, bg_err, fit_mag_err, ap_snr, ap_mag_err, dmag, dmag_err, chi2, numfit, prob
\ null, deg, deg, deg, deg, deg, deg, null, deg, deg, null, days, days, dn, dn, pixels, pixels, pixels, pixels, deg, dn, mag, null, mag, mag, mag, null, null, null
\
1, 134.408801107, 29.8706971739, 134.4036598, 29.8740664948, 0.0010083711469, 0.000948107656573, 0.889741206267, 0.00100841288492, 0.000948157446514, 0.889756181961, 58105.4446875, 58105.4450347, 1019.37353539, -1.03678893629, 19.87038047, 1.55368884522, 7.1223654184, 1.04324360539, 0.195410624541, 1.77018686911, 0.750283933787, 61.4559308706, 0.0176669068286, -0.0139856717215, 0.750491905949, 12.0877175884, 0, 0.030000
2, 134.369011879, 29.857292991, 134.361663022, 29.8596737723, 0.00022508917673, 0.00019667337564, 0.615469029849, 0.000225089177983, 0.000196673376764, 0.615469038601, 58105.4446875, 58105.4450347, 1892.17120962, -0.577905817915, 24.1961680993, 2.28961606631, 1.54330322558, 0.239718724555, 0.0389685308465, 0.204238733853, 0.113828625878, 70.8191631014, 0.0153311075309, -0.0638354671488, 0.114856427454, 2.52432105117, 0, 0.002000
3, 134.617528826, 29.8540133803, 134.610312473, 29.849311596, 0.000687393268027, 0.000685452744837, 0.885810275546, 0.000687393674248, 0.000685453066342, 0.885810404314, 58105.4446875, 58105.4450347, 909.865829089, -0.938967379007, 27.8340881785, -1.76020810246, 4.9715657832, 0.66602091573, 0.0864344310344, 0.587079166073, 0.418847521422, 160.652037902, 0.0067583095673, 0.00920250121046, 0.418902042188, 7.33708082663, 1, 0.015000
4, 134.630444232, 29.8521828222, 134.624527156, 29.8497557914, 0.000263881617698, 0.000246140332177, 0.686392612078, 0.000263881618032, 0.000246140332428, 0.686392613163, 58105.4446875, 58105.4450347, 1372.55783162, -1.32973995972, 20.1868833989, 1.73576449027, 1.85774060933, 0.278012280861, 0.0531829584317, 0.377710445771, 0.173599740087, 90.0734841504, 0.012053893718, -0.0367824852207, 0.17401771781, 4.22659598447, 0, 0.003000
5, 134.670700416, 29.7565949267, 134.664617502, 29.7541852633, 0.000115747672971, 0.000114955195145, 0.544896771866, 0.000151692191382, 0.000148100726529, 0.844974643443, 58105.4446875, 58105.4450347, 295.762182765, -0.868745942467, 20.6400869755, 0.297776096271, 0.954686368253, 0.0796339626652, 0.013252454868, 0.305924660356, 0.24714733161, 17.6180704603, 0.0616262834915, 0.326422315233, 0.254714746999, 35.6323865035, 2, 0.000000
6, 134.471345681, 29.7420662161, 134.465408147, 29.7403173707, 0.00111274888724, 0.000974212503874, 0.522947639124, 0.00111274897089, 0.000974212628461, 0.522947893047, 58105.4446875, 58105.4450347, 1272.29663025, -1.00992860466, 19.3585992039, 2.09831571831, 7.69204756386, 1.27656624265, 0.262237930062, 1.32044138708, 0.685807224193, 245.224990959, 0.00442751042833, 0.00526576880568, 0.685821515851, 18.6379800215, 0, 0.022000
7, 134.916473554, 29.6363117799, 134.90548413, 29.6353620707, 3.41942423914e-05, 3.28562175059e-05, 0.165014997503, 3.4194450112e-05, 3.28561827718e-05, 0.165004893019, 58105.4446875, 58105.4450347, 2107.71843076, -0.0401854277534, 34.1288324941, 1.04740740496, 0.239868267396, 0.0220283709297, 0.0023227214034, 0.0399748115585, 0.0207419787683, 49.191151402, 0.0220717786393, 0.132505265732, 0.030288497743, 1.28208068396, 0, 0.016000
8, 134.191773891, 29.5862837278, 134.1846314, 29.5892446761, 0.000980690020562, 0.000866835845652, 0.718402711244, 0.000980690021688, 0.000866835851884, 0.718402719101, 58105.4446875, 58105.4450347, 1576.1074983, 0.187772435877, 24.4737915881, 2.43885706173, 6.77315207718, 1.07655109733, 0.174141913124, 0.693086381581, 0.484249568585, 36.3370058055, 0.0298796276878, 0.0375600705565, 0.485170523451, 19.5442401867, 0, 0.001000
9, 134.777599177, 29.5770423792, 134.771905965, 29.5745313509, 0.00153624478621, 0.00139463097901, 0.703452670065, 0.00152724199824, 0.00138166608252, 0.694165111902, 58105.4446875, 58105.4450347, 957.153198155, 1.67212294603, 19.7387488018, 2.32106180146, 10.7950810582, 1.8408338264, 0.377263719461, 1.14665841835, 0.901524872752, 16.9389537154, 0.0640970052226, -0.00372270431155, 0.903800598732, 13.2205651212, 0, 0.000000
