\
\ strid, ra1, dec1, ra2, dec2, ra1_err, dec1_err, corr1, ra2_err, dec2_err, corr2, start_mjd, end_mjd, flux, bg, length, sigma, length_err, sigma_err, pa_err, bg_err, fit_mag_err, ap_snr, ap_mag_err, dmag, dmag_err, chi2, numfit, prob
\ null, deg, deg, deg, deg, deg, deg, null, deg, deg, null, days, days, dn, dn, pixels, pixels, pixels, pixels, deg, dn, mag, null, mag, mag, mag, null, null, null
\
1, 95.8536084521, 14.5440073543, 95.8534081339, 14.5401962233, 0.00053419396543, 0.000624534697777, 0.119915670005, 0.000534193956971, 0.000624534894945, 0.119915397416, 58183.1211343, 58183.1214815, 1268.14214213, 15.1566609836, 13.5691672663, 1.27081786277, 4.24018429628, 0.653258654891, 0.189703491765, 1.99340652728, 0.554153673545, 10.2673933506, 0.105746041637, -0.209716377804, 0.564152921844, 1.75597881816, 0, 0.000000
2, 95.9609818158, 14.107067433, 95.9596299399, 14.1113351081, 0.000668170313024, 0.000739920255283, 0.48864295473, 0.000668170305742, 0.000739920243737, 0.488642930193, 58183.1211343, 58183.1214815, 914.548306803, 22.7405078335, 15.8767689638, 1.37523607783, 5.12459003, 0.758177021076, 0.187797107866, 0.918531890901, 0.579607528689, 4.17040031165, 0.260343401981, -0.525140980327, 0.635392456886, 1.21263391885, 0, 0.000000
3, 95.911080725, 14.0576419831, 95.9080330484, 14.0559107439, 7.49734277244e-05, 7.80434431386e-05, 0.974321482843, 3.53745495451e-05, 3.18747799895e-05, 0.0684347605803, 58183.1211343, 58183.1214815, 959.344781207, 31.3397894023, 12.1882922753, 0.281093933117, 0.432100605702, 0.0249137763458, 0.00740768445192, 0.583580879469, 0.0845519099664, 23.5073293731, 0.0461871354047, 0.464046967074, 0.0963445740862, 1.96182997634, 0, 0.000000
4, 95.9145632577, 14.0410015668, 95.906689169, 14.0465940303, 0.000173676850596, 0.000167711237054, 0.92530727821, 0.000212752810806, 0.000204646040748, 0.961401778845, 58183.1211343, 58183.1214815, 1494.02970347, 33.2830818781, 33.6630605674, 0.493665186771, 1.35912663619, 0.0885932579201, 0.00937783803974, 0.401652786025, 0.17376286052, 11.0919367595, 0.0978851780622, -0.201188438411, 0.199436806484, 1.15204347894, 0, 0.000000
5, 95.873308572, 14.029220429, 95.8682676721, 14.0264198958, 8.08172881096e-05, 7.93274475869e-05, 0.605436144286, 0.00012433439561, 0.000125500793952, 0.943265053963, 58183.1211343, 58183.1214815, 649.571786245, 34.2042356338, 20.0498974279, 0.259898302371, 0.756644355206, 0.0294035096034, 0.00494341757415, 0.330178296197, 0.103964009868, 9.42163054107, 0.115238673394, -0.0765253866222, 0.155204597849, 1.11527851686, 0, 0.000000
6, 95.8993183601, 14.0236871256, 95.8952699473, 14.0250577795, 0.000101686525796, 9.48032820034e-05, 0.67682596959, 9.29314262906e-05, 8.85180736768e-05, 0.557230435107, 58183.1211343, 58183.1214815, 806.339913285, 36.9564968141, 14.7931588513, 0.488663880012, 0.677878224216, 0.065953600092, 0.0163885575827, 0.451234701787, 0.13421565298, 6.77317468265, 0.160299454189, -0.368440034514, 0.20906878418, 1.15219034179, 0, 0.000000
7, 95.9035130743, 14.021721655, 95.9001733609, 14.0235773174, 0.000179453827148, 0.000176307154838, 0.817118972723, 0.000660600683918, 0.000645726020344, 0.998464100484, 58183.1211343, 58183.1214815, 461.112881439, 32.6144926953, 13.2773602436, 0.209671454774, 3.41871513906, 0.0590140598012, 0.0177155287013, 0.94160796621, 0.336775583424, 5.27743219048, 0.20573191006, -0.700449210144, 0.394643399042, 1.14281067461, 0, 0.000000
