\
\ strid, ra1, dec1, ra2, dec2, ra1_err, dec1_err, corr1, ra2_err, dec2_err, corr2, start_mjd, end_mjd, flux, bg, length, sigma, length_err, sigma_err, pa_err, bg_err, fit_mag_err, ap_snr, ap_mag_err, dmag, dmag_err, chi2, numfit, prob
\ null, deg, deg, deg, deg, deg, deg, null, deg, deg, null, days, days, dn, dn, pixels, pixels, pixels, pixels, deg, dn, mag, null, mag, mag, mag, null, null, null
\
1, 155.680753901, 8.86212163634, 155.676647345, 8.86707165717, 0.000432982657507, 0.00043862876236, 0.890669236202, 0.000432982657041, 0.000438628761754, 0.890669235948, 58153.4156134, 58153.4159606, 664.566667466, 13.8361927241, 22.7595262707, 1.88124710925, 3.16682618102, 0.462411765615, 0.0788224968855, 0.189801092782, 0.260969423344, 4.86467029476, 0.223188035154, 0.0724325847351, 0.343391815506, 1.26756313057, 0, 0.000000
2, 155.670507236, 8.85462748771, 155.665418361, 8.85336159268, 0.000807936193666, 0.000691917851242, 0.416148850271, 0.000807936423499, 0.000691918186355, 0.416150253977, 58153.4156134, 58153.4159606, 462.985552116, 11.2285418166, 18.4409127345, 1.98419203863, 5.52737398395, 0.910837293519, 0.197110420248, 0.37901211084, 0.512990702003, 3.6007288164, 0.301532345288, -0.10683995035, 0.595047238122, 1.22233596485, 3, 0.000000
3, 155.577857584, 8.84572833984, 155.574289986, 8.8497568645, 0.000179473858512, 0.00017792380408, 0.954558151311, 0.000172561831074, 0.000171333235808, 0.949912979696, 58153.4156134, 58153.4159606, 336.453690118, 9.59335353145, 19.0346981658, 0.627514773487, 1.25734456844, 0.120606072978, 0.0227868909276, 0.222393582539, 0.192330020208, 5.42196963416, 0.200247562789, -0.117140401335, 0.277650721368, 1.3551304757, 0, 0.000000
4, 155.701449299, 8.82532271929, 155.696483671, 8.82943021569, 0.000567636934261, 0.000552996927125, 0.942489055552, 0.000567944492406, 0.000553302848121, 0.942566761123, 58153.4156134, 58153.4159606, 243.456902462, 12.1816955405, 22.7560671555, 0.922042537672, 4.02328691071, 0.427174724625, 0.0675903542645, 0.297797420756, 0.474651118004, 2.77561111081, 0.391170146469, -0.0724161431025, 0.615067286816, 1.26730352238, 3, 0.000000
5, 155.722243681, 8.8245530715, 155.713998649, 8.81817680499, 0.000452137223237, 0.000448783356795, 0.906324243361, 0.000452137301487, 0.000448783448037, 0.906324296271, 58153.4156134, 58153.4159606, 1226.83421429, 13.8373431541, 36.7916845963, 2.11447423741, 3.24741924905, 0.40520186135, 0.040739552979, 0.165643571759, 0.199889525698, 9.30911889556, 0.116631468234, 0.306013159304, 0.231427573695, 1.19427195569, 4, 0.000000
6, 155.713088711, 8.81890382121, 155.710574768, 8.81438771196, 8.77094712479e-05, 8.96859316508e-05, 0.839879806528, 8.52949157157e-05, 8.87377065644e-05, 0.816464634948, 58153.4156134, 58153.4159606, 266.134922574, 13.1624814392, 18.3266282471, 0.475065869898, 0.627446312783, 0.0508120212112, 0.0100517596804, 0.0867082983984, 0.104780645546, 4.09217453078, 0.265320111983, -0.214123379679, 0.285260837662, 1.21193760649, 0, 0.000000
7, 155.719021908, 8.8104738908, 155.707363244, 8.81251014195, 0.000909877730712, 0.000901409805468, 0.820922508441, 0.001279947593, 0.00124866630527, 0.955015774012, 58153.4156134, 58153.4159606, 882.161959534, 13.8466607558, 41.6113190375, 1.34393210995, 7.8686769489, 0.228481211145, 0.0200389980949, 0.13546918117, 0.246699343631, 8.19609059554, 0.132470010196, 0.190780894196, 0.28001583839, 1.14859958699, 0, 0.000000
8, 155.723596191, 8.47295152228, 155.719285131, 8.4707769061, 0.000121844290975, 0.000119767044578, 0.76989563733, 0.000120716113417, 0.000119009557379, 0.764858071571, 58153.4156134, 58153.4159606, 324.921277218, 12.9385496531, 17.0210681209, 0.614191778462, 0.861909415757, 0.0855963794337, 0.0178861105551, 0.137322714305, 0.136467486785, 5.56309889446, 0.195167518204, 0.0504001169666, 0.238146457273, 1.28622192756, 0, 0.000000
9, 155.722425829, 8.21380032034, 155.718041648, 8.21279338146, 0.000590032951337, 0.000498417164917, 0.383166965799, 0.000590032953008, 0.000498417163124, 0.383166953849, 58153.4156134, 58153.4159606, 452.225984482, 13.2854340531, 15.8440829287, 1.84269099581, 4.01753705414, 0.668723754892, 0.175391384593, 0.225166327907, 0.39132903276, 3.56973553633, 0.304150319739, 0.0197137916475, 0.495626703152, 1.10305771334, 6, 0.000000
10, 155.713163412, 8.1950015424, 155.710161503, 8.19123513864, 8.98114778497e-05, 9.4222813402e-05, 0.909678845699, 0.000138975386658, 0.000143795808346, 0.975146224626, 58153.4156134, 58153.4159606, 259.479201132, 12.1371537643, 17.0565319762, 0.42410489371, 0.85995916893, 0.0687225127258, 0.0132634989949, 0.203151850124, 0.154515742009, 6.56461071707, 0.165392321274, 0.20819596303, 0.226339864949, 1.06487082306, 8, 0.000000
11, 155.693163942, 8.15271822457, 155.686902965, 8.15490395714, 0.000491656820225, 0.000458804433594, 0.606844115203, 0.000490782622173, 0.000457861605461, 0.603032914541, 58153.4156134, 58153.4159606, 405.465751298, 12.3701524355, 23.3836623993, 1.13268785192, 3.41834198214, 0.39631435429, 0.0613687991984, 0.336332259495, 0.365814634144, 4.2515035539, 0.25537699569, -0.0713695449991, 0.446136477416, 1.19682990761, 6, 0.000000
12, 155.726011664, 8.06771297569, 155.722230552, 8.07204320833, 3.88624348458e-05, 3.9431686489e-05, 0.962398339455, 4.80621973726e-05, 4.69138133407e-05, 0.982790457395, 58153.4156134, 58153.4159606, 434.804578263, 9.65535351108, 20.3677754263, 0.341286270059, 0.307985592036, 0.0197585923949, 0.00306466525887, 0.0684347206132, 0.0523777067535, 11.5261358375, 0.0941977623779, 0.164026804943, 0.10778052979, 1.60950547683, 0, 0.000000
13, 155.726671686, 8.02434677861, 155.721979106, 8.03018785253, 0.000208287130537, 0.000207711067724, 0.93326270948, 0.000208241737793, 0.000207656432699, 0.933228403603, 58153.4156134, 58153.4159606, 383.120041084, 13.2909619872, 26.5576859563, 0.936685101617, 1.49035024647, 0.147374582174, 0.0199372275172, 0.115873915003, 0.158626358261, 4.5743388353, 0.237353690632, 0.107899461855, 0.285480465167, 1.19732262054, 4, 0.000000
14, 155.472851359, 8.01944459401, 155.467990502, 8.01863571496, 0.000121029095592, 0.000123822050037, 0.843793157769, 0.000101462929451, 9.67884445623e-05, 0.552755494012, 58153.4156134, 58153.4159606, 220.706645777, 13.2865244863, 17.3605719038, 0.311704219926, 0.79516188066, 0.0373402523392, 0.00777875661858, 0.134971410415, 0.11647580554, 5.85335164093, 0.185489659833, 0.120325140012, 0.219027457596, 1.05205553147, 5, 0.000000
15, 155.515206945, 8.01772898403, 155.512189744, 8.01573915934, 0.000158554716797, 0.000152815169745, 0.837239652816, 0.000158549430562, 0.000152808637378, 0.837218493116, 58153.4156134, 58153.4159606, 545.642601221, 11.3304801924, 12.7640366881, 1.03471253033, 1.12939487433, 0.162192218649, 0.049636344268, 0.231243613736, 0.163142291799, 15.5689036645, 0.0697374862199, 0.903580361195, 0.177422446037, 1.22811113627, 0, 0.000000
