\
\ strid, ra1, dec1, ra2, dec2, ra1_err, dec1_err, corr1, ra2_err, dec2_err, corr2, start_mjd, end_mjd, flux, bg, length, sigma, length_err, sigma_err, pa_err, bg_err, fit_mag_err, ap_snr, ap_mag_err, dmag, dmag_err, chi2, numfit, prob
\ null, deg, deg, deg, deg, deg, deg, null, deg, deg, null, days, days, dn, dn, pixels, pixels, pixels, pixels, deg, dn, mag, null, mag, mag, mag, null, null, null
\
1, 163.735823887, 10.975377319, 163.711626285, 10.9732065136, 3.61518110993e-05, 3.41570105056e-05, 0.163596297488, 3.61518110678e-05, 3.41570104153e-05, 0.163596270837, 58153.4575926, 58153.4579398, 30747.6397381, 7.49816854569, 84.7780123707, 3.35099448228, 0.251990103716, 0.0260013557348, 0.00112363769636, 0.0187610530093, 0.00766801115582, 65.5866809653, 0.01655421785, -0.584032006082, 0.0182439174442, 1.13067102821, 0, 0.067000
2, 163.761666298, 10.9642439387, 163.708924088, 10.9439540702, 9.54836879921e-05, 8.43218138103e-05, 0.570853515566, 9.83330743284e-05, 8.81157534159e-05, 0.639111594739, 58153.4575926, 58153.4579398, 517627.326434, 2.68806530085, 197.652146445, -20.3095527368, 0.673422862853, 0.106211368406, 0.00212203171247, 0.04482724934, 0.00585743151318, 600.45455047, 0.00180819048487, 0.0617446801824, 0.00613017591601, 1.45771200407, 0, 0.002000
3, 163.781801094, 10.9612978904, 163.769045987, 10.9574064621, 0.000176450165003, 0.000166681148375, 0.602209598679, 0.000167271580938, 0.000155802546347, 0.444771816935, 58153.4575926, 58153.4579398, 5789.82120886, 2.71858050023, 46.6032507374, 2.56098131795, 1.20399476035, 0.141123906971, 0.0109715342878, 0.191722932518, 0.0593693935796, 46.1373955211, 0.0235326721956, -0.119119990703, 0.0638632253701, 1.08043874909, 0, 0.099000
4, 163.675238284, 10.9445004069, 163.660881846, 10.9395301561, 0.00015223366653, 0.00014311396051, 0.581881489679, 0.000152233666344, 0.000143113960135, 0.581881484483, 58153.4575926, 58153.4579398, 7568.47819429, 1.00786473155, 53.1194954046, 2.98235328534, 1.0639685823, 0.130581321511, 0.00914089495693, 0.0964017756508, 0.0450436047615, 89.5767184718, 0.0121207410059, 0.451412317941, 0.0466458861256, 1.20105511754, 0, 0.014000
5, 163.714105854, 10.9285179801, 163.709350899, 10.9264178461, 0.000121207757589, 0.000114773038674, 0.693539687431, 0.000121208418296, 0.000114772881892, 0.693536577208, 58153.4575926, 58153.4579398, 939.889596481, 5.44010046249, 18.1941832486, 1.0957526456, 0.85080960265, 0.107545250289, 0.0221824787537, 0.195545060246, 0.100912264328, 9.59116317055, 0.113201723863, -0.480073470247, 0.151650635928, 1.2210889398, 0, 0.000000
6, 163.820121435, 10.8932069901, 163.810433015, 10.8916396514, 1.49703137049e-05, 1.41511224399e-05, 0.297601194045, 1.49703136393e-05, 1.41511223875e-05, 0.297601174573, 58153.4575926, 58153.4579398, 14945.964612, -0.184140814537, 34.2667325921, 1.41730501198, 0.104447188098, 0.0110588163032, 0.00117986966193, 0.0830733629695, 0.00780186617731, 126.533567849, 0.00858061795942, 0.0566282359288, 0.0115972462427, 1.1428356953, 0, 0.976000
