\
\ strid, ra1, dec1, ra2, dec2, ra1_err, dec1_err, corr1, ra2_err, dec2_err, corr2, start_mjd, end_mjd, flux, bg, length, sigma, length_err, sigma_err, pa_err, bg_err, fit_mag_err, ap_snr, ap_mag_err, dmag, dmag_err, chi2, numfit, prob
\ null, deg, deg, deg, deg, deg, deg, null, deg, deg, null, days, days, dn, dn, pixels, pixels, pixels, pixels, deg, dn, mag, null, mag, mag, mag, null, null, null
\
1, 163.737362117, 10.9913189869, 163.727028645, 10.9868836043, 0.000120392594174, 0.000113177271842, 0.676681166647, 0.000120392594095, 0.000113177271577, 0.676681163343, 58153.4487037, 58153.4490509, 6850.74416552, 5.09101999225, 39.3516024299, 2.5652737664, 0.843459768315, 0.110480763167, 0.0106254426106, 0.123348054329, 0.0444957955188, 60.734861618, 0.0178766556115, 0.398280819953, 0.047952587362, 1.57072618915, 1, 0.029000
2, 163.728095373, 10.9783414974, 163.70382472, 10.9763388165, 3.02309773267e-05, 2.86970872763e-05, 0.150169320242, 3.02309773068e-05, 2.86970872032e-05, 0.150169292133, 58153.4487037, 58153.4490509, 29550.7665637, 6.48912378163, 84.9914999619, 3.09128974263, 0.211032925137, 0.0209199019466, 0.000898082241044, 0.0147683920992, 0.00665443515539, 104.506896695, 0.0103891344886, -0.0527244926949, 0.0123375695605, 1.3365529928, 0, 0.043000
3, 163.774384694, 10.9812242602, 163.732298473, 10.9716412519, 0.00028337036639, 0.000263748735068, 0.406108051984, 0.00028337036603, 0.000263748734279, 0.40610804143, 58153.4487037, 58153.4490509, 60364.2295475, 6.91381408261, 150.754627835, 8.26642549415, 1.97006247557, 0.238365210748, 0.00589022515535, 0.0558073619673, 0.0294022398553, 320.140861999, 0.00339143275238, 1.41121811077, 0.0295971877823, 2.85488621168, 1, 0.000000
4, 163.731186812, 10.980039092, 163.727674353, 10.9759781621, 0.000142297507233, 0.000147812300255, 0.875292470634, 0.000142297507303, 0.000147812300435, 0.87529247077, 58153.4487037, 58153.4490509, 2076.23718036, 10.6655684181, 18.9347205903, 2.05884434395, 1.06391404166, 0.17314239215, 0.0373402439057, 0.201475945629, 0.0907710188492, 10.2007338231, 0.106437068508, -0.517554685803, 0.13988648046, 0.935181027907, 0, 0.000000
5, 163.717497446, 10.9758053908, 163.712955406, 10.9770260164, 0.000149075286011, 0.00013883019336, 0.493606915229, 0.000148681086356, 0.000138573794266, 0.488733140613, 58153.4487037, 58153.4490509, 370.860075651, 13.1855899668, 16.4332041467, 0.810504412968, 1.03364929656, 0.118984129234, 0.0267964107787, 0.133324199858, 0.147556854616, 17.5656985386, 0.061810021524, 1.16613932485, 0.15997969904, 0.542045311934, 0, 0.000000
6, 163.708460194, 10.968805715, 163.703762478, 10.9671379716, 0.000254285931126, 0.000213000349393, 0.539746128077, 0.000258139635567, 0.000218624130403, 0.583718531329, 58153.4487037, 58153.4490509, 1676.36026021, 2.19632050701, 17.4316692776, 2.20271211804, 1.77138558384, 0.32450074692, 0.070878617954, 0.710999716611, 0.187500261599, 30.6558831432, 0.0354168953374, -0.0124815494511, 0.19081589183, 1.22033031098, 0, 0.001000
7, 163.717229732, 10.962789259, 163.711063914, 10.9645928284, 7.85456155989e-05, 7.49980402391e-05, 0.550560800007, 7.7600413599e-05, 7.42020624373e-05, 0.524747241732, 58153.4487037, 58153.4490509, 759.77317599, 11.740311872, 22.4520404516, 0.692490652914, 0.546208551895, 0.0502244769885, 0.00806184458595, 0.105280946161, 0.0714397620608, 12.2093066972, 0.0889269335015, -0.0316776495574, 0.114068571944, 0.715373263859, 0, 0.000000
8, 163.669418795, 10.9449094498, 163.659067204, 10.9411672295, 0.000169337446327, 0.000157138421685, 0.500248110754, 0.000184039368932, 0.000174576644889, 0.688290539082, 58153.4487037, 58153.4490509, 4455.17510347, 1.80796257429, 38.4966403336, 2.33419546103, 1.24227630827, 0.149444783017, 0.0141554016861, 0.237680909768, 0.0701364951321, 47.9153196599, 0.0226594795248, -0.0376817730975, 0.073706037485, 1.12467125149, 0, 0.116000
9, 163.683505427, 10.9443874495, 163.67371769, 10.9412443997, 9.37261418026e-05, 9.03997177629e-05, 0.559663835674, 9.3726140586e-05, 9.03997198194e-05, 0.559663892779, 58153.4487037, 58153.4490509, 2124.37642071, 5.45626084672, 35.9384165616, 1.25553065926, 0.659292014284, 0.0645406245634, 0.00648974747085, 0.0905950139262, 0.0511905323795, 36.7507248017, 0.0295432596396, 0.588434461533, 0.0591039321486, 1.11761454703, 0, 0.005000
10, 163.66532592, 10.9461794796, 163.651094272, 10.9409160547, 0.000311381046757, 0.000307947765232, 0.873749406296, 0.000220753211049, 0.000206478687833, 0.120336247548, 58153.4487037, 58153.4490509, 5785.7905102, 1.42321210283, 53.0732179186, 2.52139999935, 1.9206112426, 0.151116103054, 0.010267685475, 0.204436096306, 0.0689505270814, 58.1832286355, 0.0186606386448, -0.0233131042142, 0.0714310480074, 1.15974991855, 0, 0.119000
11, 163.708409141, 10.9305981174, 163.703032595, 10.9280092967, 0.000109473325156, 0.00010491646751, 0.738917305913, 0.000109473543769, 0.000104916537076, 0.738917657652, 58153.4487037, 58153.4490509, 1375.14281874, 5.23419743804, 20.8986020195, 1.11125968992, 0.77173896872, 0.0927024975903, 0.0163482254448, 0.2538048554, 0.0861765155086, 16.9051342858, 0.0642252339675, -0.197223031285, 0.10747684636, 1.24114377405, 0, 0.001000
12, 163.694124719, 10.9264761931, 163.684793571, 10.9239398712, 0.000156005434184, 0.000146060473329, 0.476144079078, 0.000156005433884, 0.000146060472853, 0.476144069988, 58153.4487037, 58153.4490509, 1817.76775233, 5.84122881396, 33.7911972328, 1.82165844826, 1.08706590802, 0.130215875062, 0.0143758695437, 0.0741540612989, 0.0724316036381, 17.9329159906, 0.0605443200274, 0.109246979502, 0.0944031349753, 1.12587961734, 0, 0.001000
13, 163.713999185, 10.9272996743, 163.710843202, 10.9255206452, 0.000142565630951, 0.00013565964641, 0.791678577429, 0.000142557693068, 0.000135657616901, 0.791676100779, 58153.4487037, 58153.4490509, 586.301209075, 4.77322347343, 12.700271378, 0.923481076413, 1.00742094579, 0.139047240983, 0.0417293672233, 0.378419956912, 0.158519781457, 13.0357429428, 0.0832891695948, 0.127668289554, 0.179068721124, 1.0963885494, 0, 0.000000
14, 163.687861765, 10.9191134909, 163.670348307, 10.9140195027, 0.000221665971128, 0.000205640509909, 0.174095161185, 0.000265048325393, 0.000256011554059, 0.740557146674, 58153.4487037, 58153.4490509, 8427.02816847, 2.52967617239, 63.7504948702, 3.3352599965, 1.72336879384, 0.165865806263, 0.00947266583415, 0.136615747295, 0.0547924796864, 61.9981946158, 0.0175123842152, 0.0740184056121, 0.0575230339176, 1.1949143652, 0, 0.067000
15, 163.66683542, 10.9199318514, 163.665104521, 10.9155753786, 0.000224406579077, 0.000244745805597, 0.637045251443, 0.000224407568272, 0.000244746387955, 0.637052309197, 58153.4487037, 58153.4490509, 568.49674748, 5.93193224385, 16.6206757344, 1.11980499228, 1.69764106658, 0.227641049864, 0.0514941366154, 0.343692079778, 0.214432483249, 9.65268284564, 0.112480252601, 0.073525326992, 0.242142720514, 1.26567753976, 0, 0.000000
16, 163.667433825, 10.9196872374, 163.657924581, 10.9170278082, 0.00116551392836, 0.00116207645758, 0.971357263593, 0.000733247845596, 0.0006686581965, 0.784572097914, 58153.4487037, 58153.4490509, 3451.83887135, 1.56117354739, 34.5089495125, 3.02139498084, 6.95733976888, 0.335641042716, 0.0370694712069, 0.462180445966, 0.235954582711, 43.6771084409, 0.0248582436776, -0.137889560175, 0.237260399943, 1.18696415548, 0, 0.055000
17, 163.568698614, 10.8505385326, 163.558846766, 10.8488204519, 1.09462089947e-05, 1.04921608651e-05, 0.32133616218, 1.09462032236e-05, 1.0492158438e-05, 0.321335060386, 58153.4487037, 58153.4490509, 14521.299399, 0.372075544955, 34.9319556183, 1.14033150775, 0.0767165838844, 0.00724905393502, 0.000749834139133, 0.0706500251618, 0.00627452552894, 123.03836946, 0.00882437088142, 0.0725540129908, 0.0108277048383, 1.22556988391, 0, 0.793000
