\
\ strid, ra1, dec1, ra2, dec2, ra1_err, dec1_err, corr1, ra2_err, dec2_err, corr2, start_mjd, end_mjd, flux, bg, length, sigma, length_err, sigma_err, pa_err, bg_err, fit_mag_err, ap_snr, ap_mag_err, dmag, dmag_err, chi2, numfit, prob
\ null, deg, deg, deg, deg, deg, deg, null, deg, deg, null, days, days, dn, dn, pixels, pixels, pixels, pixels, deg, dn, mag, null, mag, mag, mag, null, null, null
\
1, 163.734187078, 10.9763254596, 163.71011773, 10.9742619633, 3.44962149374e-05, 3.25734532685e-05, 0.155955704679, 3.44962149153e-05, 3.25734531847e-05, 0.155955677495, 58153.4561111, 58153.4564583, 30760.2551124, 7.20644767938, 84.303218613, 3.35838181031, 0.240402567784, 0.0248918059043, 0.00108258030268, 0.017333411438, 0.00732320135976, 72.2494921071, 0.0150275963622, -0.482964199976, 0.0167169952617, 1.10881927076, 0, 0.044000
2, 163.761596862, 10.9645998696, 163.708207497, 10.9439761316, 9.68717385085e-05, 8.53938758289e-05, 0.567329391935, 0.000100190178547, 8.98188967047e-05, 0.645104218939, 58153.4561111, 58153.4564583, 531675.500744, 2.457484504, 200.199019031, 20.7807522727, 0.685054151933, 0.108092973199, 0.00213535137432, 0.0444945771339, 0.0058431633114, 615.238424529, 0.00176474056475, 0.0572319317697, 0.00610384032758, 1.44907527485, 0, 0.003000
3, 163.785576296, 10.9621343911, 163.767373058, 10.9567194727, 0.000181236931734, 0.000173451536835, 0.555650462412, 0.000177203097751, 0.000168818385346, 0.489337569696, 58153.4561111, 58153.4564583, 6728.87472566, 3.08148802017, 66.3684696662, 2.67876841697, 1.25868033817, 0.131877155858, 0.00705824408766, 0.128948252676, 0.0516373038401, 28.7397630466, 0.037778189159, -0.709061247683, 0.0639812685401, 0.961821963015, 0, 0.044000
4, 163.675902506, 10.943141416, 163.663729195, 10.9387878789, 0.000364021159698, 0.000350033233057, 0.794730342724, 0.000708248789205, 0.000715898262579, 0.987312938283, 58153.4561111, 58153.4564583, 4192.87355207, 2.53081898061, 45.2113470165, 1.76075364164, 4.02597707822, 0.0979610749145, 0.00809671321999, 0.177246575097, 0.104495235632, 47.1020711032, 0.0230507104959, 0.0469722036811, 0.107007427425, 1.15143808821, 0, 0.234000
5, 163.71392217, 10.9295957134, 163.707814219, 10.9267529059, 0.000263009218035, 0.000245069061336, 0.707328594889, 0.000262980585821, 0.00024503400399, 0.707170530843, 58153.4561111, 58153.4564583, 1381.34701664, 5.30608714176, 23.588743775, 1.77350103445, 1.845208631, 0.263161240937, 0.0417942680842, 0.347754833966, 0.162251132492, 15.074691262, 0.0720237771963, -0.0936077540336, 0.177518603185, 1.22159509708, 0, 0.000000
6, 163.695144777, 10.9180641779, 163.674017657, 10.9129583097, 0.000449382300413, 0.000404690741465, 0.458155923782, 0.000609768893674, 0.000594439586647, 0.888000181084, 58153.4561111, 58153.4564583, 14407.8671791, 1.63797120647, 75.9334204686, 5.63665126648, 3.79994559233, 0.287180836294, 0.0141570749204, 0.166084131305, 0.0711099717933, 84.0424670704, 0.0129188997254, -0.0772506612767, 0.0722739652887, 1.18506462228, 0, 0.004000
7, 163.778271694, 10.8862127473, 163.768269613, 10.8844662051, 1.26684788985e-05, 1.21171725462e-05, 0.322649354576, 1.26684773427e-05, 1.21171727304e-05, 0.322649447742, 58153.4561111, 58153.4564583, 14430.0195622, -0.32530000321, 35.4568270712, 1.20866895213, 0.0887269605009, 0.00856296643269, 0.000874112061521, 0.0754738236182, 0.00701020356514, 121.792406353, 0.00891464613656, 0.00137632052439, 0.0113408055166, 1.23757016969, 0, 0.988000
