\
\ strid, ra1, dec1, ra2, dec2, ra1_err, dec1_err, corr1, ra2_err, dec2_err, corr2, start_mjd, end_mjd, flux, bg, length, sigma, length_err, sigma_err, pa_err, bg_err, fit_mag_err, ap_snr, ap_mag_err, dmag, dmag_err, chi2, numfit, prob
\ null, deg, deg, deg, deg, deg, deg, null, deg, deg, null, days, days, dn, dn, pixels, pixels, pixels, pixels, deg, dn, mag, null, mag, mag, mag, null, null, null
\
1, 96.3811455348, 14.5959840881, 96.376098503, 14.5932710283, 7.17168562345e-05, 7.28025115269e-05, 0.756574348923, 7.93525713903e-05, 8.39392027827e-05, 0.877007188969, 58183.1463194, 58183.1466666, 371.342361985, 12.3497757071, 19.8650989107, 0.300816437759, 0.541001427621, 0.0251275715262, 0.00451016471449, 0.100030556172, 0.0783502163981, 7.44313575701, 0.145870805021, -0.160595743225, 0.165580941437, 1.3108044142, 0, 0.000000
2, 96.3484371363, 14.5823546347, 96.3453293398, 14.5872923975, 6.28113604118e-05, 6.44560079309e-05, 0.810200586389, 6.28113601764e-05, 6.4456007762e-05, 0.810200583918, 58183.1463194, 58183.1466666, 4361.52145898, 11.1720728245, 20.5521666702, 1.4001150355, 0.459666771255, 0.0611387975469, 0.0113768228604, 0.221262035367, 0.044791618743, 37.4187424452, 0.0290158389568, 0.0639317370388, 0.0533686051906, 2.11304585709, 0, 0.011000
3, 96.5303247571, 14.2107107936, 96.5300925901, 14.2067050295, 0.000325446487791, 0.000381472203348, 0.123677493329, 0.000325446486823, 0.000381472216713, 0.12367744563, 58183.1463194, 58183.1466666, 623.096378983, 9.97440791797, 14.2658811941, 1.36010621094, 2.5879830929, 0.400804080263, 0.111489645783, 0.463930208094, 0.316322516264, 7.45543268758, 0.145630206892, 0.0584696386252, 0.348235683776, 1.15823144288, 0, 0.000000
4, 96.5306275891, 14.2020221327, 96.5287986303, 14.2043122799, 4.20515875548e-05, 4.18401236537e-05, 0.938584831516, 3.16977013595e-05, 2.61225337904e-05, 0.899598197361, 58183.1463194, 58183.1466666, 267.609091548, 11.5652191054, 10.2965939594, -0.240929170824, 0.238653354434, 0.0218609069403, 0.0100531000423, 0.158415085731, 0.0870901473418, 9.8189945667, 0.110575089678, 0.141565903405, 0.140753487421, 0.69784743837, 6, 0.000000
5, 96.4997073791, 14.1868566377, 96.4974822907, 14.1844289267, 0.000107747125844, 0.000111593940474, 0.939643966174, 0.000105177773771, 0.000109804536831, 0.936369223826, 58183.1463194, 58183.1466666, 408.725812686, 11.0899325795, 11.548384457, 0.626682355762, 0.782773910682, 0.0910023842087, 0.0300704986587, 0.232239330732, 0.148450658021, 5.16468404339, 0.210223160921, -0.47409343511, 0.257354571077, 1.25993275307, 0, 0.000000
6, 95.9609332609, 14.1040547891, 95.9554518983, 14.1063231144, 0.00032860090129, 0.000305067462497, 0.704213547006, 0.000328599870415, 0.00030506529963, 0.704203935084, 58183.1463194, 58183.1466666, 668.874206535, 12.6533640358, 20.5521430235, 1.03159024675, 2.2792328921, 0.264710519097, 0.0476125170682, 0.32046160044, 0.260302804924, 8.824819402, 0.123032116047, 0.203725310055, 0.287913966021, 1.13284020831, 0, 0.000000
7, 95.9192843369, 14.0500927891, 95.9116388117, 14.0546069329, 0.000471960074606, 0.000450684231151, 0.875389958345, 0.000472415466483, 0.000451053266848, 0.87572533294, 58183.1463194, 58183.1466666, 371.20151579, 18.2053122389, 30.8732999045, 0.862670684829, 3.30078601194, 0.290892375547, 0.0336521011255, 0.184382664351, 0.333778333027, 3.15710534849, 0.343902431155, -0.106146547045, 0.479246134833, 1.2889066048, 6, 0.000000
8, 95.9163185259, 14.0457255901, 95.9141670622, 14.0412219925, 8.16951620002e-05, 8.56049061806e-05, 0.703133862408, 9.09665938569e-05, 9.54258440677e-05, 0.812245447837, 58183.1463194, 58183.1466666, 435.949962648, 19.7591640778, 17.6588321573, 0.509850552822, 0.633491072528, 0.0512627838273, 0.0105050060028, 0.124944853711, 0.0991957111512, 4.51842988393, 0.240290594886, -0.40557893435, 0.259960302933, 1.07442892088, 0, 0.000000
9, 95.9062896284, 14.012599617, 95.8966863491, 14.0162390405, 0.000414414799513, 0.000402466340962, 0.602746047788, 0.000466087699949, 0.00044875871713, 0.763330284271, 58183.1463194, 58183.1466666, 337.123551558, 19.1977436504, 35.5701827078, 0.506773507697, 3.09236758259, 0.177885644901, 0.0175403176279, 0.134034599911, 0.336799067257, 2.74464485036, 0.395583495845, -0.408868923607, 0.51953817366, 1.10627629397, 1, 0.000000
10, 95.8860779711, 13.9992411552, 95.8792157135, 13.9989643682, 0.000505756684328, 0.00045284454134, 0.0474350666591, 0.000505760000159, 0.000452868807568, 0.048634799645, 58183.1463194, 58183.1466666, 965.413271684, 13.0351546904, 23.701742604, 1.61201667095, 3.47756234082, 0.474887617452, 0.0741143563074, 0.536370541822, 0.320259286645, 9.66090131683, 0.112384566321, 0.151760634586, 0.339405806417, 1.34508581452, 0, 0.000000
11, 96.6874000489, 13.9265650233, 96.6804342362, 13.9258809733, 0.00217055558982, 0.00195565434987, 0.540784539682, 0.00235065324602, 0.00225559529615, 0.734465840523, 58183.1463194, 58183.1466666, 556.410075579, 7.78321526529, 24.1601644567, 1.6696170143, 15.9371192971, 1.34521963522, 0.205111931104, 1.01056313964, 1.0305889225, 8.64687049856, 0.125564064471, 0.236799863118, 1.03820993131, 1.25035833084, 3, 0.000000
12, 96.4572274546, 13.8486532302, 96.4557910014, 13.8524586468, 0.000123836468324, 0.000124956219489, 0.578213877269, 0.000124883675279, 0.000126078858197, 0.594070245932, 58183.1463194, 58183.1466666, 229.702898339, 16.6873321335, 14.413670283, 0.451993645753, 0.889880739792, 0.0965434654459, 0.0221907808523, 0.2194480652, 0.20034706971, 4.21048598779, 0.257864818433, -0.0346248122191, 0.326547412985, 1.08566035759, 0, 0.000000
13, 96.4628259583, 13.8471033829, 96.4603616406, 13.8438295367, 0.000164352541907, 0.000171812581128, 0.97322875727, 0.000110088137859, 0.000111098163091, 0.900169075366, 58183.1463194, 58183.1466666, 242.838364892, 14.3889837825, 14.4236391345, 0.315512828456, 1.00862325687, 0.0561938625641, 0.0134577604731, 0.305024751421, 0.170553212891, 7.37218855599, 0.147274611401, 0.263456346877, 0.225340208553, 1.03349270062, 1, 0.000000
14, 96.4332799142, 13.8158732326, 96.4304690663, 13.8114216407, 0.00126282076887, 0.00128872732585, 0.946074621781, 0.000613306818449, 0.000734640297521, 0.446559372701, 58183.1463194, 58183.1466666, 1134.27017635, 12.8853900407, 18.5755726857, 2.51673999841, 7.61678343142, 0.856812173625, 0.213010321737, 0.568203542212, 0.489480851397, 9.03026022139, 0.120233102717, 0.00119204454338, 0.504031251882, 1.27204831735, 7, 0.000000
