\
\ strid, ra1, dec1, ra2, dec2, ra1_err, dec1_err, corr1, ra2_err, dec2_err, corr2, start_mjd, end_mjd, flux, bg, length, sigma, length_err, sigma_err, pa_err, bg_err, fit_mag_err, ap_snr, ap_mag_err, dmag, dmag_err, chi2, numfit, prob
\ null, deg, deg, deg, deg, deg, deg, null, deg, deg, null, days, days, dn, dn, pixels, pixels, pixels, pixels, deg, dn, mag, null, mag, mag, mag, null, null, null
\
1, 163.665140211, 11.6546820819, 163.663822292, 11.6517520201, 0.000103498594977, 0.000106097658584, 0.754631808744, 9.41899066463e-05, 9.88498687267e-05, 0.630307036025, 58153.4516667, 58153.4520139, 1001.64247262, -3.46306874551, 11.3831602615, 0.458566464169, 0.722230929566, 0.078235660149, 0.0244008197665, 0.991399638539, 0.166000581078, 18.3039301583, 0.0593171081492, -1.4222913021, 0.176280209432, 23.303031726, 0, 0.000000
2, 163.739400728, 10.9907097204, 163.728871466, 10.9865229125, 0.000129811801962, 0.000121989958799, 0.643153704961, 0.000129811801802, 0.000121989958431, 0.643153700166, 58153.4516667, 58153.4520139, 5930.0563141, 5.38100648653, 39.6383295951, 2.45340116584, 0.908377546808, 0.116191100553, 0.0110369494911, 0.119625454131, 0.0487266798541, 56.6834795657, 0.0191543676055, 0.46073422746, 0.0523562711428, 1.52454653833, 0, 0.037000
3, 163.731449939, 10.9761129358, 163.707638288, 10.9741546816, 3.01671423695e-05, 2.85974276775e-05, 0.149576865608, 3.01671423467e-05, 2.85974276031e-05, 0.149576836811, 58153.4516667, 58153.4520139, 29225.974133, 6.79290740323, 83.380528116, 3.10571985092, 0.210489592447, 0.0211033913644, 0.000924679049869, 0.0150602790676, 0.00668860025863, 95.3749084448, 0.0113838767708, -0.146348002884, 0.0132034095502, 1.23041596142, 0, 0.059000
4, 163.780430768, 10.9766872847, 163.73800224, 10.9673514744, 0.000265312594764, 0.000249552556242, 0.396517722003, 0.000265312594323, 0.000249552555478, 0.396517710681, 58153.4516667, 58153.4520139, 50511.1488968, 8.58883396238, 151.724428787, 7.16110139477, 1.84987914617, 0.208967780551, 0.0050654307327, 0.0550164698276, 0.0295382961044, 248.896100113, 0.00436220657642, 1.26078790146, 0.0298586634491, 2.91033300958, 7, 0.000000
5, 163.737060493, 10.9753064689, 163.715074214, 10.9669923399, 7.45887792351e-05, 7.29044423632e-05, 0.642335918028, 7.45887790942e-05, 7.29044421587e-05, 0.642335913193, 58153.4516667, 58153.4520139, 8283.42036409, 12.9336105597, 82.2143960893, -2.27709901536, 0.527061466898, 0.0459183905416, 0.00200829596106, 0.0204460496968, 0.0196889283191, 3.18945079701, 0.340414784193, -2.6018919802, 0.340983693445, 0.776312312182, 0, 0.027000
6, 163.781058324, 10.9609963728, 163.764964379, 10.9559437854, 0.000143910867885, 0.000137530414142, 0.546731380919, 0.000143910595327, 0.000137530098239, 0.546726190417, 58153.4516667, 58153.4520139, 6170.82707476, 3.54843242675, 58.9623366282, 2.38533872929, 1.01010303068, 0.107454128004, 0.00654047974596, 0.116981618281, 0.046418528994, 24.5496677603, 0.0442261058423, -0.791139569921, 0.0641141815196, 0.968430910455, 7, 0.035000
7, 163.67179094, 10.944466127, 163.655172963, 10.93849953, 0.000146832269345, 0.000141792746819, 0.586983808456, 0.000150406295012, 0.0001457945641, 0.637842467455, 58153.4516667, 58153.4520139, 6110.77363557, 1.37829536035, 61.7504354749, 2.1299101533, 1.04820963639, 0.101424295306, 0.00583290119281, 0.13350402644, 0.0488740480128, 68.3824141998, 0.0158774184483, 0.183509574031, 0.0513883740328, 1.19956439032, 0, 0.097000
8, 163.711313767, 10.9352452926, 163.708696892, 10.9340654952, 0.000212003180223, 0.000182282268033, 0.652365483133, 0.00021200318034, 0.000182282266475, 0.652365472661, 58153.4516667, 58153.4520139, 481.111935256, 10.188498468, 10.0493613138, 1.41391509367, 1.47132816929, 0.261023382729, 0.113662399478, 0.226444964483, 0.201551580171, 5.38043799506, 0.201793275149, -0.0411690841797, 0.285207933559, 1.0670741508, 2, 0.000000
9, 163.711098281, 10.9292372254, 163.70630815, 10.9271357315, 0.000148348204135, 0.000140875748432, 0.693459919268, 0.000148341974614, 0.000140872613036, 0.693437453091, 58153.4516667, 58153.4520139, 873.005376936, 5.24301707308, 18.3102901259, 1.02665182115, 1.04268583144, 0.12917920982, 0.0259170359202, 0.35176646721, 0.132162436368, 12.6483812455, 0.0858399334815, -0.19720917702, 0.157592524464, 1.19725070518, 0, 0.000000
10, 163.691483701, 10.9180770007, 163.670297445, 10.9133748878, 0.000404197247082, 0.00036346688558, 0.30494449699, 0.000509345576197, 0.000490041167267, 0.819376963808, 58153.4516667, 58153.4520139, 13284.7326693, 1.77739012315, 75.808993589, 5.39625660521, 3.2471455959, 0.284431337054, 0.0139931412687, 0.149526516089, 0.0668046133782, 76.6142482447, 0.0141714658779, -0.0533950994176, 0.0682911913335, 1.21727468265, 0, 0.004000
11, 163.652225137, 10.8645285112, 163.642411492, 10.8628733315, 1.31448892226e-05, 1.25123123372e-05, 0.310154139632, 1.31448890455e-05, 1.251231228e-05, 0.31015411751, 58153.4516667, 58153.4520139, 14787.9363499, 0.237802613261, 34.7592247203, 1.28888891103, 0.0919165175972, 0.00923473064162, 0.000965813482663, 0.0764925035093, 0.00711671444556, 122.78141758, 0.00884283816038, 0.0416959464124, 0.0113509211622, 1.19323876648, 0, 0.980000
