\
\ strid, ra1, dec1, ra2, dec2, ra1_err, dec1_err, corr1, ra2_err, dec2_err, corr2, start_mjd, end_mjd, flux, bg, length, sigma, length_err, sigma_err, pa_err, bg_err, fit_mag_err, ap_snr, ap_mag_err, dmag, dmag_err, chi2, numfit, prob
\ null, deg, deg, deg, deg, deg, deg, null, deg, deg, null, days, days, dn, dn, pixels, pixels, pixels, pixels, deg, dn, mag, null, mag, mag, mag, null, null, null
\
1, 188.740567751, 46.9777444979, 188.732566491, 46.9763558653, 0.00011610305743, 0.000119539207456, 0.686847032401, 9.85706772568e-05, 9.81290375124e-05, 0.00716645059117, 58165.467037, 58165.4673842, 374.994101154, 14.1893209217, 20.0307279938, 0.38297542995, 0.769149807527, 0.0584287627976, 0.0107036718422, 0.168757873806, 0.147170510145, 11.3266543549, 0.095856743813, 0.53879042573, 0.175635060255, 1.2662069936, 2, 0.000000
2, 188.72855043, 46.9697896107, 188.725363359, 46.9773887571, 0.000278444104055, 0.00027788668827, 0.443718139079, 0.000278530228583, 0.0002780934495, 0.444543062807, 58165.467037, 58165.4673842, 461.410701205, 17.3471038168, 28.1039083054, 0.753248191549, 1.98898909161, 0.171234216865, 0.0218174668399, 0.180414214573, 0.22441296938, 4.06345912894, 0.267195059753, -0.222141814517, 0.348933203898, 1.18085438319, 0, 0.000000
3, 188.719965885, 46.9716807365, 188.717595666, 46.9684870214, 0.000325620204414, 0.00037472932977, 0.769787342637, 0.000325620328844, 0.000374728905526, 0.769787917969, 58165.467037, 58165.4673842, 343.273160696, 18.7328130618, 12.7305563393, 1.13049879093, 2.55365712657, 0.381440512, 0.118587401558, 0.299706807319, 0.354248178492, 3.30872783079, 0.328143099186, -0.0390790208293, 0.482876449527, 1.26184358298, 0, 0.000000
4, 188.649260882, 46.96653851, 188.640945957, 46.9719643481, 0.000116407499103, 0.000106904669213, 0.974792182168, 0.000118952567139, 0.000109832640978, 0.97582318631, 58165.467037, 58165.4673842, 611.214784747, 19.4806620685, 27.9110646959, 0.604731796693, 0.807668188534, 0.0608787099654, 0.00785902423591, 0.0812979042683, 0.0984493737849, 7.58574036179, 0.143128574533, 0.106656207926, 0.173718358403, 1.32924277585, 0, 0.000000
5, 188.700669218, 46.9703295333, 188.696362973, 46.9649064544, 0.000135051677203, 0.000147533312366, 0.840557871933, 0.00014146701536, 0.000155982403867, 0.864681380281, 58165.467037, 58165.4673842, 482.718859423, 20.9831658589, 21.9343048525, 0.529328671769, 1.03583158496, 0.0933837210301, 0.01489538003, 0.315340687492, 0.172925283742, 7.9345314346, 0.136836839542, 0.234205335607, 0.220516381281, 1.10888058664, 1, 0.000000
6, 188.704750836, 46.9623265645, 188.700977925, 46.9656564191, 0.000161267665111, 0.000155255180428, 0.872172855712, 0.000161271562392, 0.000155260320396, 0.872180003466, 58165.467037, 58165.4673842, 330.683585969, 19.6574502002, 14.9651658825, 1.0420173061, 1.14446901131, 0.154298884349, 0.0393411491548, 0.12990752766, 0.153490885321, 3.94172260346, 0.275447136692, 0.198614035568, 0.315326143839, 1.21671928343, 2, 0.000000
7, 188.509350731, 46.7915207244, 188.501285935, 46.7953279728, 0.000194705708816, 0.000177265142834, 0.922786057821, 0.000194714871539, 0.000177272995809, 0.922795795738, 58165.467037, 58165.4673842, 552.774053683, 18.555810879, 23.8428973551, 0.873383056041, 1.33386305408, 0.13313301837, 0.0202955532157, 0.128881292618, 0.15131045184, 6.46386053413, 0.167970239925, 0.185170607767, 0.2260726749, 1.19814624397, 1, 0.000000
8, 188.512706115, 46.7921739113, 188.510561821, 46.7885934525, 4.08519330043e-05, 4.28336499232e-05, 0.156217219775, 6.88250923517e-05, 7.43015412571e-05, 0.92963993852, 58165.467037, 58165.4673842, 280.90018917, 22.9958087771, 13.7587624377, 0.312233635351, 0.419401911786, 0.0306577222496, 0.00780703369495, 0.13757210997, 0.0930684182108, 6.94530494615, 0.1563266427, 0.248133698531, 0.18193336606, 0.842359246341, 0, 0.000000
9, 188.547875215, 46.787052377, 188.538911324, 46.7918113609, 0.000135360180058, 0.000124407786638, 0.975261664473, 0.00014714724899, 0.000134802175949, 0.980572820987, 58165.467037, 58165.4673842, 358.841494283, 16.9939197522, 27.6099016239, -0.391017729679, 0.962538443164, 0.0444900152692, 0.00603806839789, 0.0903259143641, 0.111891065304, 8.8635641222, 0.122494313776, 0.517047672901, 0.16590499511, 1.25248194729, 0, 0.000000
10, 188.490988819, 46.7854815108, 188.486282654, 46.7883759015, 0.000186698359715, 0.000172137759446, 0.931243037618, 0.000186693209663, 0.000172133802492, 0.931239649191, 58165.467037, 58165.4673842, 498.916028964, 20.1375076302, 15.3981321748, 0.956401839237, 1.29451790611, 0.164892773601, 0.040616483411, 0.160523607362, 0.174834609013, 4.58898595781, 0.23659610527, -0.179138263609, 0.294185073615, 1.28061111978, 0, 0.000000
11, 188.558851503, 46.7779473283, 188.547595673, 46.7794285182, 0.000139305362764, 0.000135100220385, 0.2899589376, 0.000154238627754, 0.000144586806169, 0.571235162353, 58165.467037, 58165.4673842, 403.053488616, 19.1361488658, 27.9064271249, 0.447309701109, 1.01624857242, 0.071047733567, 0.00898679120446, 0.147446739186, 0.152424790278, 3.62253619659, 0.299717144519, -0.475162889053, 0.336249436297, 1.23679079922, 0, 0.000000
12, 188.563838485, 46.765182193, 188.560299398, 46.7737991051, 0.000143932746808, 0.000146610095357, 0.154533931932, 0.000193715120031, 0.000182982830135, 0.802126706181, 58165.467037, 58165.4673842, 396.564381114, 21.2099313958, 31.8234176135, 0.317850399355, 1.20063655901, 0.0284291574689, 0.00303762888371, 0.0454964345638, 0.0859272336729, 4.31745021819, 0.251476253318, -0.350560680435, 0.265751379055, 1.22271215783, 0, 0.000000
13, 188.574218254, 46.7648798285, 188.568659963, 46.7633095521, 0.000235185314151, 0.000229440441882, 0.600226600563, 0.000235208744446, 0.000229439791862, 0.600203772144, 58165.467037, 58165.4673842, 443.768119293, 18.5086598813, 14.6438107067, 0.928671125018, 1.67620004609, 0.216095773483, 0.0559383025834, 0.26236825474, 0.237853318563, 3.16512968783, 0.343030558568, -0.493103513906, 0.4174256404, 1.36982680945, 0, 0.000000
14, 188.445064991, 46.7528396443, 188.439535493, 46.7524040594, 0.000112382052088, 0.000110675619436, 0.276868322731, 0.000115782027205, 0.000107231264112, 0.0117149315804, 58165.467037, 58165.4673842, 429.944673915, 15.9401668232, 13.5581506593, 0.535584171413, 0.796453000661, 0.0819372536662, 0.0237350702717, 0.305131686372, 0.151862239941, 4.90188677428, 0.22149352989, -0.457726917523, 0.268554507881, 1.19063005501, 0, 0.000000
15, 188.593557298, 46.7554960177, 188.587203894, 46.7518501846, 0.000119902347924, 0.000130592981512, 0.893896220739, 0.000196365530095, 0.000213107583157, 0.981361192813, 58165.467037, 58165.4673842, 376.508194076, 13.0357151157, 20.1888700118, 0.349940564466, 1.20584842035, 0.0526702309214, 0.00903328879547, 0.28555881056, 0.149672071572, 11.3257033034, 0.0958647931765, 0.438857065176, 0.177740787608, 1.25552563884, 0, 0.000000
16, 188.583139596, 46.7518945622, 188.578011556, 46.7547638588, 0.00017194044945, 0.000157432716325, 0.950921321534, 0.000173671933312, 0.000158912792324, 0.951910338431, 58165.467037, 58165.4673842, 427.689467386, 15.8704292039, 16.1268728626, 0.643317401254, 1.18989493522, 0.118358609421, 0.0273793985607, 0.275774345549, 0.186761215458, 7.01946832873, 0.154674991597, 0.132245449039, 0.242495576505, 1.35900671666, 0, 0.000000
17, 188.447500471, 46.7273177191, 188.444160142, 46.7307215518, 4.19603615183e-05, 4.24322036645e-05, 0.291129890807, 0.000107454622762, 9.96676179959e-05, 0.985448056327, 58165.467037, 58165.4673842, 353.269808903, 15.6328567224, 14.5835953012, 0.265269707014, 0.566603104288, 0.0184113638285, 0.00486429849133, 0.129178867979, 0.0742486938296, 8.07880084713, 0.13439323797, -0.094848101638, 0.153539607097, 1.07319655227, 0, 0.000000
18, 188.458903152, 46.7265548609, 188.449075027, 46.7291736435, 0.000184968560574, 0.000169020628997, 0.721425888443, 0.000181648511751, 0.000168166899354, 0.718506834881, 58165.467037, 58165.4673842, 410.458279252, 19.2919822603, 25.6958524387, 0.547479671051, 1.25754701417, 0.0960679954709, 0.0133933587527, 0.145253343802, 0.17151347534, 3.04096133879, 0.357037161541, -0.597289138603, 0.396096461666, 1.33440068021, 0, 0.000000
19, 188.446264602, 46.7184345485, 188.44336171, 46.7225391147, 9.7645031065e-05, 9.39056991737e-05, 0.776354614919, 8.56403472506e-05, 8.32356085075e-05, 0.614312360823, 58165.467037, 58165.4673842, 333.753163936, 14.4408102124, 16.2167875515, 0.367235623726, 0.654355934474, 0.0399044982563, 0.00836321744539, 0.134960191244, 0.101693329375, 9.44074669334, 0.115005331678, 0.353607516874, 0.153517945381, 1.17414356939, 0, 0.000000
20, 188.5538399, 46.7059687203, 188.547229426, 46.7165116777, 8.52334659578e-05, 8.09845973549e-05, 0.551392579452, 9.60656020674e-05, 9.09274597831e-05, 0.740073004381, 58165.467037, 58165.4673842, 599.358886164, 19.8744093357, 40.7995221418, 0.391594379139, 0.62713308179, 0.0294223977039, 0.00258183572696, 0.0481062398783, 0.0720478502517, 4.70818838615, 0.230605939208, -0.502745593447, 0.241598824343, 1.22807843686, 1, 0.000000
21, 188.566181032, 46.7071927836, 188.560879937, 46.7090590451, 0.000706563446518, 0.000553309530863, 0.714568986946, 0.000706565326858, 0.000553303374564, 0.714559861113, 58165.467037, 58165.4673842, 1019.57140013, 15.3884227607, 14.5271333475, 2.71509683868, 4.90076419136, 0.974918309837, 0.304835864839, 0.71070876753, 0.440158211509, 7.90011325874, 0.137432992313, 0.00303813497425, 0.461115038287, 1.26942176739, 0, 0.000000
22, 188.51391148, 46.7025189444, 188.510556794, 46.7055918983, 4.92124607566e-05, 4.72643010208e-05, 0.622607037699, 0.000104920416482, 9.59544976772e-05, 0.973910233186, 58165.467037, 58165.4673842, 246.703129141, 19.0949715482, 13.6470336305, 0.334632443467, 0.556112250963, 0.0442846360026, 0.0105566493339, 0.160274220043, 0.121242387118, 5.91699881079, 0.183494409831, 0.1294558123, 0.219931614084, 1.13813577457, 0, 0.000000
23, 188.507046933, 46.696462898, 188.503434874, 46.7020069095, 9.28047071085e-05, 9.13732440331e-05, 0.62173536397, 9.63664661722e-05, 9.24385192087e-05, 0.68181618542, 58165.467037, 58165.4673842, 297.959443742, 16.716176398, 21.5882059215, 0.402371698042, 0.664982332433, 0.0653514054254, 0.0104241518575, 0.138761220751, 0.153610912565, 4.54089163857, 0.239101985067, -0.132530904039, 0.284193722172, 1.23039194503, 0, 0.000000
24, 189.25046128, 46.6673124995, 189.245423137, 46.6627515591, 0.000147048980062, 0.000159673728071, 0.951836276732, 0.000157254421671, 0.000172100762914, 0.959511746827, 58165.467037, 58165.4673842, 312.560816675, 17.9569230757, 20.3532712986, 0.401574745184, 1.1355207071, 0.0861764541044, 0.0153415005456, 0.260574528158, 0.208091336322, 4.70008613681, 0.231003469544, -0.139981535486, 0.310909323105, 1.1182649577, 2, 0.000000
