\
\ strid, ra1, dec1, ra2, dec2, ra1_err, dec1_err, corr1, ra2_err, dec2_err, corr2, start_mjd, end_mjd, flux, bg, length, sigma, length_err, sigma_err, pa_err, bg_err, fit_mag_err, ap_snr, ap_mag_err, dmag, dmag_err, chi2, numfit, prob
\ null, deg, deg, deg, deg, deg, deg, null, deg, deg, null, days, days, dn, dn, pixels, pixels, pixels, pixels, deg, dn, mag, null, mag, mag, mag, null, null, null
\
1, 68.735799479, 45.541067614, 68.7324622803, 45.5373360441, 0.00014308275211, 0.000161178317308, 0.860457769796, 0.000143082878019, 0.000161178423924, 0.860458153797, 58099.2421644, 58099.2456366, 323.322177901, -2.45955771816, 15.6580584857, 1.15681389055, 1.10443096119, 0.154101510442, 0.0374276449579, 0.129488654717, 0.141282822551, 11.5004125184, 0.0944084573507, 0.500873092025, 0.169922902421, 38.1435923902, 7, 0.000000
2, 68.7793142825, 45.4387373813, 68.7793538209, 45.4426257603, 9.49472247939e-06, 1.026464419e-05, 0.029333781287, 9.50774747873e-06, 1.02042477542e-05, 0.175716034933, 58099.2421644, 58099.2456366, 187737.31258, -1.85182974966, 13.8273828464, 0.596008459948, 0.0706253967605, 0.00753116092557, 0.00206807754666, 6.67215056847, 0.0125127758452, 431.898803232, 0.0025138671296, -0.00941068582804, 0.0127628009189, 112.201081295, 6, 0.024000
3, 68.9474800962, 45.2291751458, 68.9444624181, 45.2250115393, 8.47690367145e-05, 9.45216129856e-05, 0.8108338379, 8.55816955132e-05, 9.55068482318e-05, 0.81729923889, 58099.2421644, 58099.2456366, 472.987977705, -1.99050583842, 16.6201301618, 0.754094599907, 0.647994144855, 0.0717482806211, 0.0158349109161, 0.151049744325, 0.0963262354104, 24.0876245971, 0.0450744406275, -0.151960496371, 0.106350593916, 2.06432134661, 0, 0.000000
4, 68.8761449703, 45.1656330324, 68.8739847553, 45.168806455, 0.00103634930102, 0.000994752647421, 0.469452647098, 0.00139366931921, 0.00129079494903, 0.862516612276, 58099.2421644, 58099.2456366, 251.738860647, -1.00169935881, 12.5145623618, 0.0735105007293, 8.47353360067, 0.0165602527375, 0.0102631922606, 0.472721139474, 0.757318275779, 21.8912365036, 0.0495968423062, 0.655606091541, 0.758940588976, 43.3956563371, 4, 0.000000
5, 69.1958205178, 45.0871654209, 69.193561005, 45.0845481638, 0.000170279690715, 0.000193476933472, 0.839403576671, 0.000170256885728, 0.000193441847023, 0.839348680631, 58099.2421644, 58099.2456366, 257.329448946, -0.630339253368, 10.8977683069, 0.909454603838, 1.32497768006, 0.194877525127, 0.0691425860364, 0.305217272554, 0.229618739985, 65.4740731564, 0.0165826891839, -0.0835270938742, 0.230216748594, 4.12772933079, 0, 0.011000
6, 68.4793268602, 44.9607039878, 68.4749052829, 44.9590477253, 9.40933819338e-05, 9.70033210465e-05, 0.689822913206, 0.00010312508176, 0.000105305880146, 0.77062501692, 58099.2421644, 58099.2456366, 937.886474601, -2.93820864752, 12.5840944464, 0.536121937825, 0.716262675505, 0.0752654269067, 0.022198778811, 0.638708154224, 0.140576853079, 19.6681025888, 0.0552028951371, -1.20219642846, 0.151027187132, 24.1978867243, 0, 0.000000
7, 68.9209828608, 44.9744757966, 68.9193326634, 44.9716178882, 8.45380399916e-05, 9.47944053302e-05, 0.689630951635, 8.81487767948e-05, 9.96500679213e-05, 0.738039899762, 58099.2421644, 58099.2456366, 299.868054585, -0.44614530168, 10.9745596572, 0.596461579552, 0.661460535877, 0.0783531989106, 0.0268579299418, 0.243757874086, 0.134728319505, 20.3204066616, 0.0534308305361, -0.0792194937454, 0.144936447205, 6.38154876998, 0, 0.000000
8, 69.5043420953, 44.864878153, 69.5044285601, 44.8690796551, 1.03082359157e-05, 1.10841747571e-05, 0.0427262749695, 1.0317416419e-05, 1.09912270786e-05, 0.16241590767, 58099.2421644, 58099.2456366, 188817.124291, 1.68249860101, 14.941683937, -0.572073698999, 0.0763882830538, 0.00737804620414, 0.00191078041467, 5.8326670617, 0.0129718120729, 436.754630883, 0.00248591801434, 0.0134037732759, 0.0132078649611, 187.019330127, 6, 0.025000
