\
\ strid, ra1, dec1, ra2, dec2, ra1_err, dec1_err, corr1, ra2_err, dec2_err, corr2, start_mjd, end_mjd, flux, bg, length, sigma, length_err, sigma_err, pa_err, bg_err, fit_mag_err, ap_snr, ap_mag_err, dmag, dmag_err, chi2, numfit, prob
\ null, deg, deg, deg, deg, deg, deg, null, deg, deg, null, days, days, dn, dn, pixels, pixels, pixels, pixels, deg, dn, mag, null, mag, mag, mag, null, null, null
\
1, 212.980198693, 69.2502562695, 212.978018259, 69.2470982351, 4.25472774652e-05, 4.91703133369e-05, 0.445257750791, 4.25479763287e-05, 4.91698809993e-05, 0.445310280786, 58232.2404977, 58232.2408449, 9556.82611892, 5.80250896624, 11.5583964583, 1.04280865172, 0.334735118516, 0.0504944699247, 0.0172594336121, 1.67063016775, 0.0513179393688, 84.3981165721, 0.012864460119, -0.0345836759721, 0.0529058147581, 1.05726553658, 0, 0.666000
2, 212.516872508, 68.9326822419, 212.506078196, 68.9295307325, 0.000278280931172, 0.00028300682844, 0.916468269435, 0.000278341482991, 0.000283093875607, 0.916548718543, 58232.2404977, 58232.2408449, 1639.16495128, 41.5685713754, 17.7715274939, 0.841266618881, 2.01711016831, 0.228228011381, 0.0471452724478, 1.37314177874, 0.276841683395, 19.7454873454, 0.0549865488639, 0.576022278419, 0.282249602694, 1.19881587444, 4, 0.000000
3, 212.626252815, 68.9166092632, 212.614855654, 68.9209266843, 9.11692677133e-05, 8.77071954096e-05, 0.977748397709, 8.87890178446e-05, 8.72875506855e-05, 0.974947316876, 58232.2404977, 58232.2408449, 1458.80923278, 71.1545977761, 21.1642045967, 0.426764421697, 0.630915928244, 0.0475803069884, 0.00713265180301, 0.367513829702, 0.101397369054, 9.93531472994, 0.10928050437, -0.198830398368, 0.149076004395, 1.39807083946, 0, 0.000000
4, 212.466889622, 68.9126970347, 212.449764293, 68.9172990928, 0.000355836652152, 0.000336627290503, 0.915602712856, 0.00035734744329, 0.000338238340542, 0.916699029697, 58232.2404977, 58232.2408449, 4448.21985566, 66.3516024007, 27.3364773064, 1.45365881421, 2.50159853014, 0.304158391356, 0.0403465960527, 1.61755495286, 0.222332207662, 20.3116158485, 0.0534539552569, 0.134399889661, 0.228667741267, 1.34020478626, 4, 0.000000
5, 212.451047902, 68.9117200127, 212.439304879, 68.91028128, 0.000192867409868, 0.000191260513665, 0.623080493454, 0.000181973906796, 0.000177072870061, 0.448033787856, 58232.2404977, 58232.2408449, 1188.62365796, 58.5559027177, 15.8676904632, 0.541075914425, 1.33079102981, 0.131077398566, 0.0285661136145, 1.41697166689, 0.237868602516, 7.12318856086, 0.152422780259, -0.411329571753, 0.282514027979, 1.25074069783, 0, 0.000000
6, 212.677782095, 68.8946879611, 212.677501764, 68.8903361733, 0.00149850501698, 0.00149946794185, 0.848676314454, 0.00157243820247, 0.00163712906399, 0.896838378636, 58232.2404977, 58232.2408449, 419.820979787, 85.0112980766, 15.4741832238, -0.136404793153, 11.1338111084, 0.175166867201, 0.0597113572359, 0.215123723146, 1.41885435195, 8.62464593633, 0.125887626318, 0.288753994502, 1.424428084, 1.49155843736, 4, 0.000000
7, 212.708815417, 68.8729700323, 212.695832545, 68.8718113871, 0.000145262690786, 0.000138508938318, 0.751117001302, 0.000122689779917, 0.000109884799181, 0.0145990342054, 58232.2404977, 58232.2408449, 1186.69545494, 71.0489660657, 17.1385093041, 0.352163215433, 0.960471789461, 0.0405137653311, 0.00937441893299, 0.716788764174, 0.114591588122, 15.3351293084, 0.0708005901301, 0.333183686576, 0.134699501228, 1.01019588031, 0, 0.000000
8, 212.706451199, 68.865368896, 212.70365437, 68.8698809757, 7.09125336404e-05, 7.41440586021e-05, 0.439379527789, 6.8713397776e-05, 7.30577684376e-05, 0.317665139964, 58232.2404977, 58232.2408449, 1275.72108971, 67.5180511517, 16.4351114383, 0.430900992345, 0.51673758042, 0.052134460957, 0.012327530494, 0.599487562571, 0.118034964911, 9.83448477911, 0.110400923805, -0.179628404092, 0.161618739379, 1.03190900097, 0, 0.000000
9, 212.362351793, 68.8482108879, 212.354617896, 68.8470521532, 1.7275465831e-05, 1.60614486964e-05, 0.213380278927, 2.48003550343e-05, 2.77699061447e-05, 0.927780835872, 58232.2404977, 58232.2408449, 758.391652315, 53.859774804, 10.7418799938, 0.186740771358, 0.155698342189, 0.0107183500875, 0.00485376605491, 0.340252640678, 0.05546968353, 11.6754414389, 0.0929931609387, -0.1832647093, 0.10828025569, 1.03439370018, 2, 0.000000
10, 212.389353998, 68.8294132481, 212.370403693, 68.8313610029, 0.000176209890209, 0.000169528494085, 0.707713689237, 0.000151650131824, 0.000147918420208, 0.369686632699, 58232.2404977, 58232.2408449, 1337.73377272, 64.1841662005, 25.2939385703, 0.433091644327, 1.15178195627, 0.066030603002, 0.00906268411624, 0.480196273854, 0.146539119748, 12.899916158, 0.0841661442956, 0.22510854058, 0.16899009871, 1.24927558481, 3, 0.000000
11, 212.675872062, 68.8250078205, 212.669864161, 68.8231139011, 5.68074602433e-05, 5.85607985632e-05, 0.976066126394, 3.07539768997e-05, 3.33072806855e-05, 0.897892322773, 58232.2404977, 58232.2408449, 917.830780108, 59.7940505063, 10.2396873709, 0.38157466963, 0.331155495014, 0.0239412264827, 0.0110863192533, 0.157458777141, 0.0651661612005, 12.523354467, 0.0866969155607, 0.141026928505, 0.108457289904, 1.32543601204, 0, 0.000000
12, 212.396016311, 68.8169761756, 212.391316872, 68.8144796681, 4.65043236494e-05, 4.81554434016e-05, 0.835102408583, 6.89091611796e-05, 7.316361345e-05, 0.949609653923, 58232.2404977, 58232.2408449, 994.846347601, 60.1117162287, 10.7330568812, 0.445603188803, 0.434196799816, 0.0384927508051, 0.0143791048558, 0.42047320251, 0.0893819999259, 4.18436376179, 0.259474621846, -1.05671113831, 0.274438009928, 1.2829551495, 1, 0.000000
13, 212.63408458, 68.8072045484, 212.622048444, 68.8066660382, 0.000116427313546, 0.000121174896174, 0.969164852064, 0.000100644808705, 9.65144733427e-05, 0.934399064896, 58232.2404977, 58232.2408449, 1096.152203, 69.3158651753, 15.5866155426, 0.290666169853, 0.775727166341, 0.021930646825, 0.00478670036182, 0.401717134813, 0.0838604802066, 12.2070325954, 0.0889435000907, -0.0179039479099, 0.122243717012, 0.851137687856, 0, 0.000000
14, 212.461311612, 68.8025949266, 212.454500345, 68.8005561823, 1.12745494204e-05, 1.09114900649e-05, 0.968979422719, 9.00338152529e-06, 9.45314542879e-06, 0.966021519011, 58232.2404977, 58232.2408449, 860.908817932, 72.7917197854, 11.3657137337, 0.140191862683, 0.0708246440644, 0.0043785185882, 0.00155953657706, 0.156285391397, 0.0309289740388, 11.6483720435, 0.0932092656988, -0.331983990438, 0.0982067647731, 1.18020032219, 3, 0.000000
15, 212.470056191, 68.7950987308, 212.451083553, 68.7977566191, 0.000179515538953, 0.000171756968133, 0.677180513418, 0.000181687077057, 0.00017633637185, 0.719406197349, 58232.2404977, 58232.2408449, 1061.11719209, 66.3287686733, 26.1600955478, 0.370438398688, 1.26656829375, 0.0676277435498, 0.00935407459728, 0.595868807655, 0.179075094219, 7.61766461461, 0.142528748598, -0.189236672237, 0.228871871462, 1.32662380662, 7, 0.000000
