\
\ strid, ra1, dec1, ra2, dec2, ra1_err, dec1_err, corr1, ra2_err, dec2_err, corr2, start_mjd, end_mjd, flux, bg, length, sigma, length_err, sigma_err, pa_err, bg_err, fit_mag_err, ap_snr, ap_mag_err, dmag, dmag_err, chi2, numfit, prob
\ null, deg, deg, deg, deg, deg, deg, null, deg, deg, null, days, days, dn, dn, pixels, pixels, pixels, pixels, deg, dn, mag, null, mag, mag, mag, null, null, null
\
1, 163.549481218, 11.6526634225, 163.544927156, 11.657786058, 0.000848352895448, 0.000858168945787, 0.892543653173, 0.00084835288652, 0.000858168939194, 0.892543650706, 58153.4383218, 58153.438669, 543.568234301, 8.66391545346, 24.1573315692, 2.20189757985, 6.22768203453, 0.959001517741, 0.153929214304, 0.286934226651, 0.478312926631, 3.5883696596, 0.302570890893, -0.254056102706, 0.565979151381, 1.26782127794, 1, 0.000000
2, 163.134018071, 11.2389610522, 163.127463237, 11.2430639701, 0.000430378906778, 0.000412767915945, 0.865111772196, 0.000430378896371, 0.000412767911603, 0.865111770315, 58153.4383218, 58153.438669, 552.553222118, 9.66980903371, 27.1185203923, 1.30749926489, 3.03202971135, 0.348885477744, 0.0468987909969, 0.227674594112, 0.275567885434, 4.53676265453, 0.239319595808, -0.250878081037, 0.364981545314, 1.29615655609, 0, 0.000000
3, 163.767176944, 10.9831426429, 163.73237084, 10.9745954668, 0.00025624492615, 0.000237686206948, 0.433561636604, 0.000256244925859, 0.000237686206233, 0.433561626982, 58153.4383218, 58153.438669, 43140.1998928, 5.2491403178, 125.185190363, 7.30825770476, 1.78041377916, 0.221599730713, 0.00663105647141, 0.0575717598636, 0.0310492356985, 210.193150196, 0.00516542144092, 0.972344919146, 0.0314759688671, 2.39829261128, 0, 0.008000
4, 163.702714725, 10.9735635685, 163.697378114, 10.9755853482, 0.000205214968959, 0.000181701513116, 0.615742178385, 0.000205214967015, 0.000181701510185, 0.615742152954, 58153.4383218, 58153.438669, 2039.7966516, -1.24640950412, 19.9602574236, 1.8585220544, 1.41581905056, 0.220172777518, 0.0428446047915, 0.430093718676, 0.130751370236, 83.8004039999, 0.0129562168311, -0.00186769073218, 0.131391721098, 1.19491383787, 0, 0.025000
5, 163.731260509, 10.9711484797, 163.728862608, 10.9687316218, 9.40540499543e-05, 9.54544974285e-05, 0.848742200036, 9.40540500116e-05, 9.54544975526e-05, 0.848742200316, 58153.4383218, 58153.438669, 2455.05330186, 7.79741759579, 11.9909759078, 1.80723531245, 0.710059120111, 0.129640305789, 0.0477683663133, 0.389296564899, 0.0803173522631, 22.3796252709, 0.0485144943946, -0.0679596541374, 0.0938324743408, 1.0499955421, 0, 0.013000
6, 163.707803647, 10.9654360126, 163.703583457, 10.9662008049, 0.000107274205874, 9.67904771792e-05, 0.341305233644, 0.000107271514407, 9.67896801517e-05, 0.341271103629, 58153.4383218, 58153.438669, 1149.83459111, 1.70742108603, 14.9750266523, 1.00435875483, 0.73807560466, 0.0979153592801, 0.0248263905302, 0.321695774421, 0.101061838108, 26.3571384336, 0.0411932504545, 0.0424431519377, 0.109134682869, 1.03494145077, 0, 0.000000
7, 163.683307449, 10.9561944088, 163.677368887, 10.9529665055, 0.000259828098368, 0.000213438771492, 0.711684886409, 0.00025978379136, 0.000213352762078, 0.711380671632, 58153.4383218, 58153.438669, 5810.3585031, -0.507261771132, 23.6861583078, 4.5667471069, 1.85336077147, 0.385556831581, 0.07092969696, 0.444971104989, 0.110838872985, 83.5837283155, 0.0129898034778, -0.0011555929318, 0.111597449607, 1.15398601736, 2, 0.029000
8, 163.659935244, 10.9475456199, 163.648916433, 10.9435879713, 0.00027745323974, 0.000262013142965, 0.447893951386, 0.000318297480852, 0.000308151040244, 0.743486430318, 58153.4383218, 58153.438669, 3964.4799452, -0.706207336596, 40.9439588729, 1.97920265202, 2.13005696043, 0.163454041182, 0.0141517751192, 0.386327313696, 0.0987650096115, 71.1937139096, 0.0152504504279, -0.0319480206433, 0.0999354960052, 1.11939486251, 0, 0.283000
9, 163.707981475, 10.9293593757, 163.703216812, 10.9273203939, 0.000175312333208, 0.000160987186, 0.664839732078, 0.00017531239551, 0.000160987265777, 0.664840377668, 58153.4383218, 58153.438669, 1416.77688111, 2.284067735, 18.1381006086, 1.4770360534, 1.22502081675, 0.181338105426, 0.0377142876197, 0.476215308871, 0.135840106025, 28.1459805722, 0.038575177794, 0.126761086024, 0.141211114105, 1.19443515053, 0, 0.002000
10, 163.680631022, 10.9216470547, 163.671585402, 10.918652357, 0.000278291948749, 0.000246179319835, 0.081194128241, 0.000362443679439, 0.000348158252273, 0.827305957817, 58153.4383218, 58153.438669, 3896.97826154, 2.56810490584, 33.3145344639, 2.67129043717, 2.28650728499, 0.241525490094, 0.0274762845632, 0.3353615083, 0.111017528068, 40.453559745, 0.026839076996, -0.0448353703305, 0.114215706417, 1.17169690572, 0, 0.117000
