\
\ strid, ra1, dec1, ra2, dec2, ra1_err, dec1_err, corr1, ra2_err, dec2_err, corr2, start_mjd, end_mjd, flux, bg, length, sigma, length_err, sigma_err, pa_err, bg_err, fit_mag_err, ap_snr, ap_mag_err, dmag, dmag_err, chi2, numfit, prob
\ null, deg, deg, deg, deg, deg, deg, null, deg, deg, null, days, days, dn, dn, pixels, pixels, pixels, pixels, deg, dn, mag, null, mag, mag, mag, null, null, null
\
1, 184.974750947, 26.438872931, 184.966987848, 26.4455489962, 8.39832741923e-05, 8.44009092461e-05, 0.935735017557, 8.39832742889e-05, 8.44009093238e-05, 0.935735017682, 58155.4470486, 58155.4473958, 2638.50062703, 1.30157177175, 34.2620407121, 1.97214160934, 0.606484014411, 0.075108610478, 0.00819278052038, 0.0625616938396, 0.0390383022747, 36.5448580356, 0.0297096845663, 0.0204579457613, 0.0490576640446, 1.18109205748, 0, 0.012000
2, 185.004909027, 26.4223372707, 185.000412867, 26.4327252183, 0.000387294762206, 0.000457520330354, 0.308892457616, 0.000746134198395, 0.000772740222452, 0.947957776088, 58155.4470486, 58155.4473958, 3523.17272598, -1.22683155038, 39.60218887, 4.15454763491, 4.54268767079, 0.379900795171, 0.0345566579803, 0.314532654097, 0.162189547484, 79.8126308238, 0.0136035636659, -0.153805190448, 0.16275904355, 1.13739597904, 0, 0.017000
3, 185.011022005, 26.3537267552, 185.008351537, 26.3637741064, 0.000155569761358, 0.00016858042125, 0.46291183393, 0.000152575220938, 0.00016587029807, 0.398549961356, 58155.4470486, 58155.4473958, 2025.76703045, 2.0617013294, 36.7158821282, 2.01122777144, 1.16003274871, 0.140750215991, 0.0138944285177, 0.135555405335, 0.0748492613235, 23.8647301084, 0.0454954319545, -0.175143785462, 0.0875913594448, 1.14271381611, 0, 0.000000
4, 185.027309285, 26.3481778765, 185.02005286, 26.3634339629, 0.000466969407541, 0.000653730689651, 0.221667322905, 0.00100205664187, 0.00104901561707, 0.951301743409, 58155.4470486, 58155.4473958, 16488.1784984, -1.96437595728, 58.9528147186, 11.0623593816, 6.33034553548, 0.753850116437, 0.0534649995307, 0.351812728794, 0.148029042111, 140.338583261, 0.00773654813613, -0.505649493771, 0.148231074628, 1.10978407582, 1, 0.000000
5, 185.028589036, 26.3495126698, 185.018747338, 26.35765092, 0.000184897778046, 0.000185701179562, 0.957371433677, 0.000197839733155, 0.000199408164658, 0.96364521507, 58155.4470486, 58155.4473958, 1512.81194929, 3.14528570317, 42.6614897994, 1.46130314382, 1.37794128329, 0.133437694852, 0.0109076104687, 0.175202220519, 0.096776706451, 22.956640055, 0.0472950833466, 0.0954843783651, 0.107715160587, 1.14920570079, 0, 0.004000
6, 185.035391197, 26.3427402391, 185.027558019, 26.3502625051, 0.000460160221192, 0.000463320446791, 0.988935554344, 0.000187935979499, 0.0001916669143, 0.923680196691, 58155.4470486, 58155.4473958, 1979.44864876, 1.18851556707, 36.5765314211, 2.02432879274, 2.54865581932, 0.178639596804, 0.0181539741436, 0.196092544872, 0.112725663901, 31.9095188988, 0.0340254645707, -0.0485782997657, 0.117748917367, 1.23190278134, 0, 0.001000
7, 185.45201887, 26.0407945226, 185.448655078, 26.0401702924, 5.85916483019e-05, 5.19150914073e-05, 0.375122055602, 5.86369529971e-05, 5.19247465551e-05, 0.375731851637, 58155.4470486, 58155.4473958, 690.281613734, 0.46596355014, 10.9744963842, 0.884728205348, 0.401819301054, 0.0579371310441, 0.020441332025, 0.210707291556, 0.0688922089411, 23.235286705, 0.0467279022007, -0.0220947256477, 0.0832444190133, 1.00687592964, 0, 0.000000
