\
\ strid, ra1, dec1, ra2, dec2, ra1_err, dec1_err, corr1, ra2_err, dec2_err, corr2, start_mjd, end_mjd, flux, bg, length, sigma, length_err, sigma_err, pa_err, bg_err, fit_mag_err, ap_snr, ap_mag_err, dmag, dmag_err, chi2, numfit, prob
\ null, deg, deg, deg, deg, deg, deg, null, deg, deg, null, days, days, dn, dn, pixels, pixels, pixels, pixels, deg, dn, mag, null, mag, mag, mag, null, null, null
\
1, 96.1888397743, 29.8623123837, 96.1851368038, 29.8592683495, 0.000219818615026, 0.000226991015538, 0.908889497635, 0.000219818616487, 0.000226990990967, 0.908889478408, 58115.3640625, 58115.3644097, 2947.20793766, -4.86350661826, 15.7364983302, 1.25539980439, 1.62078199361, 0.231640173223, 0.0572206762984, 1.0929226478, 0.192710766835, 24.2378726086, 0.0447950289323, -1.01005381307, 0.197848513442, 22.1742304735, 0, 0.008000
2, 95.5799217521, 29.8398818439, 95.5722605423, 29.8469021183, 0.000810093219699, 0.0007855060269, 0.9056417346, 0.000793225965668, 0.000772046515161, 0.901440257439, 58115.3640625, 58115.3644097, 5304.42823765, -4.59717396679, 34.3686611717, 3.00076770296, 5.78946730027, 0.90657479769, 0.0962878995668, 1.57761124234, 0.358516123125, 106.657172158, 0.0101796830235, 0.00973384258505, 0.35866061463, 13.5970817108, 5, 0.009000
3, 95.5711505113, 29.8371301491, 95.5682600121, 29.8451942567, 0.000739974719508, 0.000814301846828, 0.479649895334, 0.000740678592464, 0.000814775008361, 0.481926488031, 58115.3640625, 58115.3644097, 3519.05094577, -1.74517971948, 30.0234608118, 2.49744902888, 5.66956347012, 0.847365850841, 0.106649719469, 1.19139241581, 0.377018355803, 182.65350697, 0.00594423957564, 0.101743858942, 0.377065212657, 15.014997796, 0, 0.009000
4, 95.8412624053, 29.8469281715, 95.8388552812, 29.8417946099, 0.000618664475457, 0.000713968279505, 0.589896235056, 0.000691394391144, 0.000779735869122, 0.736803094543, 58115.3640625, 58115.3644097, 2251.80574034, -7.61979180711, 19.7022172846, 1.77617850633, 5.16260257636, 0.760220453133, 0.144134837035, 2.54958991377, 0.50441668914, 42.4259982925, 0.0255912942171, -0.00762542427841, 0.505065451821, 14.5705337601, 1, 0.003000
5, 96.0981004303, 29.8332969956, 96.0943574698, 29.831506715, 0.000368951572963, 0.000350422427348, 0.742102102745, 0.000369524207661, 0.00035120389142, 0.744029956606, 58115.3640625, 58115.3644097, 1277.49601134, -5.92801455672, 13.1880611177, 1.21161179689, 2.63147323247, 0.408648601876, 0.119335924728, 1.93016792324, 0.375662424324, 36.3946709927, 0.0298322851984, 0.0164025120154, 0.376845090573, 10.81220038, 1, 0.000000
6, 96.1737576919, 29.8326458929, 96.1634972568, 29.8298492678, 0.000329286297463, 0.000319574986327, 0.510583260215, 0.00032928603916, 0.000319574643643, 0.510580654042, 58115.3640625, 58115.3644097, 1964.0326163, -3.56289890283, 33.1879906455, -1.37842246817, 2.3296258032, 0.250465349066, 0.0271770376921, 0.445095377166, 0.186899105155, 21.018703516, 0.0516557172012, -0.611126365832, 0.193906133548, 8.25002518078, 0, 0.000000
7, 96.0604873995, 29.8233803772, 96.0538926823, 29.8254560843, 0.000502801983463, 0.000446301811173, 0.579158698387, 0.000526782988954, 0.000471540129112, 0.669916742398, 58115.3640625, 58115.3644097, 1702.22829674, -3.97225948455, 21.6412326175, -1.54268713201, 3.54513795804, 0.481614361974, 0.0815690866224, 1.31914379315, 0.349712728575, 51.4696070363, 0.0210947055413, 0.0100322516636, 0.350348368241, 8.71829982938, 0, 0.011000
8, 96.2991525412, 29.8228625052, 96.2937532369, 29.8205696092, 0.000546265641069, 0.000529056493495, 0.710510207948, 0.00054626436558, 0.00052905502643, 0.710507193252, 58115.3640625, 58115.3644097, 1520.09745371, -5.86012328058, 18.5539835962, 1.19485653964, 3.8875313659, 0.51307464378, 0.102891118293, 1.79643998671, 0.455705761818, 25.62638786, 0.0423678986945, -0.210624781731, 0.457671039278, 16.929515804, 1, 0.000000
9, 95.6300989872, 29.7973066935, 95.6219751224, 29.7921587998, 0.000772203164832, 0.000765855481477, 0.853145277263, 0.000772159987918, 0.000765796901217, 0.853112725964, 58115.3640625, 58115.3644097, 4171.4720506, -4.9255883033, 31.0412645116, -2.55902105447, 5.61230538066, 0.847695329369, 0.101229667911, 1.50821635551, 0.377710608475, 72.7961511408, 0.0149147473835, 0.0615539232455, 0.37800496484, 20.0152447044, 8, 0.049000
10, 96.0026678456, 29.7705388411, 95.9915116915, 29.7743951595, 0.00026583674933, 0.000245850437119, 0.687708301324, 0.000265836751109, 0.000245850438692, 0.687708310056, 58115.3640625, 58115.3644097, 4026.90730938, -1.07921847814, 37.0608220251, 1.56206499578, 1.83646826626, 0.196095581196, 0.0193716094364, 0.298394198444, 0.125616978315, 83.483534445, 0.0130053933626, -0.215745507806, 0.126288421867, 22.4271211974, 0, 0.369000
11, 95.9281776714, 29.7736761484, 95.9282958527, 29.7625903485, 0.000266824635016, 0.000286042056037, 0.0274857058458, 0.00026682463506, 0.000286042056041, 0.0274856877314, 58115.3640625, 58115.3644097, 5163.76099441, -1.95344261074, 39.4120377417, 1.74707319555, 1.98532399292, 0.217221176001, 0.0202326777219, 0.331795499481, 0.12483697659, 126.20894737, 0.00860268806123, 0.205572271472, 0.125133037069, 22.7758503202, 1, 0.241000
12, 96.4260812175, 29.7460490849, 96.4220752761, 29.7444190158, 0.000223051628289, 0.000209326387901, 0.674516873275, 0.000223051743958, 0.000209326407417, 0.674516906897, 58115.3640625, 58115.3644097, 2659.76091264, -4.38316023554, 13.6672893734, 1.2245076101, 1.57434353789, 0.236325987221, 0.0683749513056, 1.2370251219, 0.203614342196, 38.9577452288, 0.0278695853259, -0.663059410834, 0.205512807714, 21.6370478769, 0, 0.042000
13, 96.3488952716, 29.7306457555, 96.3436682972, 29.7340439373, 0.000411822564967, 0.000383250902271, 0.896739310098, 0.000411934559192, 0.000383372718449, 0.896825355138, 58115.3640625, 58115.3644097, 1580.35162805, -3.6055427721, 20.1597841458, 1.41817002971, 2.88532109398, 0.401628397933, 0.0735486860677, 1.19474555003, 0.311338507243, 50.2119436007, 0.0216230666829, -0.0407944920859, 0.312088486018, 7.27912010301, 0, 0.020000
14, 95.7693318147, 29.6995012883, 95.7580184791, 29.6946460053, 0.000705191505571, 0.000674186103454, 0.704578485125, 0.0007052068343, 0.000674206873954, 0.704612572568, 58115.3640625, 58115.3644097, 4695.24260062, -1.94644239832, 38.9810796248, 2.8417811867, 5.01306349646, 0.713547801251, 0.0673085162657, 0.871032830111, 0.280127794318, 391.995918381, 0.00276976405582, -0.00421863004729, 0.280141487007, 11.857645055, 0, 0.008000
15, 95.8325576717, 29.6805610187, 95.82750939, 29.6724443426, 0.00122882694584, 0.0014234859972, 0.839835102367, 0.00108821830647, 0.00129206740899, 0.762384156403, 58115.3640625, 58115.3644097, 7554.31488549, -9.12002154127, 32.8092923914, 4.23803815701, 9.87355668366, 1.58809587984, 0.15550391439, 4.25686505841, 0.649731651739, 241.14395608, 0.00450244004622, -0.173703168379, 0.649747251812, 13.2493899298, 8, 0.016000
16, 95.5588664977, 29.620910078, 95.5488009733, 29.616055234, 0.00105501708861, 0.000975209493337, 0.729463485769, 0.00105819080314, 0.00097971381661, 0.7334348574, 58115.3640625, 58115.3644097, 4557.79815515, -1.35410266231, 35.5828749461, 3.90763538847, 7.53919121429, 1.31236366964, 0.138556555542, 1.14716329311, 0.411970209958, 120.22120878, 0.00903115361903, -0.00390413226894, 0.412069187914, 12.1485115126, 1, 0.004000
17, 96.2754612279, 29.5449346105, 96.2678408456, 29.5389189702, 0.00133998079538, 0.00132872236573, 0.924240803783, 0.00132004504209, 0.00139198569039, 0.933812019645, 58115.3640625, 58115.3644097, 3649.6231496, -3.78062230579, 31.8438215496, 3.14237677936, 10.0165591424, 1.44608755621, 0.159892283618, 2.71573358229, 0.669021975449, 182.991036404, 0.00593327534558, -0.113758936744, 0.669048284797, 13.6911722675, 0, 0.019000
18, 95.8545409207, 29.5201758261, 95.8495795149, 29.5262745226, 0.000961753249914, 0.000980192475606, 0.835122401865, 0.000961810969598, 0.000980234499393, 0.835150757615, 58115.3640625, 58115.3644097, 2057.42361328, 1.73271453699, 26.5632646052, 2.47312204352, 7.10417230247, 1.11772549468, 0.161117518975, 1.08940368705, 0.510017488207, 29.0992697001, 0.0373114588768, -0.01508208076, 0.511380468184, 12.9956620535, 0, 0.000000
19, 96.379209126, 29.1536084723, 96.3772551122, 29.1559454787, 8.08602198401e-05, 8.25367441557e-05, 0.835263296209, 8.08611634752e-05, 8.25372763129e-05, 0.835268555393, 58115.3640625, 58115.3644097, 1839.24080043, -0.907400380985, 10.2885353122, 1.0977671596, 0.599569657766, 0.0978485573369, 0.038173717611, 0.850439899382, 0.0982711452253, 48.0618293912, 0.0225904052865, -0.00636997826613, 0.100834242174, 3.31209983387, 0, 0.016000
