\
\ strid, ra1, dec1, ra2, dec2, ra1_err, dec1_err, corr1, ra2_err, dec2_err, corr2, start_mjd, end_mjd, flux, bg, length, sigma, length_err, sigma_err, pa_err, bg_err, fit_mag_err, ap_snr, ap_mag_err, dmag, dmag_err, chi2, numfit, prob
\ null, deg, deg, deg, deg, deg, deg, null, deg, deg, null, days, days, dn, dn, pixels, pixels, pixels, pixels, deg, dn, mag, null, mag, mag, mag, null, null, null
\
1, 162.471588605, 10.7644943177, 162.469723134, 10.7610362907, 9.08900710778e-05, 9.47336566728e-05, 0.240353369393, 0.000191480363192, 0.000198128728454, 0.972016101671, 58153.4240046, 58153.4243518, 228.020485178, 21.0469601844, 13.9126224032, 0.339647716743, 1.09383279031, 0.0467168737365, 0.0116841241589, 0.101396866717, 0.140885226936, 4.96786138532, 0.218552032866, 0.0783841401638, 0.260026226059, 0.934631398102, 3, 0.000000
2, 162.487412515, 10.7625296878, 162.478040751, 10.7632298669, 5.7100792914e-05, 5.59322112401e-05, 0.0299731608774, 5.8612686842e-05, 5.71069730895e-05, 0.290869078214, 58153.4240046, 58153.4243518, 554.221365825, 24.2613417937, 32.8232084125, 0.410699809232, 0.406817046899, 0.0302531829382, 0.00308669342473, 0.0573934397306, 0.0683381275439, 6.75868077314, 0.160643214438, 0.0291847563777, 0.17457474623, 1.38267858529, 0, 0.000000
3, 162.596520976, 10.759223813, 162.594622643, 10.7632763092, 0.00443428729237, 0.00434035287697, 0.999992267441, 0.00165756892907, 0.00169331603867, 0.9996399907, 58153.4240046, 58153.4243518, 263.894699448, 27.1635861851, 15.8599119328, 0.140704519341, 23.6167478998, 0.00528722077418, 0.00106869790233, 0.0581033504416, 1.61719084549, 8.63651559882, 0.125714611678, 0.258411286106, 1.62206978713, 1.12208347801, 4, 0.000000
4, 162.617982298, 10.761183839, 162.610972001, 10.7580156663, 0.00022813260528, 0.000222808582944, 0.714634793571, 0.00022813625814, 0.000222812457466, 0.714655365428, 58153.4240046, 58153.4243518, 693.807537253, 20.7517618605, 26.9492972185, 1.03656899944, 1.61561759796, 0.164998100732, 0.0223181881672, 0.11902481771, 0.158026708169, 6.35135230256, 0.170945674722, 0.138375619029, 0.232797904202, 1.30795135686, 0, 0.000000
5, 162.485494843, 10.7482569, 162.480761793, 10.7473249516, 0.00021096761983, 0.000194463268798, 0.343910001788, 0.000210960054595, 0.000194464030384, 0.343931224582, 58153.4240046, 58153.4243518, 617.527201859, 15.1567044664, 16.8582741705, 1.02823008385, 1.46271527402, 0.18564751075, 0.0414614349216, 0.252518249608, 0.185115403391, 3.68664744871, 0.294505026549, -0.652634167859, 0.347851869673, 1.14226439538, 0, 0.000000
6, 162.846247131, 10.7477544662, 162.839458178, 10.7449559595, 0.000755605201702, 0.000771776863386, 0.999413164972, 0.000326013450743, 0.000318922396667, 0.979937036236, 58153.4240046, 58153.4243518, 307.569721726, 16.5097537645, 25.7178660934, 0.188493562524, 4.16844905559, 0.01135790899, 0.00145610047694, 0.0736339912919, 0.183775388252, 7.1350832525, 0.152168680636, -0.00486684569335, 0.238597361036, 1.18544739337, 0, 0.000000
7, 162.519849247, 10.7387464617, 162.514318225, 10.740852324, 4.65239032916e-05, 4.46348858232e-05, 0.493531391045, 5.4267154776e-05, 5.30088807698e-05, 0.775501467621, 58153.4240046, 58153.4243518, 460.743893168, 18.7080705293, 20.7178702711, 0.412859084326, 0.355472719546, 0.0310533309229, 0.00519280666525, 0.081551186647, 0.0711490817448, 9.54618051081, 0.113735142922, 0.300214959548, 0.134156157401, 1.08488133162, 0, 0.000000
8, 162.896901665, 10.7405004578, 162.888727794, 10.7422893435, 9.85005612617e-05, 9.62974425788e-05, 0.622621243932, 8.75879173726e-05, 8.58195153246e-05, 0.182496474217, 58153.4240046, 58153.4243518, 376.072938989, 18.3844329589, 29.2543864627, 0.342085364699, 0.656787494615, 0.0399226839193, 0.00456369308684, 0.119297620313, 0.110214353303, 9.36677973457, 0.115913498078, 0.52385018882, 0.159947312295, 0.91699957497, 3, 0.000000
9, 162.86801605, 10.7358504182, 162.865566259, 10.7389765421, 0.000340904615945, 0.000341352868609, 0.906512096187, 0.000343952184563, 0.000344866438572, 0.908570043348, 58153.4240046, 58153.4243518, 261.316240623, 18.0017270004, 14.0276436948, 0.724375698307, 2.46660016134, 0.289677643377, 0.0762309562703, 0.48147187732, 0.409666769347, 3.59126628302, 0.302326844961, 0.0101173441005, 0.509144756519, 1.31715901343, 0, 0.000000
10, 162.892517197, 10.736645521, 162.885704083, 10.7392040923, 0.000148575713437, 0.000143183304464, 0.734174774636, 0.000133862211451, 0.000130537471337, 0.588427725826, 58153.4240046, 58153.4243518, 493.346808086, 20.4312954595, 25.4803039729, 0.415847898431, 0.99910630707, 0.0538265547486, 0.0072200349175, 0.215216640896, 0.123752662795, 3.52549785906, 0.307966774669, -0.802571042192, 0.331900972956, 1.26887230481, 1, 0.000000
11, 162.600565849, 10.7261619008, 162.591502721, 10.7289469429, 0.000571341518915, 0.000542204502456, 0.565508298497, 0.000571331727493, 0.000542197453704, 0.565480224119, 58153.4240046, 58153.4243518, 700.539951977, 22.0754229304, 33.1688534742, 1.07772164527, 3.98711259607, 0.377931772977, 0.0409091766327, 0.290067764319, 0.350107003602, 5.49892466515, 0.197445186263, 0.0683225762326, 0.401944667274, 1.25535553083, 0, 0.000000
12, 162.573227795, 10.7234649473, 162.568657912, 10.7228965147, 3.89121858828e-05, 3.65059512532e-05, 0.151187984348, 3.85630411218e-05, 3.70480483518e-05, 0.259241982542, 58153.4240046, 58153.4243518, 340.736742429, 24.4455011734, 16.0890474036, 0.34353388415, 0.269485605219, 0.0327962838962, 0.00700523917823, 0.127489814246, 0.0884375547355, 5.16356816239, 0.210268591527, -0.158420665439, 0.228109801785, 1.21227950097, 2, 0.000000
13, 162.903274072, 10.7251427696, 162.900065665, 10.7235996831, 0.000789176954512, 0.000639387623025, 0.663246036757, 0.000789110505757, 0.0006392608748, 0.663055185377, 58153.4240046, 58153.4243518, 682.464751541, 20.2475512094, 12.4796669967, 2.32153789246, 5.5471447117, 1.11191399095, 0.399218441262, 0.925185299819, 0.595873202766, 5.69127536151, 0.190772038918, -0.000371632260734, 0.625666720073, 1.21986272523, 1, 0.000000
14, 162.948489322, 10.72223541, 162.941858933, 10.7197782916, 0.000120479800697, 0.000119482259038, 0.616169022231, 0.000122997456093, 0.000121358885148, 0.641973072862, 58153.4240046, 58153.4243518, 511.189503858, 20.9252384519, 24.7579772719, 0.583800539656, 0.864156645968, 0.068831006779, 0.0098528850505, 0.106111875396, 0.114278747794, 9.14760975158, 0.118690700002, 0.479528278045, 0.164763814183, 1.22689087112, 1, 0.000000
15, 162.921865594, 10.7179691168, 162.916573085, 10.7166081103, 0.000180329026956, 0.000173769491208, 0.676643140928, 0.000158105159441, 0.000149849892627, 0.232312838423, 58153.4240046, 58153.4243518, 302.493032441, 21.0178535692, 19.1135056093, 0.263278246161, 1.21004671443, 0.0333594516975, 0.00640017313921, 0.189381565713, 0.123922916814, 5.93766574309, 0.182855730136, -0.0493554102689, 0.220891619025, 1.43322189395, 1, 0.000000
16, 162.95132759, 10.7136019178, 162.945374765, 10.7079771778, 0.00171179553457, 0.00174837826138, 0.999613795183, 0.000657346424422, 0.000675609607169, 0.988205812481, 58153.4240046, 58153.4243518, 287.340259669, 22.9290802922, 28.8538612805, 0.23284449472, 9.34290362208, 0.0525527614192, 0.00674405072961, 0.185847410683, 0.391707403574, 5.35215900467, 0.202859482278, 0.067454062694, 0.441119779158, 0.98541036278, 6, 0.000000
17, 162.59047775, 10.7090478322, 162.590021281, 10.7052581901, 8.74040258471e-05, 9.22711711909e-05, 0.161295357638, 8.98526185369e-05, 9.75517154947e-05, 0.364353831826, 58153.4240046, 58153.4243518, 354.982888999, 17.151958327, 13.5663937715, 0.458564115037, 0.660775187627, 0.0577326333687, 0.018001145113, 0.194834360503, 0.125963727463, 4.63608016723, 0.234192715741, -0.387271987793, 0.265919327509, 1.27292845494, 0, 0.000000
18, 162.973629703, 10.7010680053, 162.970133318, 10.7074382995, 5.74128211022e-05, 5.74654139088e-05, 0.830103308937, 5.26991005299e-05, 5.28040458441e-05, 0.761859321189, 58153.4240046, 58153.4243518, 317.732063546, 23.0711688892, 25.7337201214, 0.339118176856, 0.390798741198, 0.036250707845, 0.00499287930487, 0.087328875495, 0.101639321331, 8.23108392415, 0.131906832048, 0.599662055611, 0.166523163499, 1.05368343137, 0, 0.000000
19, 162.940741694, 10.6997283717, 162.935732211, 10.7032360044, 0.000108455358877, 0.000105618319401, 0.965937338776, 7.80082195498e-05, 7.6096776761e-05, 0.888215532873, 58153.4240046, 58153.4243518, 336.266050706, 19.9541440903, 21.4914855432, 0.339690102961, 0.665875351238, 0.036998072321, 0.0059570546207, 0.109398025066, 0.1036148491, 5.49758447, 0.197493319236, -0.0631676801526, 0.223023873378, 1.36438832656, 6, 0.000000
20, 162.980647512, 10.697883809, 162.97778996, 10.7045112671, 0.000611726594703, 0.000624793603287, 0.998994776328, 0.0015027852636, 0.00147083499459, 0.999963361269, 58153.4240046, 58153.4243518, 338.663729634, 23.3402379086, 25.5916335887, 0.163212058966, 8.09703088381, 0.0110448256246, 0.00150489657354, 0.100840386077, 0.347437140185, 7.57276155982, 0.143373879685, 0.0577240777868, 0.375857201282, 1.17105640853, 1, 0.000000
21, 162.946998484, 10.6952919196, 162.947043222, 10.7007299085, 0.000584092974405, 0.000685911328541, 0.0282404539709, 0.000584095652232, 0.00068592002628, 0.0288050931009, 58153.4240046, 58153.4243518, 850.662484295, 19.370219526, 19.335084984, 1.8398684599, 4.65854601339, 0.732710851981, 0.147211698559, 0.654613081698, 0.442735186171, 9.37608759741, 0.11579842802, 0.494280571044, 0.457628365604, 0.857864195624, 2, 0.001000
22, 162.978911593, 10.6912006435, 162.975171539, 10.6889246174, 0.000237492023374, 0.00023231234096, 0.834590509702, 0.000237370477084, 0.000232198075244, 0.834328462944, 58153.4240046, 58153.4243518, 529.509108642, 19.7961488553, 15.3713814384, 0.840894523943, 1.69153503286, 0.205902524462, 0.0494405802165, 0.533766633839, 0.254089413391, 6.13833244487, 0.176878038866, 0.0303483239858, 0.309592103631, 1.200188183, 0, 0.000000
23, 162.218119438, 10.6221226532, 162.216174921, 10.6187925288, 5.97465864218e-05, 6.20195226598e-05, 0.865844845547, 5.31399177106e-05, 5.51997523431e-05, 0.794430984293, 58153.4240046, 58153.4243518, 311.133162089, 18.9610075997, 13.6488042684, 0.393448146415, 0.423177952503, 0.0337253246141, 0.00967394290303, 0.0914619518283, 0.0855125399582, 5.42992428857, 0.19995420692, -0.116400020008, 0.217472019706, 1.25733470524, 0, 0.000000
24, 162.214694946, 10.6188705869, 162.208785615, 10.6161487334, 0.000444010045086, 0.000393289751204, 0.667570191752, 0.000444009726065, 0.000393289281661, 0.667568826404, 58153.4240046, 58153.4243518, 2109.42270114, 15.7668145308, 22.800955269, 2.72543053824, 3.10058303184, 0.534346184925, 0.0948607090556, 0.466768664368, 0.223916694162, 16.6037866298, 0.0653908791388, 0.373450852727, 0.233269485787, 1.23065934017, 1, 0.000000
25, 162.456290792, 10.590120497, 162.452543643, 10.5826266642, 0.000349881410145, 0.000373611246269, 0.726360098679, 0.000376930610488, 0.000398872363409, 0.796352966419, 58153.4240046, 58153.4243518, 1377.24003843, 20.0005079678, 29.6827841671, 1.48224047377, 2.7041659921, 0.306184460649, 0.0372170933383, 0.442572266769, 0.219525055361, 9.81238838196, 0.110649534292, 0.0288337068322, 0.245834434875, 1.35847474808, 0, 0.000000
26, 162.981768416, 10.5819874326, 162.978291697, 10.5860435995, 7.19454369568e-05, 7.08822029893e-05, 0.931761497891, 9.91018590862e-05, 9.74793722728e-05, 0.972213179327, 58153.4240046, 58153.4243518, 442.955539138, 17.8807114464, 18.8598938923, 0.423843912427, 0.612441734786, 0.0451590470749, 0.00934324558766, 0.180442616438, 0.10703924357, 4.7494608957, 0.228601988436, -0.497181371211, 0.252420816853, 1.22918550054, 0, 0.000000
27, 162.591729684, 10.5235753875, 162.589605605, 10.5298719433, 0.000126331835477, 0.000143898357131, 0.430888243244, 0.000138154941747, 0.000152597251578, 0.615398354682, 58153.4240046, 58153.4243518, 1655.2249171, 27.8652331099, 23.584662089, 2.33008769534, 1.03087530941, 0.151416328568, 0.0257028761916, 0.0898761713586, 0.0708033114104, 27.3393413962, 0.0397133269974, 1.41369581946, 0.081180399407, 1.18157132128, 0, 0.001000
28, 162.667978593, 10.5203924238, 162.662963973, 10.5261558499, 0.000138005082518, 0.000136272939329, 0.957473028311, 0.000136419955567, 0.000134486707595, 0.956331652241, 58153.4240046, 58153.4243518, 555.447423239, 21.4697347238, 26.9663731502, 0.676145199686, 0.973561649313, 0.0812474772114, 0.0107638506071, 0.0979670188813, 0.117043907347, 5.4004496537, 0.20104551924, -0.0672415289983, 0.23263399806, 1.05792384374, 0, 0.000000
29, 162.686817577, 10.5137662785, 162.678880822, 10.5179796833, 0.000283448340183, 0.000269594166619, 0.80909215252, 0.000283448374948, 0.000269594195683, 0.809092225728, 58153.4240046, 58153.4243518, 934.721651028, 21.9317778292, 31.5313228561, 1.27926464704, 1.98341744264, 0.207935119882, 0.0241121033044, 0.121733996108, 0.162035566712, 19.2047160264, 0.0565348742084, 1.29499997659, 0.17161502522, 1.16989533848, 1, 0.000000
30, 162.69840695, 10.5111841175, 162.695709416, 10.5126630965, 0.000145378605516, 0.000135166185531, 0.799420075835, 0.000144206047783, 0.000134139729329, 0.794369604927, 58153.4240046, 58153.4243518, 448.789640486, 20.74725067, 10.7973480811, 0.750786564539, 1.01087947774, 0.135917228675, 0.0479789902672, 0.413728933803, 0.187233887344, 5.85372218024, 0.185477918379, -0.0094022706892, 0.263549970169, 1.131617203, 0, 0.000000
31, 162.350351513, 10.3679540061, 162.346616319, 10.3708360188, 0.000114597192288, 0.00011052757399, 0.985129835572, 6.40474734306e-05, 6.23037388792e-05, 0.908624159356, 58153.4240046, 58153.4243518, 468.993023828, 15.2081865733, 16.6017772786, 0.335401563399, 0.652216642278, 0.038355708859, 0.00705825933281, 0.227324541625, 0.104846804094, 12.5576322193, 0.0864602646259, 0.320168422157, 0.135897864913, 1.21694272812, 0, 0.000000
32, 162.620138395, 10.3663544092, 162.604898367, 10.3675327976, 0.00107585217631, 0.000804272372303, 0.507844133885, 0.00102343684966, 0.000741843591334, 0.237843909425, 58153.4240046, 58153.4243518, 11687.0738413, 14.4308625183, 53.4630962886, 8.42252873007, 7.25250230844, 1.26594965418, 0.0782099169267, 0.723749466238, 0.256164603971, 43.8537096409, 0.0247581382202, -0.132951030229, 0.257358251734, 1.26847993883, 4, 0.001000
33, 162.607293386, 10.3693446339, 162.604925389, 10.3667461926, 0.000120683615844, 0.000123532763701, 0.94323999425, 0.000118753637178, 0.000121798780327, 0.941212051621, 58153.4240046, 58153.4243518, 446.61079789, 19.1653951723, 12.4047970968, 0.615841243676, 0.872027077935, 0.0975459385055, 0.0297177723163, 0.32674203048, 0.162342646691, 5.87267538496, 0.184879315403, -0.136804937652, 0.246039623229, 1.30489090705, 1, 0.000000
34, 162.255357399, 10.3647130295, 162.251458928, 10.3607139485, 0.00010675726235, 0.000109375289061, 0.967207465806, 0.000106406478574, 0.000108657400299, 0.966938501598, 58153.4240046, 58153.4243518, 527.909364617, 19.514136305, 19.6958113259, 0.603648139133, 0.771642669866, 0.0657297749433, 0.0126825372304, 0.120684861419, 0.110536179601, 4.18394735588, 0.259500445968, -0.531309569728, 0.28206156856, 1.22832305714, 1, 0.000000
35, 162.221122418, 10.362744384, 162.219720188, 10.3584084725, 0.000183422219776, 0.000195794176882, 0.558931746622, 0.000185173093813, 0.000197898040643, 0.578945781544, 58153.4240046, 58153.4243518, 403.584353823, 17.3860979468, 16.1757949487, 0.704506059585, 1.36818581999, 0.146869110747, 0.0335270260459, 0.247746225645, 0.208944351687, 5.37431729483, 0.20202309339, 0.0117740868029, 0.29063907577, 1.31193920614, 0, 0.000000
36, 162.237457714, 10.3607222311, 162.234746291, 10.356291513, 4.33426826008e-05, 4.47407616548e-05, 0.80956478971, 5.19846397862e-05, 5.31122543774e-05, 0.905363995525, 58153.4240046, 58153.4243518, 316.881256367, 19.0854869734, 18.3846335678, 0.314067375857, 0.343721632408, 0.0305060923032, 0.00565457725367, 0.124934123326, 0.0904549560978, 6.78945822304, 0.159914998972, 0.112495610391, 0.183725082607, 0.92657560014, 0, 0.000000
37, 162.38049014, 10.3606911593, 162.379385017, 10.3568995108, 0.00034786955268, 0.000389147840587, 0.504746902362, 0.000347865185609, 0.000389138960675, 0.504718362611, 58153.4240046, 58153.4243518, 435.873569211, 17.190496, 14.0225004037, 1.06044864759, 2.67451802444, 0.375503771236, 0.102652677561, 0.507633502117, 0.373036449125, 5.88661553667, 0.184441500892, 0.26900291276, 0.416142835607, 1.24751848451, 0, 0.000000
38, 162.27168776, 10.3538637449, 162.268884885, 10.3549362578, 0.000262767042649, 0.000234503196708, 0.629948526883, 0.000262784281374, 0.00023450012739, 0.629914166512, 58153.4240046, 58153.4243518, 401.426605809, 21.6169237625, 10.5175180755, 0.90750727332, 1.8109677963, 0.268680203535, 0.0999480363557, 0.557256413007, 0.312991805942, 5.05378153305, 0.214836394818, 0.114863953448, 0.379629486638, 1.25249721189, 0, 0.000000
39, 162.372326164, 10.3528373885, 162.37162768, 10.348003037, 6.36816708628e-05, 6.39291034736e-05, 0.798584617135, 5.25238571921e-05, 5.31441636829e-05, 0.494707181933, 58153.4240046, 58153.4243518, 412.01108026, 16.6389365329, 17.3595916185, 0.234469151023, 0.414428158074, 0.0280592329981, 0.00590796060336, 0.250215180025, 0.113327681002, 26.0196557992, 0.0417275391012, 1.2945680875, 0.120765685527, 11.8449393568, 2, 0.000000
40, 162.394917695, 10.3481368504, 162.393318709, 10.3448293642, 8.24870646591e-05, 8.59624817847e-05, 0.662401767041, 9.45468660379e-05, 9.75997051952e-05, 0.807060867149, 58153.4240046, 58153.4243518, 322.768618177, 20.0501376141, 13.0197890792, 0.465057825611, 0.646445067595, 0.0690327299537, 0.0182162424025, 0.222851571827, 0.141440499112, 6.23535410917, 0.174125829223, 0.124375705014, 0.224332831283, 1.02414762916, 0, 0.000000
41, 162.472207265, 10.3383512201, 162.46527792, 10.3384854465, 0.000134094129105, 0.000128606549055, 0.0256662940204, 0.000132982628536, 0.000129078509484, 0.151932582367, 58153.4240046, 58153.4243518, 579.637340293, 19.3429650584, 24.2384467347, 0.553696544454, 0.935480828283, 0.0785594181905, 0.0118050174071, 0.206565668075, 0.128521255624, 7.96102835941, 0.136381401465, 0.0739853178502, 0.187396904491, 1.09709178442, 7, 0.000000
42, 162.448909073, 10.337052881, 162.445907294, 10.334226443, 0.000143395570892, 0.000146172113081, 0.989403298531, 8.58840882781e-05, 8.62490118796e-05, 0.965477765712, 58153.4240046, 58153.4243518, 410.614416929, 21.3763312449, 14.5305899375, 0.363420966984, 0.858483851116, 0.0447705165836, 0.01230506787, 0.276654402488, 0.118898408099, 6.40436757656, 0.169530588583, -0.178992432888, 0.207068713025, 1.08910412974, 0, 0.000000
43, 162.422237907, 10.3304770565, 162.421072854, 10.3359210685, 8.5927735116e-05, 8.77516025121e-05, 0.439396148833, 8.34871357743e-05, 8.36990563415e-05, 0.322861420421, 58153.4240046, 58153.4243518, 491.224259153, 21.5519813953, 19.7800530961, 0.412101959487, 0.60658199224, 0.0393216100328, 0.00734862699211, 0.146009258086, 0.0927921107053, 7.19574308549, 0.150885904605, -0.0483701777226, 0.17713534943, 1.24718242796, 0, 0.000000
44, 162.477640538, 10.3280089226, 162.471617931, 10.3254088284, 6.7664565232e-05, 6.70887128139e-05, 0.790916890214, 5.73498453499e-05, 5.8424485347e-05, 0.617164398123, 58153.4240046, 58153.4243518, 384.446679487, 20.6728166091, 23.0006769914, 0.367747462435, 0.444425144661, 0.0282511320417, 0.00444982322883, 0.0587916633837, 0.0731128998791, 4.22473855738, 0.256994886195, -0.417440943483, 0.267192566624, 1.33976109606, 1, 0.000000
45, 162.499988931, 10.3210670746, 162.496258248, 10.3187989074, 0.000211599758826, 0.000207589295259, 0.835446310757, 0.000211893570896, 0.000207969109977, 0.836535155357, 58153.4240046, 58153.4243518, 523.260270631, 16.1907973143, 15.3372299159, 0.773492357694, 1.50798028429, 0.176567420891, 0.0424334644782, 0.438919605566, 0.232521734459, 7.68919436, 0.141202856102, 0.139370826258, 0.272037871568, 1.23470430399, 0, 0.000000
46, 162.328591881, 10.3121755078, 162.32547159, 10.3164325649, 7.59196290515e-05, 7.573757376e-05, 0.908840989576, 7.66368722567e-05, 7.5694198058e-05, 0.913543100096, 58153.4240046, 58153.4243518, 576.113459501, 22.0637130666, 18.6608557443, 0.531191630193, 0.541967725131, 0.0477238433251, 0.00932061848253, 0.141289417031, 0.0884384532921, 4.6389543373, 0.234047616297, -0.561309331254, 0.250199214058, 1.0794773349, 0, 0.000000
47, 162.404380794, 10.311878234, 162.40006217, 10.316578262, 1.79138327788e-05, 1.61909793392e-05, 0.87101247188, 4.71293633418e-05, 4.63622025606e-05, 0.987142835751, 58153.4240046, 58153.4243518, 218.081355486, 24.9812486463, 22.5270954654, 0.115111684331, 0.248718495329, 0.016425400264, 0.00306376160631, 0.145765679445, 0.148013969793, 6.570825913, 0.16523588041, 0.138586520507, 0.221835595495, 1.06901392218, 3, 0.000000
48, 162.363094904, 10.3143875384, 162.361644794, 10.307981815, 7.83537604014e-05, 8.19013833353e-05, 0.544398777558, 7.34055868135e-05, 7.58033403405e-05, 0.306433253423, 58153.4240046, 58153.4243518, 479.622515038, 23.6059975934, 23.3314928013, -0.554971980165, 0.552007575819, 0.044772888575, 0.00687798496913, 0.0489689744646, 0.0779711248106, 4.99050214071, 0.217560512779, -0.131692675924, 0.231110521234, 0.934367798406, 8, 0.000000
49, 162.360005238, 10.3022464693, 162.352322601, 10.3113052813, 0.000247817571074, 0.00024450226042, 0.954130757271, 0.000247783519469, 0.000244472244561, 0.954110927596, 58153.4240046, 58153.4243518, 802.605862209, 22.0834949607, 41.9480378509, 0.971739640492, 1.75810592909, 0.140788928458, 0.0119605790444, 0.0817533784143, 0.141312160784, 5.19196288867, 0.209118637409, -0.0860010799879, 0.252388056963, 1.19542451511, 0, 0.001000
50, 162.424697915, 10.3060872338, 162.422630359, 10.3094327232, 0.000378819641069, 0.000391751548899, 0.815006840845, 0.000378790532478, 0.00039169819003, 0.814972585998, 58153.4240046, 58153.4243518, 380.047793818, 24.4436713041, 13.9214455654, 0.92716061675, 2.78558764109, 0.370780881164, 0.100247068427, 0.624123567186, 0.4200480864, 4.5895164173, 0.236568759328, 0.212470401919, 0.482084196773, 1.25641174482, 3, 0.000000
51, 162.383967008, 10.3004151069, 162.382594443, 10.2962507318, 0.000138872173557, 0.000146929278176, 0.644440564351, 0.000130433947423, 0.000135848803702, 0.515981345104, 58153.4240046, 58153.4243518, 391.745742031, 18.9813877871, 15.5638300838, 0.524431106571, 0.9911385774, 0.0856221601917, 0.0196266469084, 0.299322052267, 0.16377566853, 4.80976979104, 0.22573558651, -0.339195669886, 0.278888910894, 1.1999926517, 5, 0.000000
52, 162.860235133, 10.3029213573, 162.857908019, 10.2995178775, 8.57458923225e-05, 8.97167021046e-05, 0.89867988907, 8.28395228787e-05, 8.62353975013e-05, 0.887894009811, 58153.4240046, 58153.4243518, 564.757960179, 18.0087319515, 14.5824920516, 0.577106466124, 0.616887947672, 0.0644844047856, 0.0160442928068, 0.254956846161, 0.110515233403, 7.65458896925, 0.141841215658, -0.111147567489, 0.179812533694, 1.0613563261, 0, 0.000000
53, 162.516178778, 10.2973862284, 162.513816404, 10.2944134385, 2.00151187012e-05, 2.10479412098e-05, 0.492660718462, 8.48523729865e-05, 8.60452540338e-05, 0.996642739982, 58153.4240046, 58153.4243518, 328.821496337, 18.0366483324, 13.4143836579, 0.255854778744, 0.441365939036, 0.0157636120814, 0.00433161257159, 0.112327077301, 0.0640078527591, 7.72861640896, 0.140482609992, -0.0442593604675, 0.154377358848, 1.00377639076, 0, 0.000000
54, 162.873000351, 10.2974058779, 162.871406294, 10.3000860017, 4.96287096227e-05, 5.49233753819e-05, 0.515344896634, 9.46574972812e-05, 9.80558043234e-05, 0.956362741103, 58153.4240046, 58153.4243518, 306.065330372, 20.2637733563, 11.0435334219, 0.365833025493, 0.574842402861, 0.0390489445063, 0.0133105540182, 0.186814625332, 0.108443707116, 5.20799672981, 0.208474824599, -0.221596085112, 0.234993170336, 1.19061123592, 2, 0.000000
55, 162.86680857, 10.2959752083, 162.85956312, 10.2933175285, 0.000356367999027, 0.000362431858304, 0.986231416624, 0.000179050274503, 0.000176906227803, 0.76318548805, 58153.4240046, 58153.4243518, 621.867152128, 16.0380883015, 27.0502195426, 0.28720478344, 2.01530637374, 0.0368513677958, 0.00483828915868, 0.317538280245, 0.139258499482, 16.3937563184, 0.0662286411772, 0.465629259878, 0.154204936984, 1.25076193081, 8, 0.000000
56, 162.491640944, 10.287950819, 162.490609858, 10.2910476152, 0.000163795656173, 0.000174457139847, 0.528315473996, 0.000165958454834, 0.000177051942872, 0.555938307386, 58153.4240046, 58153.4243518, 286.662719168, 23.2958290658, 11.5868494072, 0.666866782629, 1.22778544531, 0.148419121552, 0.0497253308512, 0.256649389558, 0.229014231108, 4.9170100991, 0.220812278778, 0.278959991486, 0.318128245381, 1.21923175788, 5, 0.000000
57, 162.856502606, 10.2923526933, 162.853626025, 10.2945549739, 0.000200023631965, 0.000191108446878, 0.925124053715, 0.000201688500444, 0.000193512847906, 0.927999457569, 58153.4240046, 58153.4243518, 347.528184482, 18.50992277, 12.7543711831, 0.56835296307, 1.41040090451, 0.156824208799, 0.0452774472054, 0.479733411506, 0.276707230484, 8.61080622749, 0.126089959067, 0.507082675921, 0.304081517327, 1.19058747909, 1, 0.000000
58, 162.85495647, 10.2899364677, 162.850732883, 10.292942539, 7.50599689607e-05, 7.40729385271e-05, 0.965974632022, 4.55532209524e-05, 4.52146402382e-05, 0.826154185904, 58153.4240046, 58153.4243518, 408.92267526, 18.8170299684, 18.2412604121, 0.351758470645, 0.440936824635, 0.0331287651088, 0.00656500391819, 0.15756207866, 0.0898197955802, 7.31012702288, 0.148524943734, -0.0307996635038, 0.173572044377, 0.894200992222, 0, 0.001000
59, 162.425489127, 10.2881537321, 162.420741857, 10.2855294965, 9.65850826529e-05, 0.000101815382218, 0.572789073545, 0.000160127766026, 0.000162889673037, 0.943538013354, 58153.4240046, 58153.4243518, 334.583830558, 19.5478086563, 19.0449729243, 0.301743139365, 0.940244891795, 0.0268787501102, 0.00519552898817, 0.104458802233, 0.0898626016416, 8.4409916764, 0.128626617154, 0.303734889427, 0.156907915078, 1.45441446366, 0, 0.000000
60, 162.566259296, 10.2857742764, 162.56203789, 10.2898015183, 0.000311335788713, 0.000304873223, 0.947473502451, 0.000311403716898, 0.000304942808789, 0.94749706754, 58153.4240046, 58153.4243518, 679.566969965, 17.4816991709, 20.5719149414, 0.977138974697, 2.21557539156, 0.253104677333, 0.0448406549633, 0.473293336103, 0.266951005315, 5.41935780679, 0.200344070915, -0.243789572574, 0.333767263208, 1.24552280719, 0, 0.000000
61, 162.495278506, 10.2848775267, 162.490184458, 10.2846296521, 6.97889363079e-05, 6.90421347091e-05, 0.324425144822, 6.56560981062e-05, 7.21065296926e-05, 0.593395193176, 58153.4240046, 58153.4243518, 300.600656511, 23.2334654677, 17.8403334403, -0.2616097477, 0.474298434693, 0.0438919361838, 0.0227409572176, 0.102862290083, 0.528229070632, 5.09617003465, 0.213049446423, -0.210284255194, 0.569575295884, 1.61758023743, 4, 0.000000
62, 162.482078056, 10.2823811447, 162.48245082, 10.2855601196, 0.000125566613935, 0.000143022507564, 0.225589554141, 0.000125574981102, 0.000143056567631, 0.226058224027, 58153.4240046, 58153.4243518, 446.622375179, 23.1533194941, 11.3771473621, -0.932014330186, 0.975990063359, 0.140385319028, 0.0484251643567, 0.158767435517, 0.155116639321, 5.83226510618, 0.18616029707, 0.237113147109, 0.242315554597, 1.30547965204, 0, 0.000000
63, 162.469219399, 10.2848591913, 162.465138217, 10.2816366272, 0.000316414305072, 0.000321448724678, 0.757279162928, 0.000912125929802, 0.000931681897144, 0.99693469864, 58153.4240046, 58153.4243518, 253.924025046, 23.1028398712, 18.3026860186, -0.163474753018, 4.90515405462, 0.00849616211571, 0.00163763476747, 0.0479156515114, 0.294567764299, 5.53926836587, 0.19600714987, -0.153608517457, 0.353820534402, 1.35633465854, 1, 0.000000
64, 162.500114502, 10.2800922511, 162.496171821, 10.2846137822, 0.000103425863573, 0.000101464931777, 0.992808875621, 6.04044202565e-05, 5.96692091115e-05, 0.949329177867, 58153.4240046, 58153.4243518, 393.794656826, 21.8957091399, 21.1838869908, 0.293330453034, 0.600719809116, 0.0168477715098, 0.00318789055107, 0.059470030712, 0.0595367308838, 4.65211341691, 0.233385583596, -0.478371112922, 0.240859820133, 1.33117035165, 1, 0.000000
65, 162.571304005, 10.2855930497, 162.569535692, 10.2822686985, 5.49292854896e-05, 5.64598615664e-05, 0.387856511619, 0.00010036709651, 0.000105087142367, 0.948195856136, 58153.4240046, 58153.4243518, 282.280708048, 18.8501739758, 13.3385951951, -0.366846763411, 0.592946198473, 0.0385518056983, 0.0112611385877, 0.133348456756, 0.10703114314, 5.3397557706, 0.203330686159, -0.0668306126599, 0.229780402854, 0.99797380182, 0, 0.000000
66, 162.927059196, 10.2841742643, 162.923171262, 10.2885172933, 0.00030924019518, 0.000306106215625, 0.941089102619, 0.000308973653656, 0.000305833189248, 0.940973823014, 58153.4240046, 58153.4243518, 495.246144172, 20.960063498, 20.5844064637, 0.911110364921, 2.20814956011, 0.242417784349, 0.0430283764859, 0.304642674567, 0.269410411535, 5.97127243167, 0.181826606838, 0.252798306174, 0.325027513909, 1.29733886223, 1, 0.000000
67, 162.55046109, 10.284561434, 162.539053483, 10.2812082879, 0.00129876223616, 0.00131518227487, 0.94176350448, 0.00083620615539, 0.000800985079091, 0.537509080155, 58153.4240046, 58153.4243518, 826.028385933, 20.0252081209, 41.6443536453, 1.17359438443, 7.80602495036, 0.290750998403, 0.025191327775, 0.205937564995, 0.297120058681, 2.61569995299, 0.415084384399, -0.889663154175, 0.510465841602, 1.23961589151, 0, 0.000000
68, 162.445095259, 10.2785507312, 162.443062933, 10.2755917641, 0.000186082438009, 0.000182602710423, 0.994414712518, 0.00100277133228, 0.00102577015633, 0.999984088921, 58153.4240046, 58153.4243518, 247.411533808, 18.9450149347, 12.6956850585, 0.184230617008, 5.18461064134, 0.0106460559103, 0.00335476991627, 0.111083221832, 0.435726054882, 9.79462119518, 0.110850249655, 0.367898471597, 0.449605352228, 0.637059564372, 0, 0.000000
69, 162.474690165, 10.2780756706, 162.468960991, 10.2760124857, 0.000210060343238, 0.000203637291194, 0.604013615601, 0.000210244960792, 0.000203668226906, 0.604125221147, 58153.4240046, 58153.4243518, 603.406945979, 20.2486712761, 21.3393180622, 0.795689042422, 1.48267377788, 0.149034127209, 0.025392287814, 0.247634932434, 0.187097653294, 6.71524053429, 0.161682399791, 0.0763553638184, 0.247278649038, 1.34186651612, 0, 0.000000
70, 162.87088705, 10.2784615856, 162.862419816, 10.281304874, 0.000594942346724, 0.000551770540711, 0.591035824768, 0.000594942350761, 0.000551770544572, 0.59103583819, 58153.4240046, 58153.4243518, 802.70864724, 20.8509688045, 31.3078680863, 1.61480124023, 4.12736269028, 0.486773040145, 0.0574805048532, 0.208336955428, 0.307526866739, 6.00804858651, 0.18071361926, 0.286476174168, 0.356693406096, 1.36301284327, 0, 0.000000
71, 162.550700052, 10.2734625451, 162.54947887, 10.2761704669, 5.35321802697e-05, 5.62388160124e-05, 0.74176353594, 5.01124312053e-05, 4.99704557891e-05, 0.673314257145, 58153.4240046, 58153.4243518, 320.92711663, 20.4849918274, 10.5341800505, 0.397546103864, 0.374012677636, 0.0371772296902, 0.0130428442119, 0.15670412404, 0.0887621799894, 4.47051326017, 0.242866118848, -0.412280528019, 0.258578182144, 1.11478487851, 0, 0.000000
72, 162.940236819, 10.2755558653, 162.938770606, 10.27977384, 0.000219014886829, 0.000218450122745, 0.584949665413, 0.000222732382287, 0.000226187203643, 0.614672765841, 58153.4240046, 58153.4243518, 257.709092231, 21.1316940886, 15.8534798274, 0.337454430166, 1.58818556341, 0.0530175231344, 0.0117723244725, 0.197961486196, 0.162253046716, 4.1843595662, 0.259474882017, -0.195646043183, 0.30602821041, 1.14791574758, 0, 0.000000
73, 162.559699091, 10.2716514263, 162.55370653, 10.2699488737, 0.000161024916637, 0.0001627867823, 0.655994026214, 0.000146877132008, 0.000143893048817, 0.309170931355, 58153.4240046, 58153.4243518, 285.425003703, 21.1097298094, 21.8183249609, 0.404604806138, 1.09763427618, 0.0649002225016, 0.0105972566917, 0.132139987157, 0.155701847242, 6.2026093752, 0.175045072014, 0.386133683913, 0.234273008413, 1.15139187372, 1, 0.000000
74, 162.889971268, 10.2615060021, 162.887110515, 10.2619392342, 5.23440111815e-05, 4.9521966802e-05, 0.422035585918, 4.92674363073e-05, 4.71850995878e-05, 0.142190778274, 58153.4240046, 58153.4243518, 266.07745302, 21.5330292041, 10.1288730644, 0.306902038225, 0.360266857636, 0.0190657926759, 0.0065356275237, 0.0892215548916, 0.0638004270196, 6.72459089681, 0.161457584769, 0.114179673649, 0.173606008442, 1.0986064615, 3, 0.000000
75, 162.942511016, 10.2622416686, 162.938845357, 10.2573216651, 0.000152368488329, 0.000157965926686, 0.91848861042, 0.000152104959764, 0.000157714670281, 0.918049699547, 58153.4240046, 58153.4243518, 723.759204395, 23.3564719037, 21.688599998, 0.833112917433, 1.11114235534, 0.113667990151, 0.0190740581507, 0.190656093551, 0.136010126526, 3.56474660234, 0.30457598418, -0.712449444527, 0.333564513485, 1.09300155946, 0, 0.000000
76, 162.895120787, 10.2539720267, 162.893255758, 10.2513751881, 0.000124566301922, 0.000130485836179, 0.883529900509, 0.000126223650287, 0.000132294520223, 0.887694193361, 58153.4240046, 58153.4243518, 406.21222452, 17.3661524198, 11.3048401603, 0.667413190072, 0.923870553772, 0.118401205368, 0.038819294371, 0.324640556896, 0.178512432107, 4.42796603964, 0.245199758769, -0.368837823158, 0.303297890064, 1.14925545164, 0, 0.000000
77, 162.928000642, 10.2529023397, 162.927245151, 10.2463009659, 0.000229676800863, 0.000226176366352, 0.992719001347, 0.000287176714045, 0.000293184023405, 0.997070816758, 58153.4240046, 58153.4243518, 322.648145144, 20.8140616837, 23.6204984224, 0.191882770082, 1.85745891501, 0.0160428684549, 0.00232492423293, 0.100666048965, 0.111964590821, 10.4892445411, 0.103509475874, 0.491307397319, 0.152480428886, 0.829775752075, 7, 0.000000
78, 162.720976746, 10.2443702189, 162.71677622, 10.2494096675, 0.000145566223773, 0.000143293721104, 0.950788756673, 0.000142969591378, 0.000141111076988, 0.947786608046, 58153.4240046, 58153.4243518, 728.765880996, 14.2087513806, 23.1795781206, 0.575958729872, 1.02321936425, 0.0855905445713, 0.0129599593454, 0.35165155254, 0.146008772083, 11.3591575353, 0.0955824585918, 0.121521698078, 0.174512371813, 1.2175508325, 0, 0.000000
79, 162.914726174, 10.245735022, 162.905312688, 10.2496808907, 0.000192305801703, 0.000185743159132, 0.765524576919, 0.000177698870972, 0.000172258768312, 0.670085109726, 58153.4240046, 58153.4243518, 625.4630127, 19.4659713416, 35.8112731821, 0.561699460361, 1.29976438733, 0.0868306191617, 0.00858167977513, 0.171273996018, 0.151095282605, 7.34313079897, 0.147857396863, 0.0963830973815, 0.211403865226, 1.31821218216, 0, 0.000000
80, 162.701697104, 10.2108313773, 162.696002452, 10.2132927633, 0.000943305610517, 0.00091975607073, 0.949061634585, 0.000531653833366, 0.00052111667041, 0.127997427892, 58153.4240046, 58153.4243518, 266.086644197, 18.9821571711, 21.7681580099, 0.218247787745, 5.41026911598, 0.0230293517105, 0.00369503705331, 0.102234676939, 0.277932538158, 7.83059248399, 0.138653136015, 0.331493994525, 0.310598113152, 1.19312909097, 0, 0.000000
81, 162.684734933, 10.2039654971, 162.67843052, 10.2101399274, 0.000101029034998, 9.91056121916e-05, 0.977857291515, 9.85304609073e-05, 9.67096894966e-05, 0.976721306835, 58153.4240046, 58153.4243518, 904.525587166, 17.8869597956, 31.1302974825, 0.631226670222, 0.705904814126, 0.0545374423701, 0.00602766229571, 0.100851444464, 0.0821247283998, 15.0561750745, 0.0721123525322, 0.510706027517, 0.109291639216, 0.895697744641, 1, 0.000000
82, 162.716150164, 10.2081845209, 162.713072537, 10.206290132, 9.87247353743e-05, 9.91227699496e-05, 0.840563269251, 0.000101633066709, 0.000102358193218, 0.858274951341, 58153.4240046, 58153.4243518, 376.857741502, 18.2524726098, 12.7006145403, 0.459109068888, 0.726594880931, 0.0679705688014, 0.01876725215, 0.282782997879, 0.1424218723, 4.15349892214, 0.261402789579, -0.565091176705, 0.297683402475, 1.35417548079, 2, 0.000000
83, 162.697307588, 10.1959010417, 162.694563953, 10.2018539336, 0.000120538310569, 0.000117256103831, 0.66473719754, 0.000133273978871, 0.000132546628904, 0.782368964672, 58153.4240046, 58153.4243518, 402.227214268, 18.9286421879, 23.2462483944, 0.35502516258, 0.894194514587, 0.0435742546035, 0.00666449787282, 0.127021022035, 0.117368752943, 4.01352902047, 0.270519086624, -0.57950082392, 0.294883028327, 1.16848687868, 5, 0.000000
84, 162.609892027, 10.0753410207, 162.608784673, 10.0724679606, 0.000191494866962, 0.00021910342456, 0.608791327376, 0.00019149496131, 0.000219103862842, 0.608791813117, 58153.4240046, 58153.4243518, 678.907729143, 17.7587598386, 10.9264404173, 1.10272091059, 1.50443993635, 0.237976993429, 0.0874881711565, 0.567591866276, 0.232007305958, 7.18898581933, 0.151027729369, 3.71160485919e-05, 0.276833460868, 1.16441002455, 0, 0.000000
85, 162.590691634, 10.0748713086, 162.586729134, 10.073333299, 0.000320347264383, 0.000301481570248, 0.623684184553, 0.00032037026926, 0.000301500795712, 0.623781875502, 58153.4240046, 58153.4243518, 453.907296752, 16.3128878136, 14.9096490571, 0.936919762434, 2.2449025563, 0.290103877423, 0.073079149813, 0.477377476068, 0.321288351855, 5.81141405708, 0.186828230461, 0.107317947876, 0.371659780894, 1.34436848609, 6, 0.000000
86, 162.662083305, 10.0585446791, 162.660487551, 10.0625304358, 5.27023127646e-05, 5.21158079182e-05, 0.605683131649, 5.65523682219e-05, 5.80179036803e-05, 0.708536155448, 58153.4240046, 58153.4243518, 383.850404928, 18.2664726246, 15.2376752907, 0.355827657433, 0.388343694278, 0.0317843854604, 0.00797525690617, 0.169993688205, 0.0866107893514, 5.25868944551, 0.206465168938, -0.416969929099, 0.223895723087, 1.40250118646, 1, 0.000000
87, 162.371009313, 10.0551365343, 162.365919285, 10.0515831965, 0.000172904653187, 0.000169171526086, 0.997378418529, 0.000931331265714, 0.000951145896596, 0.99999338826, 58153.4240046, 58153.4243518, 329.44463976, 16.7032107953, 21.842845844, 0.145791879564, 4.80992116639, 0.0062954046116, 0.00117154125583, 0.0657566839763, 0.238629780896, 9.4179636301, 0.115283541899, 0.0601952334555, 0.265017862348, 1.13485715703, 2, 0.000000
88, 162.612549109, 10.0577695058, 162.609338247, 10.0557762614, 8.21682826037e-05, 8.42671261037e-05, 0.902267831249, 7.39958793523e-05, 7.19603662831e-05, 0.811467542229, 58153.4240046, 58153.4243518, 406.313902057, 15.2476559783, 13.2876916869, 0.424662516762, 0.554794482562, 0.0537912098861, 0.0143705638357, 0.284722302237, 0.122203581889, 8.68752966753, 0.124976402534, 0.0815995786334, 0.174793640093, 1.06229826499, 0, 0.000000
89, 162.384354279, 10.0514992534, 162.379714234, 10.0526683896, 0.000254961081497, 0.000234726749291, 0.470489391185, 0.000254846927713, 0.000234691066271, 0.470100911751, 58153.4240046, 58153.4243518, 507.936793639, 17.0485925412, 16.7678122001, 0.899354784662, 1.76339250043, 0.211626476959, 0.0468346870606, 0.343794029535, 0.240674208398, 8.45501689749, 0.128413250727, 0.437092993382, 0.272789364804, 1.20172698587, 0, 0.000000
90, 162.711245441, 10.0543375328, 162.708547426, 10.0506805177, 3.54865493634e-05, 3.80410589888e-05, 0.48462697247, 0.000124421572431, 0.000129448709422, 0.993941706942, 58153.4240046, 58153.4243518, 299.367863743, 16.2495175242, 16.0709872333, 0.261510763171, 0.66888081688, 0.0297768025917, 0.00650255785348, 0.189804793415, 0.106978588943, 6.08098750852, 0.17854603438, -0.19921901325, 0.208142030558, 1.51362158877, 0, 0.000000
91, 162.814302841, 10.0365814743, 162.809786045, 10.0356198511, 0.000257358985079, 0.000249972823435, 0.582700695067, 0.000351418601826, 0.000352715683905, 0.898800089766, 58153.4240046, 58153.4243518, 292.929169996, 15.7176987866, 16.1809876572, 0.296230508816, 2.19921736771, 0.0500222764805, 0.011070756818, 0.25985636472, 0.19388230608, 9.08637189802, 0.119490619242, 0.358237510802, 0.227746255069, 1.20291892279, 4, 0.000000
92, 162.753493197, 10.0358593179, 162.752092154, 10.0290575076, 0.000174258635591, 0.000182366781129, 0.400914510825, 0.000173785360264, 0.00018216969395, 0.389336026015, 58153.4240046, 58153.4243518, 616.844263117, 14.2363134249, 24.6803214656, 0.648295629702, 1.27465443873, 0.108924776316, 0.015794512391, 0.275652531337, 0.167390823168, 7.00813626567, 0.154925098999, -0.182785547936, 0.228082164978, 1.1282208411, 0, 0.000000
93, 162.74138469, 10.0278644883, 162.737219817, 10.0298896995, 5.13751011799e-05, 5.06244890375e-05, 0.769878490242, 6.3785579565e-05, 5.68400016426e-05, 0.836275027725, 58153.4240046, 58153.4243518, 327.582315756, 18.8859009008, 16.2689692739, 0.211451569804, 0.403514024209, 0.0540799757684, 0.00367968517464, 0.107638905763, 0.0508041872946, 7.63659122105, 0.142175503877, -0.0869658934326, 0.150979930287, 0.836600968442, 3, 0.001000
94, 162.738936144, 10.0273722736, 162.735289412, 10.0289408526, 0.000306819334408, 0.000282244354149, 0.694459321236, 0.000306705202352, 0.000282128387126, 0.693959767332, 58153.4240046, 58153.4243518, 405.142321326, 18.7036641142, 13.9377193419, 0.916500022219, 2.12850516101, 0.280227865178, 0.0760660579917, 0.408915921155, 0.315790981464, 9.84198599353, 0.110316780116, 0.866627143604, 0.334505210646, 1.06682112578, 0, 0.000000
