\
\ strid, ra1, dec1, ra2, dec2, ra1_err, dec1_err, corr1, ra2_err, dec2_err, corr2, start_mjd, end_mjd, flux, bg, length, sigma, length_err, sigma_err, pa_err, bg_err, fit_mag_err, ap_snr, ap_mag_err, dmag, dmag_err, chi2, numfit, prob
\ null, deg, deg, deg, deg, deg, deg, null, deg, deg, null, days, days, dn, dn, pixels, pixels, pixels, pixels, deg, dn, mag, null, mag, mag, mag, null, null, null
\
1, 163.750065951, 10.9952341814, 163.735846234, 10.9906927211, 0.000298041797113, 0.000265504419487, 0.386791311877, 0.000327050288632, 0.000301974505477, 0.661120604396, 58153.4452315, 58153.4455787, 7406.41151802, -0.210791064533, 52.1722656803, 4.19779317156, 2.18712080978, 0.297323242055, 0.0209040351591, 0.226393841149, 0.0833247936195, 90.5531294843, 0.0119900461855, -0.0270506461583, 0.0841830294017, 1.21087515275, 0, 0.015000
2, 163.731642281, 10.9887018303, 163.714926244, 10.9793569631, 0.000235323404572, 0.000197730248678, 0.579183664775, 0.000301126595826, 0.00028680323761, 0.866717376111, 58153.4452315, 58153.4455787, 39565.5422664, 1.8023004053, 67.1171814228, 9.83253652783, 1.95935885287, 0.309124014521, 0.0193092269518, 0.198077195068, 0.0426239037818, 157.15101161, 0.00690887187832, -0.0896298093112, 0.0431802001412, 1.25487065822, 0, 0.013000
3, 163.726712105, 10.9773467079, 163.702662911, 10.9753872146, 3.55243678439e-05, 3.36406830324e-05, 0.148012613768, 3.55243678267e-05, 3.36406829537e-05, 0.148012587657, 58153.4452315, 58153.4455787, 28625.6848089, 7.48134987836, 84.2041549412, 3.1861438916, 0.247798492759, 0.0250431886177, 0.00108690523827, 0.0182087285681, 0.0077510151201, 70.0567099774, 0.0154979616529, -0.459218386911, 0.0173281577436, 1.1816234768, 0, 0.050000
4, 163.757902111, 10.96471093, 163.715171274, 10.9524396242, 5.03467554573e-05, 4.79910305957e-05, 0.486272486613, 5.10022942514e-05, 4.87468531472e-05, 0.526635577959, 58153.4452315, 58153.4455787, 190894.082579, 6.95336191909, 155.35317134, -6.40271123276, 0.355367506435, 0.0371456087252, 0.000871514734637, 0.0425331291037, 0.00582754427062, 490.70982401, 0.00221258298007, 0.663040119175, 0.00623344171945, 2.77853033348, 6, 0.018000
5, 163.678789982, 10.9728605079, 163.667436, 10.9708578444, 0.00131979447621, 0.00127201126307, 0.905460935078, 0.0018023540306, 0.00180573651815, 0.975322242065, 58153.4452315, 58153.4455787, 3071.35547398, -2.09180869827, 40.2530643572, 1.82878833747, 11.258623088, 0.170630493426, 0.0157669159659, 0.362687397024, 0.305051706181, 129.948400486, 0.00835513327363, -0.0472009281842, 0.305166105091, 1.12628833364, 1, 0.049000
6, 163.714212261, 10.9630558864, 163.709859552, 10.9642001645, 9.87349462151e-05, 8.98550534615e-05, 0.474122627475, 9.87363118003e-05, 8.98557590243e-05, 0.474143158112, 58153.4452315, 58153.4455787, 1014.70207018, 10.6161931574, 15.7246404421, 1.02849754827, 0.681452167737, 0.089166279734, 0.021530538679, 0.205674662841, 0.0891311138216, 3.94779034635, 0.275023775202, -1.31967212459, 0.289106264853, 1.07773098098, 0, 0.000000
7, 163.776787925, 10.9625395588, 163.761753441, 10.9582270703, 0.000110956464871, 0.000105356909759, 0.504333303304, 0.000110956464702, 0.000105356909497, 0.504333296803, 58153.4452315, 58153.4455787, 5795.52924234, 4.04448400928, 54.6537947551, 2.43340662341, 0.776571421166, 0.0853595835094, 0.00572030985973, 0.0619106373207, 0.0354081260305, 3.94116773127, 0.275485916558, -2.69020257473, 0.277752093801, 0.954559409779, 0, 0.005000
8, 163.672681543, 10.9416947865, 163.6653776, 10.9393755547, 0.000359652057141, 0.000329536288156, 0.096867830476, 0.000463571597683, 0.000449945396727, 0.815999424935, 58153.4452315, 58153.4455787, 1321.21655734, 4.71114943569, 26.788459514, 1.54090872877, 2.94602698348, 0.256773495142, 0.0340886100748, 0.538881562606, 0.203768425141, 19.3741095272, 0.0560405732833, -0.0398034400294, 0.211334135762, 1.13812536377, 0, 0.000000
9, 163.736267374, 10.9354403996, 163.723635833, 10.9317885349, 0.00035462875614, 0.000342589194825, 0.772218371591, 0.000287697199563, 0.000264438736217, 0.09365377529, 58153.4452315, 58153.4455787, 4146.64991178, 1.91378645928, 45.9513957344, 2.57177539631, 2.28080745215, 0.219069914478, 0.0170393111544, 0.274376170456, 0.0993933755423, 44.7417932563, 0.0242667118535, -0.0325995736995, 0.102312835978, 1.24369307082, 0, 0.113000
10, 163.712582754, 10.9281092071, 163.708468157, 10.9264477599, 0.000161827833577, 0.000145273669826, 0.627794591985, 0.000161827833424, 0.000145273669386, 0.627794587439, 58153.4452315, 58153.4455787, 1213.98846084, 4.29409202475, 15.52582304, 1.52283340452, 1.12348408017, 0.176300712066, 0.0452084530141, 0.304695931487, 0.125018990104, 17.0578274265, 0.0636503217915, 0.00425825675054, 0.140289384312, 1.26487316373, 0, 0.000000
11, 163.69144304, 10.9271290213, 163.686415968, 10.925155345, 0.00013260009605, 0.000123287189803, 0.632228634507, 0.000132600092212, 0.000123287184395, 0.63222856623, 58153.4452315, 58153.4455787, 1228.23616972, 5.4761314353, 18.8940669854, 1.31036842276, 0.925875270885, 0.125257315807, 0.0251209946265, 0.236968735165, 0.100220785479, 15.5930687049, 0.069629411972, -0.0553653710955, 0.122034670703, 1.15531592751, 0, 0.000000
12, 163.685944495, 10.9204125914, 163.665216129, 10.9148394633, 0.000281670038329, 0.000249575809336, 0.203064768823, 0.000318210673906, 0.000295365730745, 0.667674845094, 58153.4452315, 58153.4455787, 16199.9636878, 1.2542080246, 75.0044364312, 5.81093730001, 2.10235680524, 0.265281087232, 0.0128387331689, 0.169985873226, 0.0548549264705, 99.4439716219, 0.010918069613, -0.0328242376309, 0.0559309145479, 1.17547002304, 0, 0.009000
13, 163.471381303, 10.8332036768, 163.461752564, 10.8315722579, 1.11547929022e-05, 1.0616725768e-05, 0.310302759938, 1.11547944288e-05, 1.06167270672e-05, 0.310303380282, 58153.4452315, 58153.4455787, 14921.5123652, 0.259760731765, 34.1158094164, 1.27113774468, 0.0779950789271, 0.0078428073639, 0.00083726697941, 0.0610863912683, 0.00611117683566, 123.351679982, 0.00880195717572, 0.0428693701377, 0.0107154529741, 1.25757568472, 0, 0.921000
