\
\ strid, ra1, dec1, ra2, dec2, ra1_err, dec1_err, corr1, ra2_err, dec2_err, corr2, start_mjd, end_mjd, flux, bg, length, sigma, length_err, sigma_err, pa_err, bg_err, fit_mag_err, ap_snr, ap_mag_err, dmag, dmag_err, chi2, numfit, prob
\ null, deg, deg, deg, deg, deg, deg, null, deg, deg, null, days, days, dn, dn, pixels, pixels, pixels, pixels, deg, dn, mag, null, mag, mag, mag, null, null, null
\
1, 209.478783552, 55.2908672117, 209.440767241, 55.2820407794, 2.56432319662e-05, 2.7169838522e-05, 0.603964695428, 2.56441576472e-05, 2.71713191613e-05, 0.60406453622, 58234.304456, 58234.3048032, 9323.0289014, 0.190967218024, 83.1296265364, 0.993863268773, 0.188237540894, 0.0108905242951, 0.000459965486049, 0.0298497859629, 0.010523080057, 99.8417024592, 0.0108745762343, 0.107740070415, 0.0151324691363, 1.29924348054, 0, 0.760000
2, 209.436044487, 55.2825462621, 209.34478796, 55.261485159, 1.65403670001e-05, 1.76658810932e-05, 0.603078880852, 1.65404425691e-05, 1.76659410878e-05, 0.603084729527, 58234.304456, 58234.3048032, 22334.1892095, 0.185522390528, 199.436594931, -1.01256139146, 0.121778103346, 0.00460091717402, 8.03742820525e-05, 0.00771892895174, 0.00431030583559, 153.773659998, 0.00706061236215, 0.0944247114032, 0.00827230217804, 1.3929616217, 0, 0.013000
3, 209.329420715, 55.2582510083, 209.297955669, 55.2511173282, 5.18757080313e-05, 5.44929586936e-05, 0.584865468073, 5.18755977238e-05, 5.44928308943e-05, 0.584861094245, 58234.304456, 58234.3048032, 8046.32746512, 0.34653740863, 68.6194295547, 1.14543433987, 0.379502287336, 0.0260840509488, 0.00133200280397, 0.101492503737, 0.0223595142228, 91.0607568037, 0.0119232064708, 0.101321021648, 0.0253399038835, 1.00146441826, 0, 0.984000
4, 209.294976562, 55.2502259429, 209.278777942, 55.2463685775, 8.28063081456e-05, 8.54221546316e-05, 0.547979095796, 8.68385330957e-05, 9.12823945862e-05, 0.663286786668, 58234.304456, 58234.3048032, 4102.56999207, 0.945496211155, 35.5787958085, 0.993590028206, 0.623090005064, 0.0442683604161, 0.0043505805592, 0.353700871238, 0.0468474795786, 61.3243304209, 0.0177048195603, 0.0504331126003, 0.05008140352, 1.12019905276, 1, 0.160000
5, 209.26761868, 55.2434471627, 209.196283713, 55.226731448, 2.12978526711e-05, 2.27080981788e-05, 0.606376573866, 2.12980498691e-05, 2.27083551375e-05, 0.606397065824, 58234.304456, 58234.3048032, 17481.8312726, 0.192786068043, 156.35345354, 1.07747035856, 0.156712520597, 0.00689543647399, 0.000153942405128, 0.0123866059302, 0.00609198795719, 129.540825663, 0.00838142106321, -0.00440275774475, 0.0103614929575, 1.04735603665, 0, 0.045000
6, 209.18670012, 55.2245616873, 209.14400812, 55.2144564817, 3.06852733314e-05, 3.25918140582e-05, 0.608088574471, 3.06894611008e-05, 3.25971797342e-05, 0.608381679128, 58234.304456, 58234.3048032, 9614.78003424, 0.230930450051, 93.7403079071, 0.967567272163, 0.225488684532, 0.0121438824303, 0.000453367403844, 0.0352039882671, 0.0120487280406, 105.805760062, 0.0102615982733, 0.205608645867, 0.0158263150013, 1.35135490636, 0, 0.528000
7, 209.134897488, 55.2125490996, 209.101639907, 55.2048016913, 3.75739864045e-05, 3.97119888429e-05, 0.596722654759, 3.75725873645e-05, 3.97104501016e-05, 0.596652772386, 58234.304456, 58234.3048032, 7686.2907557, 0.537726775523, 72.8723438626, 0.956774365685, 0.275527042248, 0.0167506626673, 0.000805452817895, 0.0650940089343, 0.0169557946852, 90.8634561176, 0.0119490964921, 0.170217930641, 0.0207431887709, 1.2925158478, 0, 0.664000
8, 209.067623027, 55.1966835283, 209.040803693, 55.1902571738, 4.52290739765e-05, 4.7727411503e-05, 0.609113172701, 4.52253358185e-05, 4.77224000177e-05, 0.608928646205, 58234.304456, 58234.3048032, 6120.07015449, 0.532264024578, 59.0268709338, 0.929742351031, 0.331579740693, 0.022126213179, 0.00131301220124, 0.11054075002, 0.0232923494849, 78.4545205879, 0.0138390521875, 0.10278757635, 0.027093410822, 1.24426051369, 0, 0.846000
