\
\ strid, ra1, dec1, ra2, dec2, ra1_err, dec1_err, corr1, ra2_err, dec2_err, corr2, start_mjd, end_mjd, flux, bg, length, sigma, length_err, sigma_err, pa_err, bg_err, fit_mag_err, ap_snr, ap_mag_err, dmag, dmag_err, chi2, numfit, prob
\ null, deg, deg, deg, deg, deg, deg, null, deg, deg, null, days, days, dn, dn, pixels, pixels, pixels, pixels, deg, dn, mag, null, mag, mag, mag, null, null, null
\
1, 152.050107796, 12.2172841799, 152.048975333, 12.2146701956, 9.90123740997e-05, 0.000108273991612, 0.649289683815, 9.90971936895e-05, 0.000108322327671, 0.650504286504, 58183.2909954, 58183.2913426, 315.294078724, 14.1616785601, 10.0930059988, 0.851857851642, 0.753112013749, 0.109577689599, 0.0429111394461, 0.121659479274, 0.133019705535, 7.09896099488, 0.152942973703, 0.489103281331, 0.202696312906, 1.12526260338, 0, 0.000000
2, 152.019639752, 12.2152120871, 152.016663835, 12.2088072859, 0.000646772756398, 0.000680922451623, 0.700595349123, 0.00065096409359, 0.000684563154308, 0.708381668747, 58183.2909954, 58183.2913426, 330.470171074, 13.9348158002, 25.0104960193, 1.33910672918, 4.79582641824, 0.57785975374, 0.0849002450428, 0.237530258284, 0.448721598347, 2.2438023249, 0.483882288876, -0.349172668498, 0.65991904224, 1.31704692776, 8, 0.000000
3, 152.125514175, 12.2130265937, 152.11765466, 12.2090003949, 0.00013861107571, 0.000136533173315, 0.821743135714, 0.000138152507217, 0.000134637337225, 0.807997545334, 58183.2909954, 58183.2913426, 250.730204905, 16.9436301853, 30.8362290358, 0.489011391947, 0.977112921411, 0.0620447754711, 0.00728949360132, 0.045800243554, 0.123823065595, 5.80956233324, 0.186887779575, 0.599539860183, 0.224185623374, 1.08846185977, 2, 0.000000
4, 152.203120038, 12.2057676307, 152.196651843, 12.2017072741, 0.000282400145716, 0.000274745348809, 0.878991291421, 0.000282587395273, 0.000274915617003, 0.879238417403, 58183.2909954, 58183.2913426, 379.278068183, 12.687846411, 26.7137860892, 0.909670308574, 1.99500340049, 0.192981640715, 0.0260768579893, 0.123735636765, 0.211019210613, 5.48898054566, 0.197802888118, 0.281235434992, 0.289231896228, 1.26254560426, 0, 0.000000
5, 151.89555254, 12.149677714, 151.892207246, 12.1455255153, 0.00017421811027, 0.000173635247958, 0.989271754885, 8.3789282959e-05, 8.15277754945e-05, 0.856912898792, 58183.2909954, 58183.2913426, 232.822199763, 15.9607962256, 18.7908299173, 0.307966805456, 0.976118137111, 0.030574302491, 0.00583455507666, 0.111166151211, 0.100585753728, 7.32229721509, 0.148278084441, 0.437575392434, 0.179175568029, 0.916067597097, 5, 0.000000
6, 151.885813626, 12.1504858891, 151.882084491, 12.1451166994, 0.00085263308216, 0.000902685327518, 0.960905170092, 0.000446537555182, 0.000470802403398, 0.71111478055, 58183.2909954, 58183.2913426, 570.22169637, 13.1745326844, 23.072976062, 1.76913318378, 5.05950514253, 0.483991628044, 0.0881134787631, 0.233304732634, 0.337799999705, 9.91527237159, 0.109501399868, 0.70186888083, 0.355104768165, 1.25181467289, 0, 0.000000
7, 151.882453309, 12.1330014283, 151.877881841, 12.1226087787, 0.00047572622593, 0.000488897453565, 0.695769171049, 0.000475726145682, 0.000488897357596, 0.695768956205, 58183.2909954, 58183.2913426, 435.090634575, 16.0408599216, 40.2217370437, 1.24760163122, 3.44993613851, 0.317925537895, 0.0285378847562, 0.0613175000942, 0.250477514536, 6.27917911732, 0.172910532487, 0.762683248342, 0.304363331453, 1.17941097672, 0, 0.000000
8, 151.85839834, 12.1036108636, 151.857097718, 12.0953230033, 0.000201520511525, 0.000208357299433, 0.277602017446, 0.000202083070312, 0.000208701356807, 0.294218090326, 58183.2909954, 58183.2913426, 412.492985811, 14.4083147333, 29.8133336808, 0.699611078556, 1.46583530309, 0.117381421568, 0.0143117980744, 0.132812791774, 0.167263073482, 5.53898951522, 0.196017017504, 0.113935667137, 0.257681211775, 1.19877343686, 0, 0.000000
9, 151.837508282, 12.0719429721, 151.83452353, 12.0734442735, 8.1973432365e-05, 8.03221824497e-05, 0.86010793931, 6.81601272207e-05, 6.67952492018e-05, 0.70179552066, 58183.2909954, 58183.2913426, 212.277003016, 12.3640620482, 11.6715808848, 0.349167117414, 0.538905983009, 0.0396942998939, 0.0102032574469, 0.120677012915, 0.0989594338917, 5.6471888832, 0.192261358211, 0.024511265022, 0.21623459348, 1.22582921167, 0, 0.000000
10, 151.838652087, 12.0641737322, 151.836204222, 12.0595655689, 3.49395547096e-05, 3.54729122113e-05, 0.363104457607, 6.17868739134e-05, 6.18898765966e-05, 0.946371082043, 58183.2909954, 58183.2913426, 327.732384495, 15.8364358457, 18.4610808497, 0.361845279588, 0.359144097913, 0.0210220438933, 0.00366519026016, 0.0497693829488, 0.0531385429926, 7.34299918466, 0.147860047026, 0.156803478118, 0.15711873936, 1.14700933143, 0, 0.000000
11, 151.82180815, 12.0441370731, 151.82519609, 12.0463593738, 0.000521451000195, 0.000481387396512, 0.816617974359, 0.000520272097981, 0.000479853625368, 0.815033259152, 58183.2909954, 58183.2913426, 393.036460614, 15.1549485578, -14.1822605033, 1.68248673723, 3.69591490393, 0.626966697258, 0.181547818647, 0.357290714419, 0.414682439542, 3.4238116917, 0.317113294341, -0.0729188408887, 0.522036748815, 1.28924591844, 0, 0.000000
12, 151.805636621, 12.0309331444, 151.802522365, 12.0410508898, 0.000211288740749, 0.000217823339026, 0.545012866001, 0.000211253938533, 0.000217859142381, 0.544533668064, 58183.2909954, 58183.2913426, 406.380053112, 15.0519941359, 37.5736653629, 0.810215566199, 1.53175495139, 0.118771458298, 0.0112310168462, 0.0534873952923, 0.142495252169, 2.6039462763, 0.416957989741, -0.473458587157, 0.440634612916, 1.15896167739, 1, 0.000000
13, 151.807831989, 12.035323656, 151.808898539, 12.0400301017, 0.000426795712622, 0.000464455190347, 0.670413773491, 0.000354795729848, 0.00040732826866, 0.00208047424408, 58183.2909954, 58183.2913426, 597.014193447, 14.9334172003, 17.1389105637, 1.50732808351, 3.04581648471, 0.362899996195, 0.0827995312474, 0.334123889493, 0.277993397452, 4.82938231551, 0.224818855461, -0.191228332425, 0.357524610059, 1.26341540462, 0, 0.000000
14, 151.802474608, 12.0239164052, 151.797400049, 12.0118082694, 0.000178434815087, 0.000181920359725, 0.679046993929, 0.000178439644446, 0.000181925868744, 0.679085492425, 58183.2909954, 58183.2913426, 638.789959339, 16.3527406124, 46.5201731389, 1.05535448206, 1.2864347932, 0.101847353286, 0.00780880452686, 0.0312217855248, 0.0938253378659, 3.80636589435, 0.285242206055, -0.248814489283, 0.300277055635, 1.1828502991, 2, 0.000000
15, 151.785759897, 11.9770686834, 151.782066488, 11.9832614668, 0.000199615410755, 0.000205343239112, 0.844459252241, 0.000199719891583, 0.000205437731663, 0.844776637792, 58183.2909954, 58183.2913426, 491.619666757, 13.7633991166, 25.4960281017, 0.769935003146, 1.44927948201, 0.133465825904, 0.0186169544264, 0.204554792211, 0.173361315252, 4.42086997546, 0.245593335879, -0.327584848797, 0.300616420466, 1.33357414065, 0, 0.000000
16, 151.77898876, 11.9761181308, 151.77644047, 11.9723450007, 0.000331979590428, 0.000341986702848, 0.859964339746, 0.000331760197725, 0.000341777183838, 0.859671221771, 58183.2909954, 58183.2913426, 285.80488235, 12.655777639, 16.0743286189, 0.922062648055, 2.42755769103, 0.301491247907, 0.0697177486522, 0.30918628822, 0.338092840618, 3.76316576895, 0.288516709447, 0.00221225374229, 0.444464464842, 1.32824603613, 0, 0.000000
17, 151.775700514, 11.9132071564, 151.770289849, 11.9163385455, 6.75235112053e-05, 6.79832713393e-05, 0.775660532396, 8.32197030654e-05, 8.344334083e-05, 0.898490364253, 58183.2909954, 58183.2913426, 246.645713962, 12.7515841295, 21.873399928, 0.354221208511, 0.541293178895, 0.0383636819455, 0.00621817689068, 0.0897855339171, 0.103909736051, 4.68441866417, 0.23177608207, -0.106957293354, 0.254002727281, 1.04247802905, 4, 0.000000
18, 151.777245991, 11.8851715186, 151.770757851, 11.8886212952, 0.000206691310758, 0.000204170845368, 0.825527978772, 0.00020212277488, 0.000204021964292, 0.831142162885, 58183.2909954, 58183.2913426, 210.454007825, 13.2162677513, 25.6957480119, 0.371228962134, 1.45674665866, 0.0675172176777, 0.0089138325453, 0.134137415606, 0.172225097446, 4.26873889817, 0.254345892465, 0.0693580844559, 0.307169850741, 1.25101282934, 7, 0.000000
