\
\ strid, ra1, dec1, ra2, dec2, ra1_err, dec1_err, corr1, ra2_err, dec2_err, corr2, start_mjd, end_mjd, flux, bg, length, sigma, length_err, sigma_err, pa_err, bg_err, fit_mag_err, ap_snr, ap_mag_err, dmag, dmag_err, chi2, numfit, prob
\ null, deg, deg, deg, deg, deg, deg, null, deg, deg, null, days, days, dn, dn, pixels, pixels, pixels, pixels, deg, dn, mag, null, mag, mag, mag, null, null, null
\
1, 163.359706415, 11.5430838866, 163.358305468, 11.54700742, 0.000104567509366, 0.000104860798826, 0.512195452945, 0.000112181287292, 0.000113698266312, 0.652047073397, 58153.4566088, 58153.456956, 217.387083848, 0.947115704324, 14.7829833224, 0.312216443466, 0.783764353698, 0.0436556631956, 0.0105374607904, 0.138906073888, 0.135380344785, 13.651945485, 0.0795297788107, 0.193368349392, 0.15701217619, 1.03227701347, 0, 0.000000
2, 163.742655024, 10.9891953264, 163.732661758, 10.9849535906, 0.000105612825259, 0.000100157231723, 0.677117676986, 0.000105612825027, 0.000100157231334, 0.677117671592, 58153.4566088, 58153.456956, 5384.49960053, 5.99864907369, 37.9871908447, 2.17444862118, 0.741082416981, 0.0913192772311, 0.0090061444804, 0.101844180237, 0.0427927171395, 57.3305535057, 0.0189381776098, 0.543649150888, 0.0467960597846, 1.5157274841, 0, 0.038000
3, 163.742155746, 10.9869173274, 163.739276961, 10.9859395833, 4.29303810443e-05, 4.03012851725e-05, 0.56398236515, 4.22618601115e-05, 3.99658128213e-05, 0.548878898533, 58153.4566088, 58153.456956, 201.77492923, 11.8894388163, 10.6285714948, 0.28136105327, 0.305220918494, 0.0270283603063, 0.0104899433508, 0.16460290917, 0.0934974193255, 8.65325599614, 0.125471406976, 0.379948623814, 0.156476328526, 0.654883004751, 0, 0.000000
4, 163.734806358, 10.9755086831, 163.710872544, 10.9735289401, 3.37303767389e-05, 3.1966880947e-05, 0.150524429562, 3.37303767169e-05, 3.1966880871e-05, 0.150524403446, 58153.4566088, 58153.456956, 29838.0234031, 7.79479648294, 83.8087441475, 3.13039538719, 0.235334919934, 0.0236387438772, 0.0010299887383, 0.0187089599258, 0.00744325627483, 71.351082167, 0.015216814823, -0.474072067556, 0.016939702398, 1.13447099719, 0, 0.052000
5, 163.761036771, 10.9635100447, 163.711018369, 10.9439571909, 9.15643742682e-05, 8.10501316604e-05, 0.572684363787, 9.48687291928e-05, 8.54238332534e-05, 0.652199042398, 58153.4566088, 58153.456956, 482099.908609, 3.07877203564, 187.865613913, 19.128224613, 0.648595992766, 0.10112759898, 0.00212971533263, 0.0450655607132, 0.00589069401037, 581.933258728, 0.00186574008011, 0.0970973851204, 0.00617909879921, 1.53779461001, 0, 0.004000
6, 163.288234325, 10.9608039534, 163.287599296, 10.9699109672, 0.000196635865664, 0.000203171132061, 0.465768549649, 0.000212199004818, 0.000212174389142, 0.634259500717, 58153.4566088, 58153.456956, 212.786889025, 0.0232058319007, 32.4480440737, -0.354278122157, 1.46947564812, 0.0804512589659, 0.00952556654055, 0.0893815507974, 0.218636026064, 14.5579764639, 0.0745801593684, 0.0235523737584, 0.231006303084, 3.59863565763, 6, 0.000000
7, 163.73612704, 10.972962798, 163.729583171, 10.9705775459, 0.000673066717635, 0.000674836703054, 0.958982478276, 0.000385783569328, 0.000355670598785, 0.459247510718, 58153.4566088, 58153.456956, 1292.84007934, 10.4386237379, 24.3564809238, 1.48495805729, 3.9247195681, 0.205856901575, 0.0326744133827, 0.312673237754, 0.203824000311, 13.2662104255, 0.0818422269764, 0.0268550162846, 0.219641465163, 1.12574844419, 1, 0.000000
8, 163.733298304, 10.9660405302, 163.729694854, 10.9643320756, 0.000124767168901, 0.000115934220621, 0.710207659399, 0.000124766923579, 0.000115933958784, 0.710205298012, 58153.4566088, 58153.456956, 721.692144457, 11.1821044754, 13.9631775645, 1.14476435389, 0.873868653483, 0.126343099965, 0.0353284717508, 0.196543215619, 0.115467648449, 7.80075502094, 0.139183476708, -0.22212599075, 0.180844734584, 0.997119759406, 0, 0.000000
9, 163.722248002, 10.9617264598, 163.717334715, 10.9635561804, 0.000113783111668, 0.000105285821803, 0.627988271335, 0.000113783293181, 0.000105286037303, 0.62799163939, 58153.4566088, 58153.456956, 975.520776139, 13.5473800799, 18.3373397656, 1.11015013344, 0.789998997036, 0.0996887815927, 0.0205187399874, 0.145623462694, 0.0914920995362, 2.70101996975, 0.401972668444, -1.46866813886, 0.412253357116, 0.975806857151, 0, 0.000000
10, 163.783510967, 10.9595096419, 163.770676463, 10.9556936253, 0.000143943452831, 0.000134054522693, 0.512736912427, 0.000143943452645, 0.000134054522332, 0.512736905801, 58153.4566088, 58153.456956, 5717.35909793, 3.42516154939, 46.7938658376, 2.74641109898, 1.00263378558, 0.125913712671, 0.0100139195714, 0.102937259715, 0.0475757946001, 12.4855177719, 0.086959645935, -1.44226676414, 0.0991233385887, 0.983926478586, 0, 0.026000
11, 163.696938602, 10.9539950114, 163.690478884, 10.9509438797, 0.000298149492367, 0.000260014636222, 0.676215042783, 0.000298149492664, 0.000260014635543, 0.6762150397, 58153.4566088, 58153.456956, 3513.52836474, 6.26525334342, 25.0143778651, 3.33667620606, 2.07781680811, 0.367299841176, 0.0621870765725, 0.258477451695, 0.12349585411, 23.4487457993, 0.0463025278219, 0.0581457728868, 0.13189067467, 1.28922789132, 0, 0.006000
12, 163.673748541, 10.9450899232, 163.658934311, 10.9395412099, 0.000109888089186, 0.000106095900338, 0.631055319955, 0.000109888089074, 0.000106095900168, 0.631055317162, 58153.4566088, 58153.456956, 6048.8111834, 1.33768424697, 55.3312958198, 2.05067569984, 0.773989356438, 0.0783529538903, 0.00510293502649, 0.0966634021549, 0.038577424808, 73.500710761, 0.0147717783069, 0.313193264046, 0.0413088748233, 1.19795202938, 0, 0.121000
13, 163.690113644, 10.9436189783, 163.682250451, 10.941325475, 0.000117560719296, 0.000111268573162, 0.509652541055, 0.000117560720558, 0.000111268573846, 0.509652555365, 58153.4566088, 58153.456956, 1777.84523715, 7.18937121268, 28.6253588539, 1.35389863299, 0.822008687418, 0.0928051244633, 0.011943132646, 0.119335679091, 0.069203651012, 30.0682075157, 0.0361091097363, 0.621283269487, 0.0780577550236, 1.2004018796, 0, 0.003000
14, 163.696574026, 10.9156525861, 163.671535951, 10.9108640057, 0.000309669615834, 0.000282976251281, 0.161915394562, 0.000328739706369, 0.00030652128099, 0.505215577056, 58153.4566088, 58153.456956, 16495.6646042, 1.87247345115, 89.0262948173, 5.3366250582, 2.22611026433, 0.257682055711, 0.0106155829866, 0.114982034867, 0.0524916356143, 81.388794942, 0.0133401189381, -0.0552690782144, 0.0541602306379, 1.16164701842, 0, 0.011000
15, 163.79249875, 10.8883037252, 163.782452948, 10.8866939002, 1.29656691832e-05, 1.23610984142e-05, 0.296282321775, 1.29656710508e-05, 1.2361099638e-05, 0.296282849768, 58153.4566088, 58153.456956, 14747.3102465, -0.408216495841, 35.5262598197, 1.26875319482, 0.0906999828287, 0.00894895626863, 0.000914054221315, 0.072976769646, 0.00699136818417, 125.439314528, 0.00865546984888, 0.0337976030579, 0.0111263824935, 1.2306033584, 0, 0.985000
