\
\ strid, ra1, dec1, ra2, dec2, ra1_err, dec1_err, corr1, ra2_err, dec2_err, corr2, start_mjd, end_mjd, flux, bg, length, sigma, length_err, sigma_err, pa_err, bg_err, fit_mag_err, ap_snr, ap_mag_err, dmag, dmag_err, chi2, numfit, prob
\ null, deg, deg, deg, deg, deg, deg, null, deg, deg, null, days, days, dn, dn, pixels, pixels, pixels, pixels, deg, dn, mag, null, mag, mag, mag, null, null, null
\
1, 149.491081962, 29.0567916536, 149.48570823, 29.0609571766, 3.484046203e-05, 3.60056208806e-05, 0.937179745244, 0.000816554668557, 0.000790163610684, 0.999995132787, 58154.34875, 58154.3490972, 741.439143714, 37.8165817055, 22.3168322415, 0.149583061146, 4.04363620688, 0.00628526223176, 0.000931146488287, 0.155518851883, 0.199312199587, 16.2938665873, 0.0666346566018, 0.26368664065, 0.21015596676, 0.641957701216, 0, 0.000000
2, 149.596848267, 29.0600622547, 149.592816697, 29.0553672955, 6.6233603521e-05, 7.04672192919e-05, 0.580025596524, 0.000234527805374, 0.000241178453172, 0.997256806861, 58154.34875, 58154.3490972, 588.814590428, 38.8339335449, 20.8661108017, 0.213686969099, 1.26136998098, 0.0201760415546, 0.00387365968955, 0.232809001521, 0.0982420873768, 7.97304220381, 0.136175900867, -0.19141139511, 0.167914810869, 1.27345469013, 0, 0.000000
3, 149.563710164, 29.0589561263, 149.560053158, 29.056149663, 0.000236394899228, 0.00024440178659, 0.999541571779, 2.87248544183e-05, 2.7836938279e-05, 0.0116417561337, 58154.34875, 58154.3490972, 622.727993246, 38.78805193, 15.1210332445, 0.216733724023, 1.21681953508, 0.0181685672738, 0.00410633789137, 0.321617165772, 0.116973119977, 13.7208370489, 0.0791304641903, 0.271846931564, 0.141224435422, 0.877166840092, 4, 0.000000
4, 149.823900707, 29.0578417489, 149.818967434, 29.0595894703, 8.11078488723e-05, 7.84822452415e-05, 0.18621471875, 0.000132251695769, 0.000124670484148, 0.91220402079, 58154.34875, 58154.3490972, 695.813383906, 32.6321432407, 16.539158496, 0.4002915404, 0.763740510689, 0.0546027338759, 0.0115703974592, 0.358166983244, 0.130987957112, 7.36037931307, 0.147510903797, -0.269724855991, 0.19727471112, 1.34142415707, 0, 0.000000
5, 149.496563251, 29.0524629962, 149.491442339, 29.0512085287, 8.8159299296e-05, 8.43544122605e-05, 0.495461250877, 8.8028051343e-05, 8.39625374639e-05, 0.482142485117, 58154.34875, 58154.3490972, 899.638869234, 42.347200709, 16.5281400422, 0.249556850343, 0.633485096734, 0.017328829351, 0.0040435584456, 0.321372752713, 0.0751076236074, 14.7331207677, 0.0736935658017, 0.124945102898, 0.10522308095, 1.20010206238, 1, 0.000000
6, 149.508590957, 29.0532189678, 149.503408949, 29.0456741915, 0.000198852893839, 0.000208010747063, 0.871416963215, 0.000201237303222, 0.00021019776457, 0.877399852125, 58154.34875, 58154.3490972, 1824.55007936, 45.2525478956, 31.2791936066, 0.730905897993, 1.46169881834, 0.118180451527, 0.0133211922008, 0.59022383342, 0.160121726111, 13.7058893755, 0.0792167640504, 0.134414972598, 0.17864563493, 1.26866503984, 0, 0.000000
7, 149.541793354, 29.0478106275, 149.531718359, 29.0436619996, 0.000548542486451, 0.000539273776156, 0.717320348, 0.000548542487567, 0.000539273776371, 0.717320348061, 58154.34875, 58154.3490972, 1635.19549155, 46.8855619433, 34.6111309286, 1.38636048977, 3.9014401331, 0.409708242981, 0.0428656385302, 0.477017914451, 0.299361800791, 6.92020622837, 0.156893619775, 0.00369409198574, 0.337983868992, 1.30250664053, 0, 0.000000
8, 149.764414648, 29.0534561487, 149.759859279, 29.0514621047, 9.39239604636e-05, 9.80735823619e-05, 0.964554824897, 5.00194603053e-05, 4.93390189579e-05, 0.0638617949204, 58154.34875, 58154.3490972, 585.023840509, 38.1933804615, 15.8309419484, 0.309797295705, 0.539672653344, 0.0239790552609, 0.00581714909263, 0.169961872535, 0.0770573514291, 9.10943449739, 0.11918810164, 0.0627894999021, 0.141928288166, 0.999168619643, 0, 0.000000
9, 149.704528404, 29.0495354747, 149.700056459, 29.0503215813, 0.000135104663916, 0.000132719782311, 0.68672742357, 0.000118216426824, 0.000114979824228, 0.0640859073043, 58154.34875, 58154.3490972, 741.938516706, 41.4081737472, 14.1750445378, 0.293853148327, 0.894001209366, 0.0266803453149, 0.00701765940102, 0.395400848772, 0.0963960499373, 11.8919329586, 0.0913002292008, 0.0873747692854, 0.132770216147, 1.21378750826, 0, 0.000000
10, 149.464549745, 29.0462214031, 149.459189388, 29.0470233717, 0.000172719449536, 0.000156390537386, 0.338472835565, 0.000172715264102, 0.000156392570472, 0.338540666106, 58154.34875, 58154.3490972, 1542.90287493, 43.8205953835, 16.9026313031, 1.02781974847, 1.18769931121, 0.150287031518, 0.033543810851, 0.462018869113, 0.149261596968, 1.39734710903, 0.776998211642, -2.15028750014, 0.791204932507, 1.22073838137, 0, 0.000000
11, 149.691340341, 29.0489367412, 149.690293002, 29.0435254415, 9.02220122879e-05, 9.35190067616e-05, 0.699972228205, 7.68247765471e-05, 7.90885263018e-05, 0.160086422533, 58154.34875, 58154.3490972, 1025.94500367, 47.7139687235, 19.5052653891, 0.409530839034, 0.608086737173, 0.0442710251593, 0.00747034241879, 0.328641289744, 0.101052343715, 11.5984599096, 0.0936103769999, 0.104154264608, 0.13774788148, 1.43945168821, 0, 0.000000
12, 149.102631005, 29.0364609926, 149.041339876, 29.0373276734, 0.00095927952617, 0.000384122479483, 0.420537907659, 0.00100294777009, 0.000402089845175, 0.505644985722, 58154.34875, 58154.3490972, 1698885.19611, -20.00482156, 190.627713488, 45.6534121358, 6.92982752471, 1.72212481154, 0.0141877624651, 2.98436128485, 0.110851634813, 1251.42922258, 0.000867596972463, -0.675950173413, 0.11085502995, 1.40949009856, 8, 0.001000
13, 149.823586345, 29.0504438634, 149.819826267, 29.0456507057, 0.000104255634348, 0.00010771243617, 0.936688868078, 8.61953995861e-05, 8.95278633558e-05, 0.877834026153, 58154.34875, 58154.3490972, 713.256617535, 39.7449989466, 20.6578895454, 0.359805587413, 0.686935200433, 0.0638806123194, 0.0103554476442, 0.534278469087, 0.16574356516, 12.45235957, 0.0871912024907, 0.428069183895, 0.187278496319, 1.24793092985, 4, 0.000000
14, 149.791877309, 29.0502225765, 149.787343971, 29.0474606174, 2.99794019479e-05, 2.69119718609e-05, 0.238659368929, 0.000116509140351, 0.000118950849218, 0.997998703051, 58154.34875, 58154.3490972, 585.023672942, 45.1538199999, 17.1706005703, 0.262813210549, 0.616824992916, 0.011279033796, 0.00245347261078, 0.0646369182685, 0.0501430467531, 6.57271564651, 0.16518837314, -0.295132299264, 0.172631178407, 0.876752724053, 1, 0.000000
15, 149.469143771, 29.0434494064, 149.465219429, 29.0390627497, 3.0968110269e-05, 3.31037043562e-05, 0.746102838167, 9.98936885941e-05, 0.000104215564274, 0.993971993506, 58154.34875, 58154.3490972, 1044.53068062, 49.4056358742, 19.7950014503, -0.344594816158, 0.544354163523, 0.0248553106601, 0.00430281378969, 0.251247662657, 0.0699097552937, 8.46518240597, 0.128259044246, -0.362171431184, 0.14607448893, 0.991058017919, 0, 0.000000
16, 149.169559239, 29.0386357155, 149.169204058, 29.0340820342, 0.000198488682923, 0.000209234513152, 0.1404738074, 0.000199341804808, 0.000211279952192, 0.195789279492, 58154.34875, 58154.3490972, 799.170090363, 35.8729285814, 16.2223677486, 0.584077085697, 1.46219473852, 0.148184846332, 0.0322431687025, 0.880614183599, 0.25033317928, 10.4192578159, 0.10420475469, 0.256858956134, 0.271155548621, 1.1514084358, 3, 0.000000
17, 149.113473934, 29.0364518178, 149.110676531, 29.0346184577, 6.5826574241e-05, 6.53948716474e-05, 0.948526701985, 4.89325290588e-05, 4.97938365339e-05, 0.884137450139, 58154.34875, 58154.3490972, 692.465077949, 39.3576927238, 10.8702272249, 0.36365461851, 0.415768881961, 0.0379970668124, 0.0112963018822, 0.376638204806, 0.0952311087166, 7.81044178692, 0.139010856796, -0.323476663666, 0.168502173205, 1.38956976725, 2, 0.000000
18, 149.755763848, 29.046229588, 149.753527635, 29.0393235954, 0.000214682278897, 0.000227851102295, 0.529788659479, 0.000214423383076, 0.000227488459139, 0.5267460675, 58154.34875, 58154.3490972, 1307.43083741, 44.2672649716, 25.5091752591, 0.83307089222, 1.58337938714, 0.150145745369, 0.0212036703947, 0.421761829818, 0.179263533531, 5.46564542588, 0.198647391142, -0.486176913642, 0.26757466334, 1.20267920218, 0, 0.000000
19, 149.096641824, 29.0354192853, 149.090656778, 29.028478825, 0.000117741879903, 0.000121999695679, 0.971641387281, 9.44598830163e-05, 9.76116618318e-05, 0.940478390252, 58154.34875, 58154.3490972, 1155.41354065, 45.1025752446, 30.9066798569, 0.413936119152, 0.773490281165, 0.0431754409285, 0.0049078571298, 0.234724123741, 0.100141902139, 7.56604005305, 0.143501249947, -0.339327437269, 0.174988597629, 1.24898700992, 0, 0.000000
20, 149.138948361, 29.0317240606, 149.137803823, 29.0355752789, 0.000224165438185, 0.00024631035912, 0.420055131471, 0.000224164448159, 0.000246309521951, 0.420041783308, 58154.34875, 58154.3490972, 1304.88373341, 38.802314393, 14.1424050854, 1.07394372681, 1.70615408095, 0.239150814596, 0.0651404532566, 0.827758626771, 0.232824793608, 6.1753749912, 0.175817048569, -0.415829128371, 0.291751639389, 1.35206958191, 0, 0.000000
21, 149.087113433, 29.0348923841, 149.084849039, 29.0307573989, 0.000132583984176, 0.000141119125648, 0.75807896081, 0.000137680909543, 0.0001411711247, 0.803202376614, 58154.34875, 58154.3490972, 605.876015486, 47.308928473, 16.2989042323, 0.453292257058, 0.983870406382, 0.0815573048927, 0.0181003855601, 0.417343194037, 0.174962978355, 14.2225642768, 0.0763389908901, 0.888314885171, 0.190891815762, 1.14024859034, 4, 0.000000
22, 149.099625492, 29.0345179499, 149.094375515, 29.0287380511, 0.000342354023792, 0.000357286486499, 0.939111061292, 0.000342359368392, 0.000357293361048, 0.939113092518, 58154.34875, 58154.3490972, 1468.44095316, 46.3763391011, 26.2445736333, 1.04325110239, 2.50957143574, 0.262625303102, 0.036209298573, 0.644530320064, 0.255045195704, 4.11456820749, 0.263876098294, -0.731226084962, 0.366985894964, 1.21026792515, 0, 0.000000
23, 149.784134607, 29.0433369064, 149.776136107, 29.0436406802, 0.000317110407233, 0.000285942534798, 0.104349846684, 0.000317110407645, 0.000285942535015, 0.104349863085, 58154.34875, 58154.3490972, 2305.75208393, 43.5281420485, 24.8803011946, 1.60212811748, 2.17892952163, 0.283086158776, 0.0431430353168, 0.378953352435, 0.181312415709, 20.8328670066, 0.0521165043878, 0.849124097607, 0.188653974566, 1.20650738223, 6, 0.003000
24, 149.90370436, 29.046628201, 149.899928792, 29.0413945218, 0.000268671195742, 0.000282391964685, 0.873156949356, 0.000277880426862, 0.000291353317296, 0.887772665477, 58154.34875, 58154.3490972, 1156.18172537, 36.1200138175, 21.9926358064, 0.727782124035, 2.00739293958, 0.190636171475, 0.0307260819814, 1.04131281803, 0.265784727001, 11.1747426512, 0.0971598397071, 0.123180574643, 0.282986846972, 1.35881635337, 0, 0.000000
25, 149.083843109, 29.0318790676, 149.078115203, 29.0289924835, 9.44500197691e-05, 9.41738213424e-05, 0.794143182701, 9.94916003323e-05, 0.000101247713897, 0.849056789219, 58154.34875, 58154.3490972, 1055.51095337, 47.0136056367, 20.5596772641, 0.462123699509, 0.693103777414, 0.057594808834, 0.0100460392918, 0.318898974404, 0.120042632943, 12.8479855198, 0.084506337829, 0.274206897294, 0.146804478328, 1.10471996536, 2, 0.000000
26, 149.796416366, 29.0413537739, 149.79148848, 29.0437417353, 0.000271547874099, 0.000247890449193, 0.905901264285, 0.000227013502754, 0.000204366622462, 0.797677808076, 58154.34875, 58154.3490972, 671.483837865, 50.1335167304, 17.5084306793, 0.352905914834, 1.75463887198, 0.120211171651, 0.0250315487901, 1.05646688737, 0.32507636964, 10.2083154882, 0.106358018227, 0.302593921621, 0.342033147721, 1.1774215991, 0, 0.000000
27, 149.151669602, 29.0299074815, 149.144560715, 29.0362166907, 0.000368858148636, 0.000358364710814, 0.961606453049, 0.000368875848707, 0.000358382405645, 0.961610241575, 58154.34875, 58154.3490972, 1831.94622798, 40.2895672947, 31.4846917696, 1.04751471051, 2.60535571708, 0.252552949781, 0.0284835583889, 0.788445049372, 0.246258405696, 9.0787823587, 0.119590509152, -0.173032008554, 0.27376101303, 1.20193903947, 0, 0.000000
28, 149.841630148, 29.0444638104, 149.833138002, 29.0424771611, 0.000524361691518, 0.00050382393117, 0.458495811626, 0.000523578990308, 0.000502837503032, 0.452687379349, 58154.34875, 58154.3490972, 1168.74794222, 46.7862791047, 27.3188661297, 1.10900709979, 3.68637154124, 0.390311438599, 0.0515447668862, 0.72005809172, 0.359355368509, 7.35226051533, 0.147673793998, 0.145058951731, 0.388514903588, 1.19130890029, 0, 0.000000
29, 149.703735605, 29.0410922518, 149.699484443, 29.0386815991, 0.000462678114793, 0.000454692981235, 0.837034561048, 0.000462681926095, 0.000454700533289, 0.837044300271, 58154.34875, 58154.3490972, 873.177914843, 54.4380344863, 15.7471846985, 1.03302073491, 3.31431181853, 0.437827484348, 0.10453833739, 1.17084794587, 0.443672662949, 7.93973732913, 0.136747118922, 0.470693804686, 0.464268463695, 1.46539653461, 0, 0.000000
30, 149.119034812, 29.0308061555, 149.114170613, 29.0322100814, 0.000301074376761, 0.000275845318841, 0.587802635599, 0.000300925056112, 0.000275776501063, 0.587374712374, 58154.34875, 58154.3490972, 933.396181037, 45.5943708058, 15.9270559425, 0.889258501225, 2.07899720542, 0.254437116363, 0.0594073086358, 0.84291219526, 0.293777425161, 8.25091776024, 0.131589749929, 0.225466828407, 0.321902217794, 1.16888761532, 0, 0.000000
31, 149.44099892, 29.0341834826, 149.434491685, 29.0352134284, 0.000160462010751, 0.000155299324425, 0.710384722436, 0.000131185931831, 0.000131827976742, 0.0939325880673, 58154.34875, 58154.3490972, 672.885483551, 44.8445523676, 20.556385611, 0.30354649458, 1.0309925968, 0.0481095336962, 0.00835622419379, 0.541123973161, 0.156520616188, 10.5171705953, 0.103234629021, 0.24686411757, 0.187499578455, 1.11633526447, 3, 0.000000
32, 149.426399544, 29.0373862392, 149.421348019, 29.034676103, 0.000111880246202, 0.000111897482717, 0.848636400798, 0.000108926733465, 0.000109317901425, 0.836319975893, 58154.34875, 58154.3490972, 1041.86803878, 40.382657094, 18.4216360172, 0.600025233673, 0.790292534046, 0.0775917578625, 0.0151687268662, 0.38052555187, 0.127390654397, 3.02768017218, 0.35860333424, -1.28906786937, 0.380558445125, 1.15115269885, 0, 0.000000
