\
\ strid, ra1, dec1, ra2, dec2, ra1_err, dec1_err, corr1, ra2_err, dec2_err, corr2, start_mjd, end_mjd, flux, bg, length, sigma, length_err, sigma_err, pa_err, bg_err, fit_mag_err, ap_snr, ap_mag_err, dmag, dmag_err, chi2, numfit, prob
\ null, deg, deg, deg, deg, deg, deg, null, deg, deg, null, days, days, dn, dn, pixels, pixels, pixels, pixels, deg, dn, mag, null, mag, mag, mag, null, null, null
\
1, 162.894313493, 10.7332254181, 162.884617957, 10.7315259379, 1.37213012629e-05, 1.32085434922e-05, 0.317563069499, 1.37213504043e-05, 1.32086127194e-05, 0.317589020097, 58153.4245023, 58153.4248495, 15309.7155136, -3.31184798265, 34.4086058324, -1.08413376414, 0.096347338012, 0.00895022441929, 0.000938347277031, 0.102608161858, 0.00813747574377, 143.308628529, 0.0075762095828, 0.0895846549202, 0.0111183390452, 1.10580671794, 0, 0.726000
2, 162.515882288, 10.7044381543, 162.510673858, 10.7054143802, 0.000184745772317, 0.00017322445331, 0.379243351244, 0.000184075087951, 0.000172522325079, 0.361403989371, 58153.4245023, 58153.4248495, 390.790401001, 10.5377753454, 18.521345688, 0.744944744011, 1.28168731066, 0.133612674447, 0.026344373495, 0.188059936072, 0.179721098902, 4.43952123254, 0.244561552449, -0.425266079526, 0.303496336595, 1.09052815752, 0, 0.000000
3, 162.480150642, 10.7041505099, 162.475418649, 10.7013056394, 0.000343221500021, 0.000337720788749, 0.814521536917, 0.000394676384227, 0.000401633756652, 0.912571663738, 58153.4245023, 58153.4248495, 284.320029301, 11.3065390666, 19.3766756351, 0.189824612753, 2.63907798394, 0.157065325073, 0.0292880260098, 1.35027198975, 0.780173732589, 11.1655575694, 0.0972397659503, 0.352568011582, 0.786210293181, 0.453025051473, 0, 0.001000
4, 162.506471242, 10.6990696261, 162.504805289, 10.6964207206, 4.59208229433e-05, 4.54163790162e-05, 0.979171473409, 1.83053502478e-05, 1.95966523755e-05, 0.247561176939, 58153.4245023, 58153.4248495, 303.473815537, 9.96530170801, 11.0696334581, 0.291395069606, 0.250983068263, 0.0165027550935, 0.00571450672915, 0.0790512440422, 0.0542129285297, 13.0323145294, 0.0833110804921, 0.43611479902, 0.0993970711466, 1.05604876897, 0, 0.000000
5, 162.523256417, 10.6761634057, 162.522265721, 10.6791402184, 0.000207927758062, 0.000222737018598, 0.535557094684, 0.000208009208608, 0.00022405848106, 0.535372128376, 58153.4245023, 58153.4248495, 280.551597129, 14.1037023318, 11.1343955001, 0.72357125911, 1.55726651319, 0.203413459842, 0.0693689316212, 0.34730284874, 0.287826506141, 3.59749301942, 0.301803561229, -0.258861079943, 0.417048542988, 1.33880264162, 1, 0.000000
6, 162.472165502, 10.6738340815, 162.470643136, 10.6679508126, 0.00011097561576, 0.000111578211904, 0.00494907529134, 0.00014072612132, 0.000143783895587, 0.781400815334, 58153.4245023, 58153.4248495, 427.932914224, 13.4474597601, 21.5801068399, 0.366937378201, 0.909079942745, 0.0407237518733, 0.00644469405393, 0.156128842247, 0.106415111352, 8.9634027526, 0.121129914021, 0.0974035336479, 0.161234710887, 1.3998825076, 1, 0.000000
7, 162.427784797, 10.6703731705, 162.427892953, 10.6672878887, 0.000650070439948, 0.00143085074976, 0.0569985837018, 0.000662322436372, 0.0014313474136, 0.194091370916, 58153.4245023, 58153.4248495, 865.495440758, 15.4200079347, 10.9746037743, 3.45615680083, 9.69641090818, 1.70250287103, 0.908651406557, 0.893755894463, 0.667662610732, 7.21660479284, 0.150449724756, -0.0587043124975, 0.684403741551, 1.35848580053, 0, 0.000000
8, 162.58373389, 10.6666436145, 162.581878026, 10.6731839642, 0.000150198924247, 0.000153682994685, 0.505973884187, 0.000148159127891, 0.000151837332165, 0.467167850384, 58153.4245023, 58153.4248495, 554.875733004, 14.3590598316, 24.1386922475, 0.583082445215, 1.07975666982, 0.0880278002116, 0.0132422674545, 0.213767127929, 0.14993376164, 7.50974515776, 0.144576970583, -0.0334695582421, 0.208284980982, 1.25489130373, 1, 0.000000
9, 162.578438793, 10.6728860103, 162.577264491, 10.6657649213, 0.000233055434309, 0.000245515712975, 0.328564891485, 0.00023267473808, 0.000245008838725, 0.319835993942, 58153.4245023, 58153.4248495, 660.189386013, 14.5319579515, 25.6457796671, 0.79041675381, 1.71150280681, 0.157988651515, 0.0221624510901, 0.314094181034, 0.20141076662, 7.0762778197, 0.153433236007, -0.0963364631252, 0.253195684841, 1.28304782831, 0, 0.000000
10, 162.483473931, 10.6689299495, 162.478069929, 10.6683106219, 0.000307930985296, 0.000291741105247, 0.203415663238, 0.000308616524754, 0.000291587479545, 0.199068213022, 58153.4245023, 58153.4248495, 388.124696703, 14.1372953507, 19.0057267487, 0.754275117142, 2.15167075675, 0.224888354876, 0.0429064119098, 0.341511143032, 0.299744519475, 6.74352513999, 0.16100424959, 0.299995153266, 0.340248652226, 1.40652297664, 2, 0.000000
11, 162.525737733, 10.6638211645, 162.523955573, 10.6669262864, 0.000152020699158, 0.000153845937198, 0.874023156997, 0.000134411797781, 0.000136438479736, 0.793054117325, 58153.4245023, 58153.4248495, 332.8069933, 14.4673879064, 12.6738060945, 0.381633847283, 1.04748574025, 0.05586684058, 0.0150322401054, 0.306782124444, 0.144909803738, 9.07734976329, 0.119609383033, 0.23634041446, 0.187896928471, 1.20084423571, 0, 0.000000
12, 162.583925315, 10.6617067405, 162.579214839, 10.6661959529, 4.87054200924e-05, 4.68095834167e-05, 0.901524351736, 8.02530786453e-05, 7.89750595893e-05, 0.9646709668, 58153.4245023, 58153.4248495, 386.918317308, 17.1862195166, 22.9251207071, 0.36219561185, 0.462109277005, 0.0595211513386, 0.00453958678854, 0.0667828717092, 0.0801666813585, 6.59365787583, 0.164663715529, -0.00822876051497, 0.183141573685, 1.39625499926, 2, 0.000000
13, 162.565818361, 10.6661498111, 162.563472848, 10.6612968905, 0.000233870907398, 0.000244121890511, 0.756249597408, 0.000235736558465, 0.000247613964123, 0.762469377777, 58153.4245023, 58153.4248495, 260.714083627, 17.6242924826, 19.0989300124, 0.635764755064, 1.72032125528, 0.162739313505, 0.0307420695333, 0.163521349365, 0.251883125063, 5.90276166749, 0.183936988467, 0.565875861551, 0.311894091669, 1.1643066318, 0, 0.000000
14, 162.610613653, 10.6663473024, 162.607778974, 10.6627264767, 0.000533661381183, 0.000565123562705, 0.871012085821, 0.000533654175011, 0.000565117779795, 0.871007847029, 58153.4245023, 58153.4248495, 590.725213359, 15.5529760429, 16.2407508443, 1.59282768908, 4.02013197794, 0.635988002661, 0.154248957273, 0.559800721182, 0.438967835105, 5.34003501095, 0.20332005362, 0.0323562491308, 0.483768337596, 1.33094952591, 3, 0.000000
15, 162.607584139, 10.6618511267, 162.606206089, 10.6643442467, 4.36377847143e-05, 4.5689116349e-05, 0.776492982935, 4.45233981334e-05, 4.64590903467e-05, 0.79248908301, 58153.4245023, 58153.4248495, 390.511417124, 16.3676887498, 10.0866724783, 0.571961874185, 0.325164994816, 0.0381041881177, 0.0150753406724, 0.0732801776472, 0.068359143672, 10.1017656547, 0.107479844798, 0.444138688323, 0.127376958519, 1.00148612217, 3, 0.000000
16, 162.620713664, 10.6570894787, 162.610931398, 10.6646018434, 0.000206255053786, 0.000201861457416, 0.957172915851, 0.000222241089264, 0.000216613216604, 0.965482483048, 58153.4245023, 58153.4248495, 561.347768708, 15.6136665682, 43.3758721351, 0.516283906914, 1.50963534257, 0.0881780767387, 0.00717164968439, 0.148734480107, 0.165835041316, 5.30486317929, 0.204668088142, -0.235257496942, 0.26342036222, 1.30278656432, 7, 0.000000
17, 162.440462617, 10.6558733633, 162.436921165, 10.6608634719, 0.000733936301376, 0.000787071141466, 0.802840082188, 0.000733936295941, 0.000787071135208, 0.802840078665, 58153.4245023, 58153.4248495, 1172.15036604, 12.8575940005, 21.6282851803, 2.99182750987, 5.66592604555, 1.01037446049, 0.200505986073, 0.318457709401, 0.377697775275, 5.72597289915, 0.189616022269, -0.0658649508913, 0.422622580264, 1.29776130806, 0, 0.000000
18, 162.496069214, 10.6592805591, 162.49242537, 10.6612586785, 0.0001158601635, 0.000110401459417, 0.765377886413, 0.000138358277678, 0.000132162316381, 0.882973145168, 58153.4245023, 58153.4248495, 333.270257202, 14.6653202772, 14.5432908275, 0.471379945255, 0.895167473213, 0.0771197006656, 0.0192489400327, 0.259511377843, 0.159696417009, 4.69749014771, 0.231131129735, -0.336468867432, 0.280935125497, 1.25242323763, 0, 0.000000
19, 162.539422916, 10.6623549363, 162.534042379, 10.6578106192, 2.91784644756e-06, 2.96756613563e-06, 0.930976117255, 2.32611030127e-06, 2.08959497417e-06, 0.852675414244, 58153.4245023, 58153.4248495, 230.030437846, 17.2361678646, 24.7847461066, 0.0805293575078, 0.0177428286607, 0.00314933577948, 0.000437202672705, 0.0430272564819, 0.0338030377614, 11.092704507, 0.0978784032402, 0.438851664171, 0.103551084894, 0.824519805765, 1, 0.000000
20, 162.408504957, 10.6610280545, 162.406666927, 10.6559870856, 0.000249116156089, 0.000264231309905, 0.626874243609, 0.000248621888987, 0.000263456658167, 0.623615225941, 58153.4245023, 58153.4248495, 414.84463743, 14.9588680323, 19.035385602, 0.725654285714, 1.83806678559, 0.187140852744, 0.0359198950092, 0.323611615673, 0.260005266978, 9.63315035634, 0.112708321224, 0.641396313777, 0.283382964431, 1.21913742244, 0, 0.000000
21, 162.779959091, 10.6602995975, 162.776625989, 10.6627750795, 0.000317342924551, 0.000303589004129, 0.900283133585, 0.000317298320421, 0.000303539890252, 0.900239329952, 58153.4245023, 58153.4248495, 414.387075515, 14.813340853, 14.5982571964, 0.92434854043, 2.24109756026, 0.290108833449, 0.0748714783408, 0.4190184347, 0.324110107682, 8.90641456771, 0.121904970457, 0.62825117393, 0.346277610775, 1.33979977479, 0, 0.000000
22, 162.48071066, 10.659139698, 162.478003714, 10.6526847736, 0.00186073399609, 0.00182149429266, 0.999617165288, 0.00451401745525, 0.00461157978956, 0.999988455852, 58153.4245023, 58153.4248495, 240.350968034, 15.1868294591, 24.8185942491, 0.11788118917, 24.7378484495, 0.00994675949077, 0.00175607227722, 0.089078604042, 1.08526489891, 9.36588620132, 0.115924556568, 0.304209201485, 1.09143868523, 1.01692895037, 0, 0.000000
23, 162.46387432, 10.6586840742, 162.462000954, 10.6517651608, 0.000395823408747, 0.000434474620577, 0.481970495436, 0.000395822682743, 0.000434473957582, 0.481965398206, 58153.4245023, 58153.4248495, 908.179187241, 13.7943869126, 25.4517475958, 1.5444419791, 2.99892648223, 0.38364601534, 0.0560745232901, 0.314896117279, 0.26000283038, 5.6730838697, 0.191383774627, -0.280155190558, 0.32284550639, 1.25317150237, 0, 0.000000
24, 162.50292401, 10.6538156212, 162.500922641, 10.6563272268, 3.27398307734e-05, 3.33969420562e-05, 0.852312321562, 4.50372647504e-05, 4.18743234183e-05, 0.950552718074, 58153.4245023, 58153.4248495, 239.11640053, 15.439648594, 11.3409365931, 0.254963882188, 0.26485084274, 0.0283822130478, 0.0105355572085, 0.209674373844, 0.107096339494, 6.07780815171, 0.178639433437, -0.131224963674, 0.208282675975, 1.3644735608, 4, 0.000000
25, 162.668389447, 10.6560047406, 162.662434475, 10.6507441704, 0.000239717880674, 0.000242895704913, 0.951472870793, 0.000239733007112, 0.000242909577841, 0.951478843205, 58153.4245023, 58153.4248495, 963.794464833, 10.1215453921, 27.9758468961, 1.02750647658, 1.72894954353, 0.17382482642, 0.0224550711077, 0.241267302314, 0.169703958949, 17.2175348008, 0.0630599105692, 0.572222723178, 0.181041393068, 1.34254651242, 0, 0.000000
26, 162.557724159, 10.6447745067, 162.551969685, 10.6472043732, 0.00013812700328, 0.000135330356027, 0.663791015383, 0.000149696419685, 0.000147404045401, 0.77477980713, 58153.4245023, 58153.4248495, 322.717024369, 20.7355333811, 21.8826666578, 0.413883805084, 1.01268358141, 0.0639811652961, 0.01023530711, 0.12874535018, 0.148851327613, 4.08904952686, 0.265522879492, -0.210546242297, 0.304399601291, 1.22376180915, 0, 0.000000
27, 162.491124496, 10.6463645217, 162.481154824, 10.6372125003, 0.000126867195407, 0.00012932629633, 0.97869940675, 0.000126870848407, 0.000129333467415, 0.978703870715, 58153.4245023, 58153.4248495, 1030.75518385, 17.7544184011, 47.6603579614, 0.73422154905, 0.913299376964, 0.0598660735824, 0.004432170733, 0.0569171056711, 0.078569289753, 7.20608382366, 0.150669383167, -0.225145725895, 0.169924678361, 1.27249386345, 0, 0.000000
28, 162.556959761, 10.6421286897, 162.550244971, 10.6455964133, 0.000249569102941, 0.000237884804799, 0.80233641244, 0.000249635150391, 0.000237938050231, 0.802496340413, 58153.4245023, 58153.4248495, 519.974019587, 21.608180341, 26.5027569142, 0.945681831063, 1.74821026794, 0.175539994851, 0.0235560301348, 0.235422211878, 0.190796196073, 2.72514142081, 0.398414627757, -0.603029714946, 0.441743595366, 1.32764621949, 8, 0.000000
29, 162.427252027, 10.6398691873, 162.419476126, 10.6400985418, 0.000192551475531, 0.000186832674262, 0.0514756804294, 0.000194276509019, 0.000187161942413, 0.106929478092, 58153.4245023, 58153.4248495, 534.409316991, 12.6183055557, 27.1776259695, 0.601388354517, 1.35831544054, 0.108865638735, 0.0129781017717, 0.231727513581, 0.172336851442, 12.0124949467, 0.090383905223, 0.500206989884, 0.194600207319, 1.23224874979, 1, 0.000000
30, 162.407645538, 10.6395087351, 162.404025554, 10.6407437062, 9.55094330608e-05, 8.93800089125e-05, 0.569150996958, 0.000100595632754, 9.38096454092e-05, 0.65689764207, 58153.4245023, 58153.4248495, 345.794113109, 14.7113777788, 13.3871274537, 0.54249293088, 0.680306567534, 0.0699804402352, 0.0204696255649, 0.166892392177, 0.130893724742, 6.81298902152, 0.159362682272, 0.116883894726, 0.206227136133, 1.08943210691, 2, 0.000000
31, 162.239479251, 10.6338046921, 162.23894964, 10.6376378691, 5.11683994139e-05, 5.26733457415e-05, 0.525604368635, 4.64386316061e-05, 4.80405601068e-05, 0.147497154692, 58153.4245023, 58153.4248495, 330.232969341, 13.1557431962, 13.751555937, 0.317856023812, 0.356058842244, 0.0269904922127, 0.00686616803518, 0.145217505226, 0.0836298480048, 6.06348264316, 0.179061484736, -0.340845146072, 0.197628355236, 1.02819815153, 0, 0.000000
32, 162.486062886, 10.6332527301, 162.469040362, 10.6270162174, 0.000104386782852, 0.000102391766903, 0.888251428561, 0.000211722622977, 0.000216217032787, 0.993901312084, 58153.4245023, 58153.4248495, 418.30978238, 16.9999028106, 63.4687626203, 0.196837812047, 1.19495026345, 0.00957341855565, 0.000563703275048, 0.0173460870869, 0.0506319536591, 8.03075726349, 0.135197238459, 0.254613111961, 0.144367198554, 1.25130428428, 3, 0.000000
33, 162.613858549, 10.6362114645, 162.610989904, 10.6327693559, 0.000236668278617, 0.000241755100799, 0.998736461305, 6.38201659813e-05, 6.45208378289e-05, 0.778192508196, 58153.4245023, 58153.4248495, 349.159197776, 16.8692228582, 15.8173539029, 0.256091377544, 1.2423521318, 0.0137224665894, 0.00324428447773, 0.0712532446331, 0.092550847378, 10.2726979605, 0.105691436556, 0.264119730836, 0.140486081559, 1.01818520576, 0, 0.000000
34, 162.473230028, 10.6263483865, 162.470942199, 10.6245352192, 0.0001095926417, 0.000110184087475, 0.904039653465, 0.000119726893381, 0.000117966357163, 0.917223137085, 58153.4245023, 58153.4248495, 323.153482392, 16.48321199, 10.2678721256, 0.558918699727, 0.821485147751, 0.103648984761, 0.0374871030657, 0.35881223492, 0.186514226867, 4.35762026522, 0.249158058453, -0.333750321731, 0.311235111959, 1.35043161706, 0, 0.000000
35, 162.502197572, 10.6215199754, 162.497968625, 10.6136449667, 0.000390618475392, 0.000410283033869, 0.80253295598, 0.000390618199846, 0.000410282752881, 0.802532420109, 58153.4245023, 58153.4248495, 771.859330677, 18.2009192715, 31.6540338347, 1.20191960807, 2.87112387849, 0.293658485187, 0.0335323411391, 0.224621833775, 0.246262888143, 6.76811714187, 0.160419239502, 0.171850285874, 0.29390430837, 1.28655060366, 4, 0.000000
36, 162.639496384, 10.6153960473, 162.635828399, 10.6194702745, 9.89675757949e-05, 9.76169640799e-05, 0.96436652438, 9.10027992607e-05, 8.89963102845e-05, 0.956919711769, 58153.4245023, 58153.4248495, 587.930374391, 14.0803189899, 19.3415799293, 0.524900666509, 0.675029256748, 0.0562610148465, 0.010513525385, 0.197656493878, 0.106188386207, 6.88171902465, 0.157771074476, -0.362397146026, 0.190178035815, 1.27023570538, 0, 0.000000
37, 162.217133746, 10.6138054764, 162.214539364, 10.6100864747, 0.000156335528485, 0.00015575149255, 0.135332116393, 0.000583389204186, 0.00059599819574, 0.997522342798, 58153.4245023, 58153.4248495, 294.330345275, 14.0824308844, 16.0285797965, 0.224628297678, 3.06309066975, 0.0145541242345, 0.00340661912954, 0.0969283196582, 0.211113788899, 8.9230098847, 0.121678247451, 0.138667312078, 0.243669094811, 1.20807663187, 4, 0.000000
38, 162.657424221, 10.6118247146, 162.653486828, 10.6096207943, 0.000122560755737, 0.000120577432995, 0.818305360166, 0.00012957677506, 0.000126898448375, 0.849564659141, 58153.4245023, 58153.4248495, 457.543688106, 12.0978448054, 15.8332046679, 0.458636020739, 0.903424342009, 0.0651390352419, 0.0154968853458, 0.309822242841, 0.145414484495, 8.98751403823, 0.120804952308, -0.00392990532405, 0.189048165299, 1.55109832363, 0, 0.000000
39, 162.642603458, 10.609208578, 162.640029372, 10.6110951371, 6.03750043126e-05, 5.57928572192e-05, 0.951313080356, 7.26916397805e-05, 6.76265659724e-05, 0.975431688338, 58153.4245023, 58153.4248495, 267.10239273, 15.3776254555, 11.2205972912, 0.258936844168, 0.486918975521, 0.0166439335268, 0.00568000566238, 0.0932371625414, 0.0629399561186, 6.17263460246, 0.175895103904, -0.227456682683, 0.186816823797, 0.959582295559, 0, 0.000000
40, 162.512819945, 10.6008072796, 162.505472384, 10.599683622, 0.000272558122729, 0.000263422083171, 0.246745526487, 0.00027422315404, 0.000266073401782, 0.305645435539, 58153.4245023, 58153.4248495, 490.601165096, 12.4831367673, 25.982202036, 0.679332796195, 1.92359363938, 0.162652068048, 0.0224008538327, 0.298304328127, 0.238839674305, 5.39407411411, 0.201283145502, -0.281818470006, 0.312344832973, 1.38313314829, 0, 0.000000
41, 162.68698375, 10.5935385312, 162.683937911, 10.5963493407, 0.000194510524205, 0.000189912774948, 0.933599496339, 0.000194659090669, 0.000190056288134, 0.933701169995, 58153.4245023, 58153.4248495, 578.484097396, 14.7373954972, 14.6005330203, 0.871110110261, 1.38631621115, 0.174442675777, 0.0448104202095, 0.384364272496, 0.205742641691, 8.46451392819, 0.128269173395, 0.162591891, 0.242452088985, 1.21156508629, 0, 0.000000
42, 162.717021744, 10.5949196491, 162.712576797, 10.5937939604, 0.00015679982925, 0.000150994878058, 0.491598626657, 0.000150882482901, 0.000146486295825, 0.398469164195, 58153.4245023, 58153.4248495, 364.377521664, 11.0993179988, 16.041625768, 0.534558637523, 1.08315375766, 0.104807520422, 0.0231193928281, 0.28589414561, 0.193060968087, 8.70290451311, 0.124755614993, 0.257087943085, 0.229861916966, 1.41535905781, 0, 0.000000
43, 162.645983714, 10.5949935382, 162.64313469, 10.5921803207, 9.955794785e-05, 0.00010141348315, 0.94655454369, 0.000102228840678, 0.000104645995429, 0.949641674313, 58153.4245023, 58153.4248495, 320.434748658, 16.6589746439, 14.1114602278, 0.541386551613, 0.727533990151, 0.079506465615, 0.0209404763364, 0.18071887099, 0.146897340261, 7.43206763097, 0.146088041534, 0.371157853132, 0.207172740618, 1.04137727641, 0, 0.000000
44, 162.681301411, 10.594470874, 162.679306823, 10.5905191982, 0.000119332460977, 0.000125749401562, 0.8007958509, 0.000112508483605, 0.000115233822802, 0.755352413822, 58153.4245023, 58153.4248495, 444.177050261, 13.4264590798, 15.6821200393, 0.473310332016, 0.84435442056, 0.0766243682122, 0.0179833402304, 0.389578463903, 0.162137402765, 5.59784550954, 0.193956085946, -0.466616486383, 0.252799328818, 1.29291482458, 8, 0.000000
45, 162.691594498, 10.5938590932, 162.689448358, 10.5887798234, 5.13197937469e-05, 5.32987933167e-05, 0.436789569768, 6.77409503371e-05, 6.85904752289e-05, 0.847398995665, 58153.4245023, 58153.4248495, 372.150137794, 14.9115550891, 19.5521710677, 0.346992244056, 0.43076937645, 0.0369536874498, 0.00642139244863, 0.132463306733, 0.0987638547422, 7.71748294981, 0.140685274178, 0.0400981996828, 0.171891376672, 1.30368253457, 0, 0.000000
46, 162.748503496, 10.5876148167, 162.744506792, 10.5927219449, 0.00020688879762, 0.000205400628532, 0.935688452362, 0.000214470343448, 0.000212830987419, 0.942749167814, 58153.4245023, 58153.4248495, 489.337172606, 12.1531699195, 22.9086991938, 0.550026608456, 1.50235078848, 0.112470609851, 0.0179883789122, 0.286214714473, 0.204196943126, 6.72518801546, 0.161443249209, -0.173756990674, 0.26030811416, 1.10518156631, 0, 0.000000
47, 162.687850212, 10.5808213285, 162.666772751, 10.5876903946, 0.000324745969032, 0.000316298292293, 0.606028239958, 0.000324565960414, 0.000316145277144, 0.605044747108, 58153.4245023, 58153.4248495, 1017.3111649, 16.2858626545, 77.6080590633, 0.887426821519, 2.28359045234, 0.129637635285, 0.00584012207598, 0.0707997100695, 0.141100461167, 8.91017425138, 0.121853532167, 0.308520146704, 0.186433965369, 1.24786930365, 1, 0.000000
48, 162.663317678, 10.5874116332, 162.65377335, 10.5799943875, 4.45626801603e-05, 4.48999486899e-05, 0.423513811202, 0.000184889830743, 0.000188916101183, 0.998214340486, 58153.4245023, 58153.4248495, 468.004441461, 16.4527277834, 42.517666406, -0.245155733338, 0.967444969842, 0.0127680860362, 0.001100814413, 0.0324880696969, 0.0534875889864, 6.04927098792, 0.179482156929, -0.288542664915, 0.187282585499, 1.11986865495, 1, 0.000000
49, 162.572312556, 10.5811957686, 162.568087371, 10.5848613529, 0.000427987838744, 0.000414108944796, 0.904087613711, 0.000427987838479, 0.000414108944971, 0.904087613787, 58153.4245023, 58153.4248495, 655.016544316, 16.1733726696, 19.6939970726, 1.65977255044, 3.05894927577, 0.447537266399, 0.0890491798644, 0.214280290304, 0.282734918578, 4.63860123552, 0.23406543258, -0.0263325335579, 0.367049943349, 1.1824944898, 0, 0.000000
50, 162.7037583, 10.5842700335, 162.701098632, 10.5872917297, 0.000286915013091, 0.000285809622159, 0.920474773999, 0.000287094470996, 0.00028598021512, 0.920589461482, 58153.4245023, 58153.4248495, 437.908951706, 13.1775229767, 14.2062639636, 0.868215256772, 2.06719125589, 0.26476214532, 0.0695253189002, 0.560339174654, 0.317830399766, 5.59164192747, 0.194171268268, -0.0699552967012, 0.372449519312, 1.19966041681, 0, 0.000000
51, 162.731778593, 10.5868840698, 162.729094852, 10.5813425487, 0.000131326750297, 0.000138162028193, 0.751945087056, 0.000136730869107, 0.000141879996035, 0.79458113609, 58153.4245023, 58153.4248495, 373.299029043, 13.2919668343, 21.8187515293, 0.488355278268, 0.981178723737, 0.0727801935503, 0.0123197644215, 0.141424192146, 0.147695444127, 7.41821525594, 0.146360838463, 0.194488556707, 0.20793133302, 1.29927227871, 0, 0.000000
52, 162.750211813, 10.5856652197, 162.747572575, 10.5797896008, 0.000209410924681, 0.000219116789256, 0.753268511774, 0.000201660984364, 0.000211120337315, 0.709177008453, 58153.4245023, 58153.4248495, 499.994512753, 12.8515344005, 22.8337328958, 0.59301593114, 1.50671006991, 0.126804778286, 0.0200129305216, 0.375193870855, 0.215617938103, 3.32338668268, 0.326695719886, -0.917905866293, 0.391434782082, 1.23572114656, 0, 0.000000
53, 162.713962731, 10.5835840609, 162.712631638, 10.5797713849, 0.000180254116594, 0.000194972318933, 0.597508154302, 0.000179526178626, 0.000194314632142, 0.589751358684, 58153.4245023, 58153.4248495, 453.890453984, 14.8476150348, 14.3299974367, 0.776215592587, 1.34887443911, 0.161026844514, 0.0421989336389, 0.359225357024, 0.21309376381, 8.2056302943, 0.132316003258, 0.306679551079, 0.250831570766, 1.11490871237, 0, 0.000000
54, 162.779592731, 10.5801707005, 162.774404013, 10.5813242697, 0.00041571474071, 0.000369930119977, 0.411529910108, 0.000415714744133, 0.000369930121892, 0.411529927116, 58153.4245023, 58153.4248495, 617.52390552, 14.2120164389, 18.5941072254, 1.40954079823, 2.85050635002, 0.399016867271, 0.0827368088897, 0.279680870472, 0.295400700547, 5.33560350056, 0.203488922039, -0.0101515044725, 0.358705053319, 1.29259149141, 3, 0.000000
55, 162.829740706, 10.5735611133, 162.824704548, 10.581380024, 0.00254162250538, 0.00278584141719, 0.809478331594, 0.00308675435506, 0.00298685297046, 0.923859326311, 58153.4245023, 58153.4248495, 1957.31136848, 13.8894031571, 32.9032317588, 4.41407390874, 20.3045750466, 2.16407388039, 0.328456515699, 0.874474902304, 0.839664629499, 10.8899828125, 0.0997004516403, -0.395798354859, 0.845563049151, 1.32987828722, 6, 0.000000
56, 162.702042167, 10.5733198025, 162.697075928, 10.5813723256, 9.81463941194e-05, 9.55198678317e-05, 0.909675962264, 8.14482412711e-05, 8.05811975213e-05, 0.801306928923, 58153.4245023, 58153.4248495, 556.287684251, 16.4525537199, 33.4793343007, 0.383639203099, 0.632166394078, 0.0345605027777, 0.00356528235488, 0.0965026210968, 0.0855428606397, 8.77542696763, 0.123724601522, 0.0928965005327, 0.150417279687, 1.13976015699, 1, 0.000000
57, 162.695345039, 10.5802920994, 162.694113832, 10.577267792, 0.000229971787866, 0.000248434159401, 0.657909086762, 0.000230660257559, 0.000248052447577, 0.66322487828, 58153.4245023, 58153.4248495, 242.870842027, 17.1474014199, 11.5802641954, 0.656902797958, 1.72542107077, 0.211998484445, 0.0670504447955, 0.408511655238, 0.326043756233, 4.01665526562, 0.270308536073, 0.0596077573679, 0.423522414581, 1.26934233282, 0, 0.000000
58, 162.719797216, 10.5735045527, 162.71853383, 10.5774845609, 8.87062191891e-05, 9.48429877566e-05, 0.575594128191, 8.56974693151e-05, 8.81537939535e-05, 0.504579673559, 58153.4245023, 58153.4248495, 324.628805292, 15.2754654958, 14.8224757903, 0.405657334679, 0.641765721688, 0.0658943799409, 0.0167943210788, 0.28660642326, 0.15871912483, 6.67829067078, 0.162576961424, 0.0277636885652, 0.227207017877, 1.37829868928, 1, 0.000000
59, 162.69079588, 10.5759795875, 162.689882773, 10.5732094034, 0.000114547527741, 0.000125712538841, 0.580286392623, 0.000113052977562, 0.000120352822916, 0.559833591073, 58153.4245023, 58153.4248495, 313.78274706, 16.7929655155, 10.3519506396, 0.551589055157, 0.85130827818, 0.10127521858, 0.0370809917243, 0.349707686199, 0.186550228538, 4.34421560681, 0.249926868974, -0.301904333711, 0.311872454062, 1.25304558055, 0, 0.000000
60, 162.674993368, 10.5711812379, 162.662564336, 10.5643428524, 0.000311954752847, 0.000319248064101, 0.998209755547, 9.84200385757e-05, 9.7076509303e-05, 0.805140740639, 58153.4245023, 58153.4248495, 466.774175629, 16.2167622163, 49.7780408478, 0.209661153207, 1.65996116289, 0.0125559256643, 0.000896675714466, 0.0364299205298, 0.063551674918, 9.05026408588, 0.119967350616, 0.162919716214, 0.135760747636, 1.2367602003, 8, 0.000000
61, 162.81457207, 10.5722986737, 162.811542075, 10.5760782858, 0.000497443530332, 0.000486420150575, 0.999922969695, 6.40684687698e-05, 6.85264172215e-05, 0.845323416844, 58153.4245023, 58153.4248495, 322.574723429, 14.4701559663, 17.1096978133, 0.198740927762, 2.50376956611, 0.0122703562201, 0.00275507494259, 0.109591911428, 0.15721429488, 10.1796498679, 0.106657519546, 0.16439157266, 0.189979369907, 0.934638188571, 0, 0.000000
62, 162.701685986, 10.5697002604, 162.699971421, 10.5722723572, 4.63192646757e-05, 5.30820716323e-05, 0.861522007823, 6.2259125674e-05, 6.71210282655e-05, 0.955022994857, 58153.4245023, 58153.4248495, 313.429196043, 17.528239367, 10.9330850253, 0.24587144703, 0.457045321772, 0.0129802579203, 0.0038256386974, 0.069180887372, 0.0478056689918, 6.88660407089, 0.157659158793, -0.229185687341, 0.164747662621, 1.04979995379, 3, 0.000000
63, 162.843035317, 10.5744158042, 162.838064558, 10.5717206378, 0.000156148679916, 0.000154752057571, 0.782399010438, 0.000168537172167, 0.000167268948739, 0.83941061265, 58153.4245023, 58153.4248495, 476.032167316, 15.0315809797, 19.8416095919, 0.513425106996, 1.15675897207, 0.0978171728828, 0.0179746607749, 0.364741935655, 0.190525277558, 4.45041026722, 0.243963171835, -0.601825653739, 0.30954468272, 1.50531295809, 0, 0.000000
64, 162.830584327, 10.573884186, 162.827838424, 10.5672956426, 0.000516342229456, 0.000564859810041, 0.662767965437, 0.000516342228895, 0.000564859810192, 0.662767963671, 58153.4245023, 58153.4248495, 674.217460596, 14.9397732265, 25.3128824104, 1.74142406058, 3.91034828744, 0.523804439727, 0.0789968661707, 0.179555380441, 0.310636602535, 2.40724345576, 0.451028832235, -0.711272436106, 0.547651446033, 1.31937627083, 0, 0.000000
65, 162.740826909, 10.5682459381, 162.738056989, 10.5728113778, 0.000199867682908, 0.000195227750672, 0.993246279199, 6.77628739108e-05, 6.80231703174e-05, 0.182783598876, 58153.4245023, 58153.4248495, 314.360131227, 16.4691319858, 18.8993717138, 0.238982004414, 1.04774499503, 0.0188819275258, 0.00339704181602, 0.0904644868392, 0.088314671286, 6.36606202682, 0.170550679554, -0.164240860229, 0.192059926744, 1.32294444883, 1, 0.000000
66, 162.734554216, 10.5715492786, 162.731104142, 10.572982221, 3.73425385096e-05, 3.4060204835e-05, 0.504183672127, 5.09723766784e-05, 4.52250954686e-05, 0.843556999586, 58153.4245023, 58153.4248495, 218.261115026, 15.4355973107, 13.0910809367, 0.27147186339, 0.307551718826, 0.0382827320862, 0.00932864490503, 0.175760930439, 0.123772320921, 9.19269572904, 0.118108576283, 0.561354762517, 0.171082504125, 1.32635338327, 0, 0.000000
67, 162.612658515, 10.5709223153, 162.607767204, 10.5673702377, 6.75201765944e-05, 6.65685523225e-05, 0.150626515885, 0.000312582551631, 0.000318484942147, 0.998183471093, 58153.4245023, 58153.4248495, 336.898590527, 14.6006644446, 21.2515339675, 0.263879443938, 1.62355526809, 0.0336433820779, 0.00514033986253, 0.118765606278, 0.133220845064, 4.81582891306, 0.22545157321, -0.530469973727, 0.261870589075, 1.30110378032, 3, 0.000000
68, 162.688780628, 10.5678224627, 162.685860473, 10.5716511469, 4.69101040369e-05, 4.60045511989e-05, 0.983859915262, 1.85921240485e-05, 1.77024349938e-05, 0.640614839445, 58153.4245023, 58153.4248495, 314.496279174, 17.2565997918, 17.0133708621, 0.25705923709, 0.249148534947, 0.0155508856445, 0.00325896626708, 0.0716777163335, 0.0569580886871, 7.08131654, 0.153324060381, -0.0268780422696, 0.163561888466, 0.921471193074, 4, 0.000000
69, 162.855691733, 10.5681999004, 162.851540981, 10.5746886797, 0.000219502331597, 0.00021936525124, 0.875447845434, 0.00021322852936, 0.000212610674012, 0.862045568757, 58153.4245023, 58153.4248495, 639.902424922, 14.0653291554, 27.2526588007, 0.639799253572, 1.54454814495, 0.127934458536, 0.0165273069374, 0.345355093146, 0.198470060739, 11.7928262407, 0.0920675148265, 0.411150578353, 0.218784808193, 1.39475839702, 1, 0.000000
70, 162.744931362, 10.5651588515, 162.742422917, 10.5710103363, 0.000144792957305, 0.00014684547557, 0.637341253985, 0.000154155381791, 0.000156220157473, 0.72527656453, 58153.4245023, 58153.4248495, 388.894814135, 17.232850482, 22.5752929471, 0.577808207679, 1.07569168253, 0.0888469623799, 0.0142685239265, 0.13069270336, 0.151396770762, 4.60735208661, 0.235652970372, -0.155325468153, 0.280095170687, 1.18574524445, 0, 0.000000
71, 162.803774606, 10.5730624358, 162.802147231, 10.5649382875, 0.000179686195769, 0.00018578589456, 0.366771262048, 0.000181400211575, 0.000188835984818, 0.406754917505, 58153.4245023, 58153.4248495, 610.616942477, 14.1789345335, 29.4366331276, 0.584189522104, 1.31425048232, 0.0982021646297, 0.0116846084795, 0.235274753261, 0.164812015316, 8.18423533781, 0.132661899364, 0.00939097363086, 0.211570744517, 1.33884055982, 1, 0.000000
72, 162.742558754, 10.564535692, 162.735584735, 10.567645696, 0.00123579785892, 0.000995189587229, 0.648588621849, 0.00123579787232, 0.000995189600362, 0.648588635824, 58153.4245023, 58153.4248495, 1750.34373281, 16.9056659844, 26.7675299105, 4.59567696501, 8.53201478289, 1.61542843209, 0.278336111321, 0.248669760909, 0.399738908567, 6.05820537713, 0.179217464112, 0.098342942559, 0.438075443805, 1.34283799426, 0, 0.000000
73, 162.677798717, 10.5621859454, 162.671850828, 10.5703239498, 0.000164904986624, 0.000162899674869, 0.933218427388, 0.000152801387016, 0.000150970494592, 0.912455571989, 58153.4245023, 58153.4248495, 594.437855969, 16.3319334991, 35.6267540867, 0.584914177947, 1.1267362443, 0.0764317211554, 0.00751251131135, 0.106633157578, 0.125847764882, 8.00409736635, 0.135647550881, 0.181774602566, 0.185034910181, 1.26785256787, 0, 0.000000
74, 162.831181937, 10.5680533118, 162.829266903, 10.5657025407, 5.72567700713e-05, 5.81513680566e-05, 0.894422922474, 0.000129830073031, 0.000133303206981, 0.995037024717, 58153.4245023, 58153.4248495, 203.149777344, 15.0527097236, 10.7073779604, 0.220767953544, 0.713856193855, 0.0201019095581, 0.00628708622823, 0.131883307395, 0.0960781702775, 7.25179317383, 0.14971968708, 0.147933915805, 0.177896035659, 1.10511937756, 0, 0.000000
75, 162.831415615, 10.5658410424, 162.828227362, 10.5613636056, 0.000112373845072, 0.000116340298291, 0.947606492028, 9.32118122378e-05, 9.3905281858e-05, 0.905041367914, 58153.4245023, 58153.4248495, 381.679987943, 15.3202464432, 19.4309249352, 0.410773253531, 0.745569364423, 0.0458579867922, 0.00847146577952, 0.134675815313, 0.109544951636, 4.28509166551, 0.25337525764, -0.547036945001, 0.276041876557, 1.14230334522, 0, 0.000000
76, 162.667975893, 10.5596107407, 162.665362353, 10.5633175838, 0.000110979479917, 0.000110101729312, 0.841626321434, 0.000159961855113, 0.00015831350512, 0.961076610657, 58153.4245023, 58153.4248495, 293.057907214, 14.2564436559, 16.0350370187, 0.361922259471, 0.97688522227, 0.0460000548099, 0.0109628459379, 0.183273456182, 0.130832579526, 5.48746127182, 0.197857652378, -0.153259245821, 0.237202054101, 0.735985506661, 1, 0.000000
77, 162.821971848, 10.55556388, 162.817285264, 10.5635597137, 5.06520419301e-05, 5.04957071312e-05, 0.1609023445, 0.000118374364925, 0.000116373538208, 0.97982977536, 58153.4245023, 58153.4248495, 486.370728307, 13.634156057, 32.8100526518, 0.269816527234, 0.642407704843, 0.0235311905575, 0.00241329966428, 0.113433326173, 0.0819306167913, 4.3752712525, 0.248152889752, -0.859240966443, 0.261328304361, 1.14642653157, 1, 0.000000
78, 162.666731284, 10.5517354593, 162.665270649, 10.5578636147, 0.000243223001881, 0.000254875475427, 0.408090211667, 0.000243231811666, 0.000254918653698, 0.408195246336, 58153.4245023, 58153.4248495, 504.714637536, 11.5270595871, 22.3762628605, 0.89935816549, 1.78628358814, 0.186709462525, 0.0304334210625, 0.183715158231, 0.207422512527, 6.27874867701, 0.172922386388, 0.0052336137558, 0.270048607508, 1.14405324988, 0, 0.000000
79, 162.75029592, 10.5506050549, 162.747898012, 10.5550765958, 6.12193886447e-05, 6.02163923699e-05, 0.548412431356, 9.32057370152e-05, 9.35708358741e-05, 0.923411934208, 58153.4245023, 58153.4248495, 350.64517915, 18.5554635651, 17.9717553159, 0.332087461028, 0.559025909839, 0.0320831870273, 0.00592467548024, 0.0712894761563, 0.0877252287603, 7.98822166322, 0.135917135319, 0.194592559943, 0.161768919865, 1.18031222164, 0, 0.000000
80, 162.817436313, 10.5521753337, 162.815133043, 10.553931617, 0.000327219958, 0.000305836493255, 0.845423032467, 0.000327219997487, 0.000305836516659, 0.845423058092, 58153.4245023, 58153.4248495, 486.883457343, 12.936868213, 10.1891851094, 1.29980889478, 2.34417102509, 0.405702738778, 0.167957336714, 0.558350960334, 0.344114805609, 5.74889444088, 0.188860000114, 0.0230089629387, 0.392534201162, 1.297972215, 1, 0.000000
81, 162.711769825, 10.5532851249, 162.705460808, 10.5487057779, 0.000385648390259, 0.000377598644857, 0.868515311144, 0.000385648390868, 0.000377598644922, 0.868515311044, 58153.4245023, 58153.4248495, 1045.31709662, 15.2459382739, 27.4092127825, 2.17985393249, 2.76617433429, 0.393537368293, 0.056026547791, 0.103233205525, 0.187000309926, 17.5840754348, 0.0617454246475, 1.23527016786, 0.196930478538, 1.2699918676, 0, 0.000000
82, 162.857749222, 10.549791883, 162.854434683, 10.5530866313, 0.00011958502234, 0.000117978971556, 0.976509241043, 8.27836476063e-05, 8.01125892701e-05, 0.950361873279, 58153.4245023, 58153.4248495, 448.530660355, 15.0158555639, 16.4765230996, 0.424372270484, 0.726410347423, 0.0557564664036, 0.0126456366535, 0.257552737635, 0.127700006247, 4.56892817462, 0.237634771934, -0.690737959287, 0.26977319442, 1.27139196295, 0, 0.000000
83, 162.774259452, 10.5483913668, 162.765607064, 10.544979916, 0.000748275831796, 0.000707878522221, 0.634091746733, 0.000749755939046, 0.000709675478652, 0.638031366371, 58153.4245023, 58153.4248495, 985.113973863, 16.7755936853, 32.5854211093, 1.88172160361, 5.262776254, 0.665586941386, 0.074454547589, 0.399766320366, 0.378802508873, 7.08844123723, 0.153169952098, 0.132410764373, 0.408598060389, 1.25192550089, 4, 0.000000
84, 162.874757741, 10.5475749825, 162.868250397, 10.5426169613, 0.000103504897678, 0.000105816277478, 0.91464271766, 0.000150830958526, 0.000152916907377, 0.97715391216, 58153.4245023, 58153.4248495, 441.871671134, 15.0295188942, 28.7775860964, 0.36510463064, 0.929516094185, 0.0398603352265, 0.00454549904473, 0.109454115442, 0.102743397539, 4.15890172321, 0.261063202985, -0.649176303918, 0.280553384743, 1.18117078456, 0, 0.000000
85, 162.722371682, 10.5423185748, 162.717432268, 10.5493997953, 0.000697330475205, 0.000704753436005, 0.882219335985, 0.000661325889132, 0.000673478238295, 0.860240550191, 58153.4245023, 58153.4248495, 926.992953394, 15.5366134086, 30.5275189764, 1.70494136749, 4.94720126755, 0.611852262633, 0.0714621739425, 0.550069932854, 0.396388454326, 8.99210233541, 0.120743310547, 0.228297944741, 0.414370309946, 1.2362786792, 1, 0.000000
86, 162.833289107, 10.5423587027, 162.831539347, 10.5461469469, 0.000674965729676, 0.00101494294729, 0.665477283739, 0.000675498995492, 0.0010169716724, 0.66614266806, 58153.4245023, 58153.4248495, 1291.65222431, 13.145282097, 14.7921855297, 4.19911267077, 7.29061867967, 1.51469190216, 0.519492858906, 0.752242765794, 0.509535315957, 11.7262877574, 0.0925899335941, 0.111219486826, 0.517879458958, 1.28151413123, 7, 0.000000
87, 162.909171818, 10.5450410588, 162.906300209, 10.5441215478, 2.14370977795e-05, 2.13889389138e-05, 0.0181941855954, 3.38566893175e-05, 3.15034520909e-05, 0.864318349579, 58153.4245023, 58153.4248495, 275.694255805, 16.1438083951, 10.55754151, 0.284895849, 0.1965635267, 0.0184189620843, 0.00702781127039, 0.0676681710683, 0.0610570468949, 7.27240835427, 0.149295274944, -0.00640502000623, 0.161297991606, 1.14953204878, 0, 0.000000
88, 162.711480801, 10.5414757024, 162.709368719, 10.5440173042, 6.08713366642e-05, 5.8238870828e-05, 0.913434772447, 7.59805864878e-05, 7.74988280137e-05, 0.946159537183, 58153.4245023, 58153.4248495, 322.036456783, 13.5387350686, 11.6687788351, 0.41747866554, 0.48569344498, 0.049469561883, 0.0167211537585, 0.219302445043, 0.118281803368, 10.092186386, 0.107581862168, 0.400972067943, 0.159888842874, 1.07881433907, 0, 0.000000
89, 162.881635837, 10.5425504156, 162.872049103, 10.5477318191, 0.000104810944754, 0.00010212704405, 0.821792540657, 0.000113044293662, 0.000109889196645, 0.868523658655, 58153.4245023, 58153.4248495, 629.9927707, 15.5379532846, 38.2437943109, 0.448146291376, 0.766234152343, 0.0378621405378, 0.00355504690411, 0.0495983043714, 0.0815104190462, 10.8273822871, 0.100276888353, 0.326770514546, 0.129226168986, 1.34551311898, 0, 0.000000
90, 162.923938176, 10.5384751542, 162.921876546, 10.5438428141, 0.000902196003194, 0.000883500836038, 0.955763072192, 0.00049805283693, 0.000500281266416, 0.342243255159, 58153.4245023, 58153.4248495, 282.68742586, 14.8577530136, 20.3992612186, 0.191758664791, 5.13910437402, 0.0326229538869, 0.00567461179987, 0.282416574079, 0.306439047556, 9.46975717056, 0.114653014349, 0.287132306074, 0.327185274067, 1.35347289077, 4, 0.000000
91, 162.87598402, 10.5413296009, 162.873663204, 10.5383407551, 9.22809245258e-05, 9.51703395066e-05, 0.986920871159, 3.85859866933e-05, 3.7363165747e-05, 0.788998416236, 58153.4245023, 58153.4248495, 337.950953564, 14.7299887268, 13.3687807641, 0.275588212916, 0.511821606844, 0.0243796664341, 0.00785862495722, 0.188782272917, 0.089157564493, 7.14998842556, 0.151851463266, -0.222362390025, 0.176090710154, 1.04902214869, 0, 0.000000
92, 162.870549608, 10.5380586017, 162.868679514, 10.5322652704, 0.000172595037213, 0.000189991663019, 0.54960234426, 0.000172595036548, 0.000189991663054, 0.549602335278, 58153.4245023, 58153.4248495, 918.365196488, 15.1115031718, 21.6085631561, -1.45292488053, 1.31014570135, 0.172684103852, 0.0306298479279, 0.0882510178507, 0.120962240584, 3.13744802791, 0.346057112372, -0.927571973713, 0.366588855082, 1.21090802021, 0, 0.000000
93, 162.750969816, 10.5364519377, 162.74691148, 10.5391369468, 0.000123825522046, 0.0001187095757, 0.906339486808, 0.000121447524886, 0.000116058979816, 0.898435998615, 58153.4245023, 58153.4248495, 446.922252443, 18.2506658251, 17.0998647473, 0.565436701599, 0.861047461339, 0.0795662485625, 0.0171603354623, 0.202464248819, 0.140759153155, 7.0424271065, 0.154170740902, 0.0903177190393, 0.208762440461, 1.50730242251, 0, 0.000000
94, 162.876507323, 10.5399452856, 162.86971862, 10.5313448914, 0.000177732030673, 0.000182703349668, 0.94976780357, 0.000177520469456, 0.000182504590022, 0.949570064061, 58153.4245023, 58153.4248495, 704.662358209, 15.3695000671, 38.7044954376, 0.840050873048, 1.28576384804, 0.0996212490011, 0.00916861188045, 0.0585761467498, 0.11500454476, 7.44310014618, 0.145871502927, 0.14550164708, 0.185753978912, 1.28632568239, 0, 0.000000
95, 162.764823319, 10.5375102283, 162.760821277, 10.5329328806, 0.000516404143385, 0.000533922179547, 0.920365444752, 0.000516404143187, 0.00053392218002, 0.920365444644, 58153.4245023, 58153.4248495, 617.36227273, 18.0572253963, 21.4587030189, 1.41247875704, 3.79712595647, 0.505407762461, 0.0879857110247, 0.43184797388, 0.379233944876, 4.54130288702, 0.23908033262, -0.085952582143, 0.448305465494, 1.3111172259, 5, 0.000000
96, 162.940475285, 10.5374378148, 162.936995954, 10.5358128186, 0.000372826032126, 0.000347028430452, 0.69835410052, 0.000372828754053, 0.000347031032883, 0.698362148497, 58153.4245023, 58153.4248495, 459.294494411, 13.8539944331, 13.4657580663, 1.11919904353, 2.6164504911, 0.382615871455, 0.110335243952, 0.512331229536, 0.362928201997, 5.05585714763, 0.214748196607, -0.0568493676319, 0.421703293502, 1.4088973501, 0, 0.000000
97, 162.747978166, 10.534802083, 162.74400025, 10.5316081219, 0.000143485356922, 0.000145234919746, 0.952256791332, 0.00014404007411, 0.000145065326197, 0.951378140278, 58153.4245023, 58153.4248495, 337.802914685, 16.891293257, 17.951614371, 0.486152036543, 1.03402835673, 0.0814835476335, 0.0162052802194, 0.21190173142, 0.163795156916, 5.88406521435, 0.184521443119, 0.0657517737717, 0.246732682067, 1.12314142013, 0, 0.000000
98, 162.92360647, 10.5320772664, 162.914333219, 10.5356906827, 0.000211609337422, 0.00020335274602, 0.680891391132, 0.000211297557765, 0.00020313394002, 0.679399811929, 58153.4245023, 58153.4248495, 806.627351012, 16.1084637383, 34.8726062929, 0.812285487255, 1.48137761529, 0.119425590049, 0.0121648859236, 0.151064893606, 0.144357234009, 7.11656189691, 0.152564710388, -0.0972057076145, 0.210035715693, 1.27676218038, 0, 0.000000
99, 162.826588122, 10.5301088578, 162.823669209, 10.5350267936, 0.000253263155817, 0.000261837938179, 0.80316540988, 0.000253263133857, 0.000261837921653, 0.80316534863, 58153.4245023, 58153.4248495, 578.132827367, 13.5588977718, 20.2447424488, 1.26731453482, 1.85957137323, 0.240558169279, 0.0444885318104, 0.218216722201, 0.197929793263, 10.025179009, 0.108300929468, 0.684260148038, 0.225622016622, 1.3825866461, 0, 0.000000
100, 162.818472795, 10.5346683562, 162.815176257, 10.5316202074, 0.000900035707186, 0.000919444181438, 0.999976220079, 4.56239333418e-05, 4.47036875897e-05, 0.34458227904, 58153.4245023, 58153.4248495, 284.520573562, 14.2004065599, 15.8182453932, 0.198248090922, 4.57999079279, 0.0130011913515, 0.00404409565609, 0.124666709331, 0.320583352973, 6.12925610131, 0.177139963939, -0.358480338264, 0.366268007104, 0.897773442792, 0, 0.000000
101, 162.890067692, 10.5334494605, 162.889203071, 10.5306196884, 6.95055251887e-05, 7.39670095491e-05, 0.593850180333, 6.62456753613e-05, 7.2011723126e-05, 0.476078321455, 58153.4245023, 58153.4248495, 264.642799565, 16.1450294749, 10.5044952348, 0.382751527814, 0.513153477388, 0.0445818606625, 0.016871912866, 0.133792035906, 0.11919654223, 5.75389780515, 0.188695774851, -0.0590376674344, 0.223190302492, 1.09376866981, 0, 0.000000
102, 162.767153811, 10.5297170719, 162.762593532, 10.5328342469, 9.64466429037e-05, 9.35695084318e-05, 0.910879145227, 0.000103077382223, 9.88408387833e-05, 0.923608772043, 58153.4245023, 58153.4248495, 463.998238608, 16.7857400166, 19.4161924397, 0.504112018937, 0.699433766635, 0.0606552463723, 0.0111379858401, 0.19742171007, 0.116943746335, 5.92357034588, 0.183290843421, -0.218057540424, 0.217419808409, 1.10901871259, 0, 0.000000
103, 162.843749433, 10.5282808128, 162.835862177, 10.5331126123, 0.000127614681675, 0.000129975658268, 0.926600126487, 0.000575246891047, 0.000563073325123, 0.999803872738, 58153.4245023, 58153.4248495, 439.199985896, 14.807302233, 32.4880217349, 0.179358508463, 2.93484816423, 0.00874155151404, 0.00106940332205, 0.0635338087424, 0.108387629931, 10.0899278739, 0.107605943108, 0.0445504654597, 0.152731520369, 1.14917791814, 1, 0.000000
104, 162.785013741, 10.5303335123, 162.779806346, 10.531664131, 0.000158128641389, 0.000149323261023, 0.481027115817, 0.00015759968215, 0.000149657252848, 0.488820344431, 58153.4245023, 58153.4248495, 547.44582764, 15.5208675043, 18.8093632832, 0.642092034113, 1.1010001213, 0.104926495153, 0.0201505586639, 0.28770420405, 0.163004332051, 7.67073125918, 0.141542724947, 0.00713011533369, 0.215881345309, 1.19171566627, 0, 0.000000
105, 162.789895483, 10.5248771671, 162.78725133, 10.5318610468, 0.000258786820461, 0.000266416063964, 0.614411586, 0.000258782348371, 0.000266418437264, 0.614375161332, 58153.4245023, 58153.4248495, 701.860900847, 15.1651837131, 26.4942318764, 0.947752414108, 1.88150306365, 0.186552374123, 0.0254344066379, 0.228093922288, 0.197075029933, 6.93537617169, 0.156550441949, 0.000793214319316, 0.25168752114, 1.28916424476, 0, 0.000000
106, 162.91492933, 10.5266523146, 162.90755946, 10.5290714972, 9.18982354103e-05, 8.88246962989e-05, 0.91986183545, 5.78293309024e-05, 5.46448348205e-05, 0.226244177567, 58153.4245023, 58153.4248495, 413.010940675, 17.6305751918, 27.1637973531, 0.28334435559, 0.54583064484, 0.0209761050706, 0.0028555406679, 0.0748315262364, 0.0718798189777, 7.20864254006, 0.150615902887, -0.0412879078832, 0.166888761091, 1.34055305705, 0, 0.000000
107, 162.95568041, 10.5269558419, 162.947784426, 10.5287439264, 0.000495435925942, 0.000460748225363, 0.431142016282, 0.000495475305679, 0.000460788763884, 0.431446943642, 58153.4245023, 58153.4248495, 786.578661972, 13.8917375951, 28.3277528031, 1.26285211939, 3.43900001735, 0.384741505873, 0.0487691996019, 0.437193815492, 0.318541809998, 5.22331288791, 0.207863520347, -0.37165697514, 0.380363152538, 1.22973871398, 0, 0.000000
108, 162.925902867, 10.5248866205, 162.922631264, 10.5268007727, 0.000103127316099, 9.82665634067e-05, 0.914625844281, 8.46319739502e-05, 7.92698904773e-05, 0.804366340498, 58153.4245023, 58153.4248495, 366.558826852, 16.157410586, 13.3096302638, 0.452502601857, 0.662031039634, 0.0514419881717, 0.0148389010845, 0.201839762757, 0.114967847144, 6.37610176372, 0.170282132405, -0.0981312246341, 0.205459510593, 1.02386339817, 0, 0.000000
109, 162.92060981, 10.5270272309, 162.918831458, 10.5192730163, 9.72666137432e-05, 9.99180295232e-05, 0.75478768427, 7.94692761538e-05, 8.14927743727e-05, 0.00773109116117, 58153.4245023, 58153.4248495, 437.952948749, 16.8924782254, 28.260123988, 0.296225863815, 0.642781210016, 0.0244887448518, 0.00322174592976, 0.0858740228145, 0.0800349288826, 9.48008881408, 0.114528062558, 0.233217762205, 0.139722106177, 1.28043028646, 3, 0.000000
110, 162.902753003, 10.5271342408, 162.895803564, 10.5254875451, 7.44874885574e-05, 7.19974646773e-05, 0.626682036712, 0.000105045500933, 0.000107555487458, 0.927660315573, 58153.4245023, 58153.4248495, 425.617859931, 16.2898560514, 24.9908732971, 0.332214848555, 0.650099730489, 0.0258970041195, 0.00351125980187, 0.0790640500925, 0.0737008020432, 6.63725012919, 0.163582234152, -0.158304541954, 0.17941838131, 1.07094894719, 2, 0.000000
111, 162.943552269, 10.526825851, 162.939687026, 10.5254690515, 0.000100977526107, 9.99526151477e-05, 0.643749181478, 9.59209204692e-05, 9.41896704585e-05, 0.52668874965, 58153.4245023, 58153.4248495, 287.712689569, 16.3307457787, 14.3482172195, 0.438514765771, 0.698054659376, 0.0658958724666, 0.01604685631, 0.201454349453, 0.145147700123, 5.76717859619, 0.188261241896, 0.0546038956416, 0.237718636315, 1.03333332104, 0, 0.000000
112, 162.871663315, 10.5251629826, 162.869116667, 10.5217396582, 2.70562373392e-05, 2.8974302627e-05, 0.892356893632, 2.71048891692e-05, 2.69962350184e-05, 0.903266123778, 58153.4245023, 58153.4248495, 361.18640327, 13.9916066333, 15.0788709962, 0.293088183399, 0.196215715022, 0.0245573770873, 0.00603556351818, 0.156059462558, 0.0785615979218, 6.19771365334, 0.175183344292, -0.396574116386, 0.191992522733, 1.21871558209, 0, 0.000000
113, 162.91953758, 10.5244134804, 162.913470613, 10.5267602613, 0.000269589978108, 0.000254994676495, 0.666658607008, 0.000269270545646, 0.000254744741326, 0.66524301607, 58153.4245023, 58153.4248495, 542.344486294, 16.240309002, 22.7932477598, 0.853795562085, 1.87963783469, 0.191189801851, 0.0302680008673, 0.276201708749, 0.225144384036, 5.19284569426, 0.209083086362, -0.167180654957, 0.307255155637, 1.09108439884, 0, 0.000000
114, 162.785260879, 10.5198500709, 162.781223247, 10.5212471089, 0.000151510195895, 0.000148483094471, 0.556056480444, 0.000168125030854, 0.000159591885642, 0.682664677085, 58153.4245023, 58153.4248495, 277.206359495, 13.3490592804, 14.9642955747, 0.44385960793, 1.12092935937, 0.0876694757198, 0.0214619255155, 0.268639755465, 0.197249600739, 7.87041673145, 0.137951552225, 0.377888747118, 0.240703210932, 1.23858564103, 1, 0.000000
115, 162.822675317, 10.5130323357, 162.820914887, 10.5162359004, 0.00015172358603, 0.000158429640531, 0.76646120957, 0.000151736415761, 0.000158424336845, 0.766552689158, 58153.4245023, 58153.4248495, 626.988614272, 12.9191310293, 12.9463593079, 0.871653252039, 1.1205579446, 0.148991921975, 0.0437034697535, 0.374841273195, 0.176244626086, 9.67162912758, 0.112259908898, 0.141662394862, 0.208960415797, 1.19960757268, 0, 0.000000
116, 162.851969278, 10.5088630455, 162.849667245, 10.513575157, 0.000113257170198, 0.000114734723452, 0.742279756528, 0.00011377288811, 0.000115666145874, 0.746129084076, 58153.4245023, 58153.4248495, 534.511933171, 14.0080882056, 18.5862285489, 0.579533817643, 0.819025744181, 0.0727640402839, 0.0142782986883, 0.194114733541, 0.124766156219, 7.52656469272, 0.144253885947, -0.103209446379, 0.190724349123, 1.32022678403, 2, 0.000000
117, 162.979545966, 10.5146708821, 162.977050286, 10.5085309968, 0.000322329422137, 0.000337213425351, 0.508066582267, 0.000399721426455, 0.000412555785776, 0.828627780833, 58153.4245023, 58153.4248495, 238.192280581, 14.9771775204, 23.5082667524, 0.401938436712, 2.64956029689, 0.127613860662, 0.0192669986257, 0.254615413897, 0.308681164394, 4.25731759802, 0.255028237795, 0.00777422239457, 0.400404125009, 1.22603084926, 7, 0.000000
118, 162.890340662, 10.509991382, 162.888875367, 10.5125440776, 8.5368211035e-05, 8.62640508091e-05, 0.945318441598, 5.19688733234e-05, 5.07246997791e-05, 0.580838919858, 58153.4245023, 58153.4248495, 291.649333309, 14.495981331, 10.421946958, 0.310624552256, 0.500090742917, 0.0258552102204, 0.00935612123787, 0.19122914076, 0.0852872839391, 7.39853912889, 0.14675007942, -0.0596404518712, 0.169733634297, 1.0246418763, 0, 0.000000
119, 162.897270363, 10.5093873113, 162.894180093, 10.5073667944, 0.000123002102329, 0.000124919405404, 0.915874621746, 0.00011988388614, 0.000118367708779, 0.889662670574, 58153.4245023, 58153.4248495, 401.467542993, 15.2229332751, 12.9739723851, 0.393039563007, 0.867711567021, 0.0577283949468, 0.0151468607141, 0.364501924995, 0.14269492621, 5.79965260673, 0.187207110215, -0.43741086475, 0.235389770553, 1.44108621643, 2, 0.000000
120, 162.905416492, 10.5068415965, 162.904499578, 10.510625882, 0.00325001885183, 0.0031829887287, 0.999897973652, 0.0019991965711, 0.00204268966463, 0.999366483293, 58153.4245023, 58153.4248495, 266.826056614, 16.2451171365, 13.8309697402, 0.178276603922, 19.1043357702, 0.0113240886997, 0.00312002336007, 0.124396758418, 1.48531696364, 10.5517629378, 0.102896190064, 0.320755456514, 1.48887679423, 0.841648806938, 0, 0.000000
121, 162.93293133, 10.5105526922, 162.924664121, 10.507253641, 0.000205294926376, 0.000206691123406, 0.941678589533, 0.000118721508851, 0.000116965770649, 0.101029704632, 58153.4245023, 58153.4248495, 400.053551297, 15.9245940391, 31.1929071164, -0.318279185519, 1.19654098939, 0.0464802370424, 0.00509406816053, 0.163841332083, 0.13764075683, 6.65270890002, 0.163202121283, -0.0178988229312, 0.213494520613, 1.53242516783, 4, 0.000000
122, 162.863920665, 10.5073261598, 162.860383254, 10.504448807, 6.04115942934e-05, 6.55336976509e-05, 0.418451740497, 0.000327426833401, 0.000333763868628, 0.999085474613, 58153.4245023, 58153.4248495, 302.537229669, 14.1482215857, 16.0492410516, 0.216984492028, 1.67430899146, 0.0194943714488, 0.00455500260035, 0.164553630243, 0.126866171638, 7.02170029892, 0.154625825446, -0.206606308014, 0.200010428231, 1.38508096382, 0, 0.000000
123, 162.97475348, 10.5067838806, 162.972705236, 10.501702763, 9.1750175031e-05, 9.52646116312e-05, 0.855188219549, 6.82763041287e-05, 7.08366103307e-05, 0.396374580179, 58153.4245023, 58153.4248495, 470.273333231, 15.0313829482, 19.4323918551, 0.3387039715, 0.593850208375, 0.0255137435975, 0.00437907556127, 0.149116717633, 0.0715059545935, 5.93524630227, 0.182930269354, -0.523181609272, 0.196409228369, 1.27527739808, 0, 0.000000
124, 162.919076299, 10.5052484274, 162.906320022, 10.5006025302, 0.000289489483715, 0.00028869400428, 0.616929916841, 0.000292875492212, 0.000291857936722, 0.636375593566, 58153.4245023, 58153.4248495, 606.003773275, 15.7173771998, 47.5594973462, 0.686614454517, 2.07234075832, 0.132635959223, 0.00978842263606, 0.11766013668, 0.187137459328, 2.29530425859, 0.473024959848, -1.02276266655, 0.508697396615, 1.35489099453, 0, 0.000000
125, 162.951616195, 10.4935184502, 162.943586755, 10.4863294639, 0.000211953505411, 0.000215456334127, 0.976045108232, 0.00020758100581, 0.000211507767823, 0.975107402765, 58153.4245023, 58153.4248495, 441.864673246, 13.9708023304, 37.9651105831, 0.615772237919, 1.5090345609, 0.101688327299, 0.00946008027034, 0.0768374489209, 0.159393195065, 7.54493880669, 0.143902585903, 0.41399378656, 0.214742042606, 1.27797016441, 4, 0.000000
126, 162.961954765, 10.4850984122, 162.959637467, 10.4908799985, 9.1570580108e-05, 9.16195951779e-05, 0.670021989219, 8.87231726591e-05, 8.94505737595e-05, 0.616761080705, 58153.4245023, 58153.4248495, 349.64898416, 14.1912165673, 22.0953546649, 0.428249755853, 0.641683093751, 0.0582855147362, 0.00893953545571, 0.130346360298, 0.128286518848, 8.15532778101, 0.133132135693, 0.326323872484, 0.184882655953, 1.15543824957, 0, 0.000000
127, 162.939282498, 10.4901619025, 162.933105668, 10.4879361736, 0.000117146316261, 0.000117167300903, 0.710046886456, 0.000105458093084, 0.000103912915985, 0.482277581171, 58153.4245023, 58153.4248495, 445.662110528, 14.4495335231, 23.000763399, 0.499941301315, 0.792906024625, 0.0641821333842, 0.00950865384119, 0.13589873757, 0.122271282966, 7.11829410684, 0.152527584343, 0.0260187185815, 0.195486394983, 1.14017203874, 0, 0.000000
128, 162.900180823, 10.4817189041, 162.899145238, 10.4788555569, 0.000327886088595, 0.000398752700744, 0.561880586622, 0.000327886086488, 0.000398752700071, 0.561880575546, 58153.4245023, 58153.4248495, 580.214506248, 10.4067369469, 10.8043414764, 1.49406698932, 2.71814770765, 0.485478881078, 0.192326171753, 0.631251991767, 0.364808844975, 6.48203445452, 0.167499295534, -0.0317699954076, 0.401424348261, 1.23266248049, 0, 0.000000
129, 162.204043448, 10.393207262, 162.198394649, 10.3889544617, 0.000143630809796, 0.000147720144989, 0.931469176746, 0.00015286516064, 0.000156038912336, 0.941730866391, 58153.4245023, 58153.4248495, 432.859046461, 12.4355414791, 24.8713039297, 0.424140278184, 1.07424244238, 0.073751282537, 0.0104708141339, 0.257688142756, 0.16816426093, 5.16156331075, 0.21035026394, -0.447402386474, 0.269307356368, 1.35450488454, 1, 0.000000
130, 162.17282042, 10.3874544528, 162.172326641, 10.3835369634, 0.000289385740459, 0.000334093603218, 0.241271587437, 0.000289385725067, 0.000334093684265, 0.241271209048, 58153.4245023, 58153.4248495, 466.630465956, 10.9173182664, 14.0330291847, 1.25215261737, 2.27355780475, 0.340203254498, 0.0960239538858, 0.268710297053, 0.285400321622, 2.90010279439, 0.374378524395, -0.69053105248, 0.470757499261, 1.24657611591, 1, 0.000000
131, 162.215714511, 10.3719035986, 162.212001064, 10.3645687357, 0.000267090856842, 0.000278718047811, 0.785297827391, 0.000267232972551, 0.000278918681543, 0.78571047717, 58153.4245023, 58153.4248495, 597.001607098, 12.3737737008, 29.1278239902, 0.853597783354, 1.95259081015, 0.175730556, 0.0216294993167, 0.179698964655, 0.203497805393, 8.0923433114, 0.134168332086, 0.204663805299, 0.243746791024, 1.48089994983, 0, 0.000000
132, 162.267829916, 10.3674984248, 162.263712981, 10.366829625, 0.000651012355272, 0.000517493208396, 0.0348530530214, 0.000691317947778, 0.000583880864852, 0.533375476319, 58153.4245023, 58153.4248495, 801.970391165, 10.0481383449, 14.5901632872, 1.94891222612, 4.61306585898, 0.691725849493, 0.200334671605, 0.669504716317, 0.43077677799, 8.10221584406, 0.134004848261, -0.0642393072124, 0.451138484074, 1.31311988727, 3, 0.000000
133, 162.244900532, 10.3580613, 162.242098469, 10.3620615664, 7.20213595558e-05, 6.98842244034e-05, 0.913138327466, 6.56727372039e-05, 6.54309959354e-05, 0.873407261015, 58153.4245023, 58153.4248495, 482.863649749, 11.5128832024, 17.2713448582, 0.433448983493, 0.486619697318, 0.0404723483028, 0.00863625980306, 0.173323783619, 0.0911734239692, 12.2539797889, 0.088602741596, 0.281045010376, 0.127133941403, 0.99183555535, 0, 0.000000
134, 162.290616506, 10.3505309105, 162.285354438, 10.3517480426, 0.000106620806747, 0.000101522129527, 0.194748917651, 0.000118581035866, 0.000114898909447, 0.628149536268, 58153.4245023, 58153.4248495, 295.685387117, 9.8944100926, 18.903374879, 0.380508902391, 0.796119964053, 0.0575072461607, 0.0104963882116, 0.185641845001, 0.144602905123, 6.99083271022, 0.155308566199, 0.00997919571966, 0.212204502555, 1.15054599878, 7, 0.000000
135, 162.976280581, 10.079301084, 162.970061315, 10.0749573298, 0.000342234591529, 0.000345073494144, 0.923126004602, 0.000304352181385, 0.000303566060722, 0.880866741547, 58153.4245023, 58153.4248495, 790.180858352, 13.3948921258, 26.6913932828, 0.945341179108, 2.32834110145, 0.218665340012, 0.0290406922765, 0.474019730933, 0.240747782085, 8.3577887408, 0.129907112806, -0.0840515921891, 0.273560509827, 1.32287965576, 1, 0.000000
136, 162.334154378, 10.0409108076, 162.331519916, 10.0394604683, 1.28958187394e-05, 9.26552158503e-06, 0.766773416028, 1.10214063799e-05, 1.04532605216e-05, 0.868611507529, 58153.4245023, 58153.4248495, 256.610527118, 17.687743047, 10.5664336094, 0.209881802587, 0.0880697639486, 0.0142894304912, 0.00549121914164, 0.0666300571653, 0.0390240434289, 11.5250932285, 0.0942062839088, 0.486840440301, 0.101969112448, 0.912005696443, 7, 0.000000
137, 162.981125917, 10.039046591, 162.97735033, 10.0428010592, 0.000580470772346, 0.000572769557871, 0.880371507854, 0.000580470070185, 0.000572768824311, 0.880371210869, 58153.4245023, 58153.4248495, 417.445851728, 14.2802796498, 18.797427197, 2.15200286519, 4.25642721109, 0.724901388064, 0.153859105704, 0.256878494972, 0.3860882506, 4.06049506572, 0.267390105685, 0.228797492689, 0.469639868271, 1.29934846493, 4, 0.000000
138, 162.380115639, 10.0268221843, 162.372332001, 10.0288341136, 0.00024681467718, 0.000233456451514, 0.490439610786, 0.000246841769091, 0.000233472628541, 0.490631400163, 58153.4245023, 58153.4248495, 602.068426576, 16.7239488827, 28.1754404602, 0.978282500894, 1.72018167722, 0.167490234652, 0.0215378822557, 0.119391454249, 0.16956118973, 1.94685012927, 0.557688641994, -1.17236754682, 0.582895889909, 1.02789212784, 0, 0.000000
139, 162.491582747, 10.0290910491, 162.48868134, 10.027062227, 0.000666395982148, 0.000616350255943, 0.796682583409, 0.000666395978874, 0.000616350252791, 0.796682580965, 58153.4245023, 58153.4248495, 499.984702515, 14.2700348023, 12.4581245, 1.92846568578, 4.82372642402, 0.889454847648, 0.317002883265, 0.485640565919, 0.520478547145, 3.94613262031, 0.275139309604, -0.0108652507855, 0.588727065564, 1.24156868547, 2, 0.000000
140, 162.411238074, 10.0248810915, 162.408172096, 10.0242953876, 2.97334166308e-05, 3.03571609676e-05, 0.311846269817, 3.8040906725e-05, 3.78375092701e-05, 0.757489189213, 58153.4245023, 58153.4248495, 241.639568023, 19.0783600649, 10.9340386409, 0.271341389419, 0.24160958087, 0.0148317253907, 0.00586240120235, 0.0504405555788, 0.0560733745323, 7.70748397237, 0.140867786252, 0.259436303369, 0.151617797553, 0.772146441357, 1, 0.000000
141, 162.466566484, 10.0198302943, 162.462795275, 10.0207408815, 5.07127893303e-05, 5.08409805224e-05, 0.0554974181825, 6.55995771618e-05, 6.24921495548e-05, 0.742668389158, 58153.4245023, 58153.4248495, 331.726227744, 15.1450420242, 13.5960332531, 0.385032120878, 0.406672336946, 0.0390315498911, 0.0101907395173, 0.156972666263, 0.0954483279147, 8.81656169707, 0.123147349507, 0.27534151485, 0.155806460047, 1.11376063405, 0, 0.000000
142, 162.972580632, 10.0110837222, 162.96810991, 10.0136269416, 6.35232899346e-05, 6.02631744786e-05, 0.800430043783, 7.32699570742e-05, 7.02677395683e-05, 0.889885935061, 58153.4245023, 58153.4248495, 275.150198396, 19.265909043, 18.0871770416, 0.333810684668, 0.476963608588, 0.0443884513312, 0.00861258252423, 0.155475921329, 0.126238531108, 4.18569833738, 0.259391890491, -0.262839605012, 0.288479322637, 1.19546994981, 2, 0.000000
143, 162.971001401, 10.0001867436, 162.965394856, 9.99707615117, 0.000627060193904, 0.000615034508646, 0.805504845271, 0.000627036840009, 0.000615008991674, 0.805474800287, 58153.4245023, 58153.4248495, 335.026433815, 15.8477067477, 22.5318429369, 0.982049357449, 4.46039661809, 0.490439778717, 0.0786471648095, 0.430983803128, 0.514825477924, 2.33238587413, 0.465504536277, -0.449371794709, 0.694074740942, 1.25465489673, 8, 0.000000
