\
\ strid, ra1, dec1, ra2, dec2, ra1_err, dec1_err, corr1, ra2_err, dec2_err, corr2, start_mjd, end_mjd, flux, bg, length, sigma, length_err, sigma_err, pa_err, bg_err, fit_mag_err, ap_snr, ap_mag_err, dmag, dmag_err, chi2, numfit, prob
\ null, deg, deg, deg, deg, deg, deg, null, deg, deg, null, days, days, dn, dn, pixels, pixels, pixels, pixels, deg, dn, mag, null, mag, mag, mag, null, null, null
\
1, 218.230009753, 38.4156900868, 218.223798325, 38.4150342583, 0.000145635994414, 0.000136228567105, 0.25623243564, 0.000145384577138, 0.00013622343357, 0.256173202668, 58232.2471296, 58232.2474768, 947.427625417, 27.5459240479, 17.4631994751, 0.738592544048, 1.01087897919, 0.109443683882, 0.0224771880138, 0.346030721597, 0.146429484399, 12.9945588121, 0.0835531410078, 0.386223055713, 0.168590394963, 1.21454708936, 0, 0.000000
2, 218.210737282, 38.4016600222, 218.208276415, 38.4068918863, 0.000449204780691, 0.00047377790916, 0.623889614319, 0.00045066587597, 0.000475641539561, 0.629385929474, 58232.2471296, 58232.2474768, 369.983261179, 37.0286815409, 19.8346186686, 0.739929253095, 3.31398377508, 0.335351969549, 0.06124178563, 0.462002170745, 0.453831399181, 2.69920672303, 0.402242701714, -0.199005013602, 0.606433945261, 1.22449676594, 3, 0.000000
3, 218.236805056, 38.4041584703, 218.232699374, 38.3994328308, 9.51260616281e-05, 9.48734228651e-05, 0.894531124964, 9.80892083206e-05, 9.84716104889e-05, 0.903649282037, 58232.2471296, 58232.2474768, 934.341514265, 30.5312500068, 20.3254324342, 0.558545274826, 0.689836512182, 0.061725945458, 0.0107674019255, 0.272628420759, 0.107058608539, 9.2971585001, 0.116781509614, -0.0643142292527, 0.158428111931, 1.16454305613, 0, 0.000000
4, 218.226115072, 38.3930490891, 218.221593328, 38.3882562083, 0.000259450525982, 0.000259646951221, 0.915339938958, 0.000260364859061, 0.000260596057734, 0.916208260879, 58232.2471296, 58232.2474768, 777.827206357, 35.2751632069, 21.1922348103, 0.773126847415, 1.86221395923, 0.185203146245, 0.0317766785589, 0.320104035935, 0.236777995468, 9.8459876803, 0.110271944269, 0.491725041841, 0.261196709073, 1.26045989157, 2, 0.000000
5, 218.211445724, 38.3896907772, 218.2107192, 38.393643178, 9.70355149e-06, 1.12014369385e-05, 0.742109577113, 8.16079758027e-06, 8.38372807116e-06, 0.329135078731, 58232.2471296, 58232.2474768, 411.00145632, 36.4832667938, 14.2025626966, 0.158442113634, 0.0680664468674, 0.00786898484188, 0.0021745302813, 0.125157745628, 0.0503477647555, 11.9325045611, 0.0909898001044, 0.345856204111, 0.103990581972, 0.864225302179, 1, 0.000000
6, 218.239692476, 38.3914243598, 218.228891914, 38.3857770201, 0.000529102531075, 0.000512403757445, 0.896092646723, 0.000529085197928, 0.000512388253288, 0.896082367721, 58232.2471296, 58232.2474768, 1238.28016669, 33.5622911064, 36.1803948005, 1.03619801228, 3.72743773459, 0.337535252036, 0.0327722275838, 0.680052508603, 0.333012283139, 9.54137889894, 0.113792379095, 0.257739168853, 0.351917442394, 1.22405377913, 0, 0.000000
7, 218.245774749, 38.3860150498, 218.241237798, 38.37996972, 8.42845049823e-05, 8.16996990231e-05, 0.844837623294, 9.11466661811e-05, 9.08391309468e-05, 0.881456462237, 58232.2471296, 58232.2474768, 763.900446367, 30.2736280509, 24.9365757713, 0.328957110208, 0.614516735418, 0.0285285653396, 0.00404978735902, 0.176565213663, 0.0824269194807, 6.9506298559, 0.156206880134, -0.422860078011, 0.176620458771, 1.14665078121, 1, 0.000000
8, 218.233454557, 38.3823037958, 218.221264164, 38.3726761317, 0.000273560273516, 0.000269210247492, 0.978431208858, 0.000273691551825, 0.000269335769475, 0.978451850081, 58232.2471296, 58232.2474768, 1931.22617808, 32.2681599194, 48.2271573509, 0.924210839754, 1.93746658402, 0.142531918421, 0.0103900053799, 0.29461903061, 0.151951367421, 12.5303368728, 0.0866486045649, 0.150162863316, 0.174920549776, 1.26566158017, 0, 0.000000
9, 218.230110665, 38.3695731934, 218.22647754, 38.3758254676, 0.000100679567625, 0.000101336096399, 0.826980423468, 8.54887086919e-05, 8.87119328104e-05, 0.62652408972, 58232.2471296, 58232.2474768, 657.709715972, 32.3209642644, 24.4394920267, 0.380310504754, 0.669939310786, 0.0448468382007, 0.00676124200319, 0.210706565608, 0.115041457016, 8.476448106, 0.128088580403, 0.0721343722438, 0.172166260522, 1.25332737268, 0, 0.000000
10, 218.23163504, 38.3155937771, 218.227349471, 38.3131746621, 0.00016672490531, 0.000159833682992, 0.891910514152, 0.000167212694059, 0.00016025130685, 0.89265991877, 58232.2471296, 58232.2474768, 829.739064843, 27.8245841951, 14.7271240351, 0.817723861147, 1.17809871706, 0.144275556512, 0.0362611184726, 0.622485027403, 0.182740546553, 7.15080226516, 0.151834180907, -0.160989074732, 0.237587301526, 1.24674668061, 1, 0.000000
11, 218.234330389, 38.3120214041, 218.228115208, 38.3130486641, 0.000209289256664, 0.000199336968975, 0.360986829341, 0.0002110140906, 0.000201331848255, 0.399804790467, 58232.2471296, 58232.2474768, 864.621760705, 28.6166943796, 17.7259991837, 0.688952576522, 1.47199619262, 0.155812669668, 0.0308070959282, 0.753083117239, 0.225670278718, 7.85156443532, 0.138282786023, -0.146734857509, 0.264668100849, 1.23566096211, 0, 0.000000
12, 218.232872286, 38.2783210818, 218.228440056, 38.2837331167, 0.000244901540523, 0.000258630388142, 0.850846767837, 0.000244901540397, 0.00025863038815, 0.850846767502, 58232.2471296, 58232.2474768, 1119.36500042, 30.2947775244, 22.8860993854, 1.4213154905, 1.81806903648, 0.234492653772, 0.038296876208, 0.295617972304, 0.172215427984, 7.4538185681, 0.145661743016, 0.169480739201, 0.225555973129, 1.20880946472, 2, 0.000000
13, 218.221941548, 38.2527715069, 218.215448794, 38.249309201, 0.000140725035061, 0.000136132259361, 0.901820004308, 0.000138356187538, 0.00013406208067, 0.896994528127, 58232.2471296, 58232.2474768, 936.082148416, 33.0257461075, 21.9119462559, 0.674404237314, 0.981950858087, 0.091099214392, 0.0149391407305, 0.257588948776, 0.132613145739, 6.83687885621, 0.15880582757, -0.221999953277, 0.206894990981, 1.14685689077, 0, 0.000000
14, 218.211657901, 38.2082867754, 218.210034926, 38.2112315657, 5.71304504899e-05, 6.14746242194e-05, 0.684930265342, 0.000135871062315, 0.000139667493143, 0.988404330818, 58232.2471296, 58232.2474768, 483.436342672, 26.9933317193, 11.413935862, 0.232915912591, 0.768570332321, 0.0194622436929, 0.0060274161853, 0.235976854185, 0.0888550362984, 10.8427353477, 0.100134898616, 0.0186545837094, 0.133873878693, 1.42343215693, 0, 0.000000
15, 218.193899447, 38.20626499, 218.186738959, 38.2072628797, 0.000889074155544, 0.00077855283607, 0.401542039629, 0.000866424095988, 0.000746418926455, 0.217693084182, 58232.2471296, 58232.2474768, 1236.53896198, 36.675965868, 20.3233050006, 1.92206482631, 6.03170954748, 0.906810990396, 0.171380412888, 1.14979266022, 0.537809378746, 6.50723797646, 0.166850545298, 0.00898934094948, 0.563096823232, 1.27532792449, 7, 0.000000
16, 218.189659165, 38.1940514059, 218.182882086, 38.1978493306, 0.00020998057396, 0.000212260025965, 0.962533493121, 0.000143525524965, 0.000147867507611, 0.865112781125, 58232.2471296, 58232.2474768, 525.177157406, 33.5943566925, 23.2688598113, 0.366408015816, 1.29225270794, 0.067562617295, 0.0105406360519, 0.328472120347, 0.178959314778, 4.62239212773, 0.234886217949, -0.459689387407, 0.295293026887, 1.15691772785, 1, 0.000000
17, 218.632294347, 38.0347170468, 218.626444892, 38.0325659816, 0.000301214847602, 0.000278317270477, 0.720238558263, 0.000301214780489, 0.000278317146518, 0.720238043607, 58232.2471296, 58232.2474768, 1205.39147214, 24.4621009168, 18.0780984854, 1.21514438801, 2.09529242837, 0.278569811093, 0.058430458396, 0.55853368108, 0.238009925767, 8.03004434598, 0.135209241441, -0.11874316388, 0.273733928724, 1.3028286783, 0, 0.000000
18, 218.614113806, 38.0146804297, 218.610670547, 38.0116996765, 7.50552582305e-05, 7.56038573229e-05, 0.988149591079, 5.97440691336e-05, 5.86903797898e-05, 0.981048846475, 58232.2471296, 58232.2474768, 545.025700349, 33.9033470523, 14.3293048038, 0.296831959979, 0.487120886874, 0.0259221841017, 0.00533110246937, 0.226327757094, 0.0791146114961, 4.8867708175, 0.222178662619, -0.697850768987, 0.235844185587, 0.978224364399, 0, 0.000000
19, 218.646666333, 38.0145143052, 218.646030931, 38.0108792317, 8.81707501027e-05, 8.91077850868e-05, 0.393072170652, 0.000103315340979, 0.000100945075945, 0.722656262435, 58232.2471296, 58232.2474768, 530.514799842, 32.7087999613, 13.0455109004, 0.296528096662, 0.677065750838, 0.0278301807703, 0.0074392951375, 0.317155529757, 0.0974309949949, 9.90231850021, 0.109644645821, 0.0902617069709, 0.146679061705, 1.09265053769, 0, 0.000000
20, 218.642171685, 38.0049375176, 218.639998013, 38.0106728071, 0.000111836871897, 0.000116482660553, 0.0547549927394, 0.000152176805914, 0.00016234473062, 0.829807987757, 58232.2471296, 58232.2474768, 455.121764421, 34.9367276179, 21.2806738359, 0.363108118866, 0.989590847373, 0.0714308324575, 0.0121378166582, 0.353286509828, 0.189586700719, 5.20365222733, 0.208648879158, -0.13580479131, 0.281917491233, 1.22864891293, 3, 0.000000
