\
\ strid, ra1, dec1, ra2, dec2, ra1_err, dec1_err, corr1, ra2_err, dec2_err, corr2, start_mjd, end_mjd, flux, bg, length, sigma, length_err, sigma_err, pa_err, bg_err, fit_mag_err, ap_snr, ap_mag_err, dmag, dmag_err, chi2, numfit, prob
\ null, deg, deg, deg, deg, deg, deg, null, deg, deg, null, days, days, dn, dn, pixels, pixels, pixels, pixels, deg, dn, mag, null, mag, mag, mag, null, null, null
\
1, 163.732884739, 10.9760032525, 163.709170361, 10.9740390283, 3.23523713313e-05, 3.0592068843e-05, 0.150571276042, 3.23523713108e-05, 3.05920687655e-05, 0.150571248313, 58153.4546296, 58153.4549768, 30994.7404449, 7.37783886868, 83.0348550574, 3.22518802512, 0.225556293385, 0.0230751990197, 0.00101741470586, 0.0174544216364, 0.00705991364468, 82.988166072, 0.0130830244377, -0.333597390817, 0.014866334757, 1.18711254538, 0, 0.040000
2, 163.762558867, 10.9622353842, 163.709925889, 10.942037836, 9.35661696075e-05, 8.26849672446e-05, 0.564329559501, 9.68178097397e-05, 8.6999178069e-05, 0.643674798224, 58153.4546296, 58153.4549768, 512261.586091, 2.55233739863, 197.182611137, 20.133153883, 0.661753497574, 0.103240407922, 0.00207556262931, 0.0411251032861, 0.0056996552717, 612.544377759, 0.00177250211443, 0.0952779080702, 0.00596890559164, 1.57922585127, 0, 0.004000
3, 163.746123288, 10.9787979312, 163.743076015, 10.9820654396, 0.000199658966286, 0.000199223881088, 0.927741683309, 0.000199596983372, 0.000199160484826, 0.927694424703, 58153.4546296, 58153.4549768, 304.948482725, 10.3459661728, 15.7453789628, 0.971365944291, 1.43739730734, 0.182568273165, 0.0439497169192, 0.109381419288, 0.190849258089, 20.4157803057, 0.0531812249398, 1.51057932246, 0.198120372499, 0.915068874328, 7, 0.000000
4, 163.71431127, 10.9700649801, 163.708909467, 10.9723868973, 0.000196567210553, 0.000173507401215, 0.663748342214, 0.000196567211844, 0.000173507402261, 0.66374834928, 58153.4546296, 58153.4549768, 1996.96594569, 5.86082840314, 20.5754765567, 2.15601064882, 1.35852231635, 0.219111562562, 0.0428677145851, 0.241072760703, 0.110679024196, 4.81684648722, 0.225403945847, -1.51516094755, 0.251111101308, 0.985716603038, 0, 0.000000
5, 163.727750232, 10.9666617568, 163.722820584, 10.9646906943, 8.09941589762e-05, 7.2310339939e-05, 0.619535589185, 8.099415872e-05, 7.23103390591e-05, 0.619535570614, 58153.4546296, 58153.4549768, 1503.31617171, 21.1859656971, 18.5720943716, 1.93051642353, 0.560939863116, 0.0885770378326, 0.0196126245758, 0.0295267338375, 0.0478502744479, 61.5898322668, 0.01762849751, 1.93594917659, 0.0509942417259, 0.622423233645, 0, 0.039000
6, 163.784326022, 10.9622334623, 163.766657467, 10.9567733262, 0.000147824354315, 0.000141798493951, 0.541401767805, 0.000147824455818, 0.000141798610302, 0.541403671105, 58153.4546296, 58153.4549768, 6487.4784604, 3.42635593906, 64.6307260603, 2.41867543798, 1.03852521676, 0.106377545324, 0.00588666303426, 0.105601892456, 0.0450709120701, 17.8760337756, 0.0607369743417, -1.19499182048, 0.075633108934, 0.952185376315, 0, 0.051000
7, 163.672021136, 10.9454368163, 163.65709607, 10.9401816452, 0.000131410816211, 0.000125553978022, 0.5971788371, 0.000131410816114, 0.000125553977818, 0.597178833916, 58153.4546296, 58153.4549768, 6448.34278064, 1.0180714145, 55.3290415449, 2.43433333514, 0.922500752881, 0.101165100343, 0.00666652703935, 0.0918546269068, 0.042209189196, 80.3572320482, 0.0135113688847, 0.380862825288, 0.0443189885006, 1.22986208116, 0, 0.023000
8, 163.686707164, 10.9428606765, 163.68260417, 10.9417468009, 0.000129363336069, 0.000116255335885, 0.463516003849, 0.000129363384441, 0.000116255426057, 0.463518101967, 58153.4546296, 58153.4549768, 925.180860424, 6.90073266943, 14.8545692292, 1.20866964262, 0.892519191338, 0.128967211217, 0.0337345328522, 0.244326559776, 0.11232258087, 13.9831992836, 0.0776457649451, 0.121083057814, 0.136547526478, 1.08094764437, 0, 0.000000
9, 163.712718884, 10.9291894524, 163.708160893, 10.9269140784, 0.000114203288985, 0.000109444905719, 0.753755049565, 0.000114200872519, 0.000109443456367, 0.753744813694, 58153.4546296, 58153.4549768, 941.078141354, 5.41991318286, 17.8435020841, 0.988120873561, 0.80548366595, 0.0984780388486, 0.0204310638936, 0.267407887389, 0.103047530078, 13.7639835318, 0.078882410913, -0.148185448112, 0.129773757774, 1.25796612241, 0, 0.000000
10, 163.70121913, 10.9261123775, 163.66682578, 10.9132532391, 0.000543084718114, 0.000527317002494, 0.818201336004, 0.000427278454458, 0.000393173859543, 0.30363000245, 58153.4546296, 58153.4549768, 26964.3620073, 1.06572769788, 128.43163216, 7.62890360448, 3.46655909451, 0.350318404222, 0.0096930660797, 0.127129826967, 0.0546824046601, 125.842275232, 0.00862775408946, -0.0395937612214, 0.0553588612603, 1.41339818114, 0, 0.000000
11, 163.735920292, 10.8790853282, 163.72599876, 10.8773877331, 1.10875465469e-05, 1.06242070228e-05, 0.31655561687, 1.1087551149e-05, 1.06242120737e-05, 0.316558014199, 58153.4546296, 58153.4549768, 14346.3959691, 0.342834815402, 35.1493599721, 1.1512371124, 0.0776946299589, 0.00735202373136, 0.000756034012396, 0.0677951970946, 0.00630100817105, 122.494367915, 0.00886356020472, 0.0746440407028, 0.0108749898149, 1.19210580179, 0, 0.716000
