\
\ strid, ra1, dec1, ra2, dec2, ra1_err, dec1_err, corr1, ra2_err, dec2_err, corr2, start_mjd, end_mjd, flux, bg, length, sigma, length_err, sigma_err, pa_err, bg_err, fit_mag_err, ap_snr, ap_mag_err, dmag, dmag_err, chi2, numfit, prob
\ null, deg, deg, deg, deg, deg, deg, null, deg, deg, null, days, days, dn, dn, pixels, pixels, pixels, pixels, deg, dn, mag, null, mag, mag, mag, null, null, null
\
1, 108.56875466, 44.2579054945, 108.561062512, 44.2414133644, 0.000609384088389, 0.000618495168191, 0.630591427653, 0.000557290429161, 0.000576646918735, 0.424559438978, 58097.3918981, 58097.3922453, 5681.53202569, -1.32669424048, 61.79917407, 2.34662901861, 4.24448866977, 0.405107994544, 0.0234812268053, 0.383316465998, 0.178073993833, 539.261955229, 0.00201337437998, -0.313634354754, 0.17808537547, 21.2621257127, 6, 0.025000
2, 107.951536352, 44.2602313435, 107.942208536, 44.2578862332, 0.00057356037126, 0.000511835948516, 0.607379713135, 0.000573552303886, 0.000511826988117, 0.607348849923, 58097.3918981, 58097.3922453, 1752.31649552, -4.8882162532, 25.1789531783, 1.76383292347, 3.9432945153, 0.549549437179, 0.0802603099104, 0.968093682734, 0.34413179732, 34.9468365056, 0.0310682257201, 0.105010489475, 0.345531371334, 9.29871186672, 8, 0.000000
3, 108.022279183, 44.2480581778, 108.0117479, 44.2409980412, 0.000344943042575, 0.000330831689512, 0.956772388761, 0.000344943042542, 0.000330831689296, 0.956772388715, 58097.3918981, 58097.3922453, 3230.92552381, -3.77256048736, 36.735258557, 1.42062829511, 2.42216858979, 0.248827513758, 0.0246104265014, 0.41227472863, 0.175261625483, 35.0603966593, 0.0309675961544, -0.00347195601078, 0.177976485465, 32.9915254418, 0, 0.084000
4, 108.137291001, 44.188981397, 108.129296054, 44.1937021088, 0.000565926922826, 0.000570498838389, 0.892142275043, 0.000565928941858, 0.000570500479405, 0.892142964672, 58097.3918981, 58097.3922453, 1960.69425209, -5.08071449955, 26.4050264735, 2.00581950522, 4.13037011686, 0.595253843039, 0.0839152040214, 0.840915520789, 0.32852161859, 32.1102584279, 0.0338127519963, 0.0708043291771, 0.330257106023, 9.94777892372, 3, 0.000000
5, 108.248800764, 44.1889520333, 108.243010326, 44.1860436087, 0.000326470878249, 0.000303927969204, 0.880125132873, 0.000326470906752, 0.000303927991338, 0.880125154193, 58097.3918981, 58097.3922453, 1094.17770167, -5.95264876928, 18.0294613957, 1.30923338096, 2.28437484542, 0.316507995574, 0.0666056676385, 0.615179274978, 0.256227263229, 11.0548620243, 0.098213455977, -0.493307444693, 0.274405344986, 8.59772105014, 0, 0.000000
6, 108.389875909, 44.0877008217, 108.385680576, 44.0871192601, 0.000149034553447, 0.000140958767704, 0.73348140271, 0.000119509181766, 0.00011598059515, 0.110845203847, 58097.3918981, 58097.3922453, 826.830324468, -9.94851959185, 10.9173262818, 0.339077848096, 0.945535433393, 0.0745541285967, 0.0232753077125, 1.2714925444, 0.213088215072, 29.4026885905, 0.0369264260109, 0.588137869331, 0.21626407085, 50.2211522125, 2, 0.000000
