\
\ strid, ra1, dec1, ra2, dec2, ra1_err, dec1_err, corr1, ra2_err, dec2_err, corr2, start_mjd, end_mjd, flux, bg, length, sigma, length_err, sigma_err, pa_err, bg_err, fit_mag_err, ap_snr, ap_mag_err, dmag, dmag_err, chi2, numfit, prob
\ null, deg, deg, deg, deg, deg, deg, null, deg, deg, null, days, days, dn, dn, pixels, pixels, pixels, pixels, deg, dn, mag, null, mag, mag, mag, null, null, null
\
1, 98.2536587739, 11.4061233833, 98.2493097292, 11.4050190635, 0.000134662203541, 0.000119698583056, 0.433404237737, 0.000134662203999, 0.000119698582975, 0.433404235232, 58099.153287, 58099.1536342, 3223.12808807, -5.36796869374, 15.630851463, 1.35922250752, 0.92477061585, 0.136920350386, 0.0345502690835, 0.57180455467, 0.105610636781, 3.30806319272, 0.328209027913, -2.90323311266, 0.344782210395, 7.90910700569, 0, 0.005000
2, 97.8703977303, 11.3875006973, 97.8679021218, 11.38902864, 8.80222905312e-05, 7.94968854343e-05, 0.791184208392, 8.80223103186e-05, 7.94968978972e-05, 0.791184288457, 58099.153287, 58099.1536342, 2586.21600671, -2.76150357119, 10.2323944987, 1.28680837916, 0.617976005876, 0.105937854173, 0.0437802948013, 0.679658516825, 0.0896804306106, 94.3342567538, 0.0115094584101, -0.112805233332, 0.0904159679891, 4.36613171821, 0, 0.016000
3, 98.2404131906, 11.2298512767, 98.238480383, 11.2329863249, 2.27800774665e-05, 2.27061012783e-05, 0.902172135067, 1.71710694989e-05, 1.73532175577e-05, 0.72667488284, 58099.153287, 58099.1536342, 3865.47267493, -0.829350277595, 12.9886154237, 0.423066122258, 0.142860355611, 0.0154002433224, 0.00412478558894, 0.732888355227, 0.0346148083199, 61.9912305991, 0.0175143515343, -0.0415293569255, 0.038793523489, 15.6789987316, 0, 0.001000
4, 98.5321174724, 11.1918765577, 98.5296955404, 11.1955902287, 0.000118638076832, 0.000124175374123, 0.821217670395, 0.000118638078819, 0.000124175377745, 0.821217677222, 58099.153287, 58099.1536342, 4880.02790612, -8.62457599064, 15.6142376557, 1.32776417149, 0.879745502207, 0.129120083459, 0.0324719055604, 0.886466712498, 0.101947878981, 9.24018764468, 0.117501532059, -2.09208176325, 0.155563427787, 13.7256891814, 0, 0.014000
5, 97.9305480639, 11.1857228748, 97.9236019588, 11.1817093622, 7.37361083984e-05, 7.21898852694e-05, 0.826622531559, 7.37361507829e-05, 7.21899473714e-05, 0.826623124161, 58099.153287, 58099.1536342, 9540.54212985, -1.80719424174, 28.0997025042, 1.18496656399, 0.522782063333, 0.0556270107672, 0.00728115798696, 0.315323086523, 0.0465507320607, 94.1466864558, 0.0115323889308, -0.408925058445, 0.0479579675324, 45.8932168375, 2, 0.066000
6, 97.8880907009, 11.0965879479, 97.8875117176, 11.091672927, 0.000145780412859, 0.000171547351501, 0.219106166154, 0.000145783245008, 0.000171549713286, 0.219242373022, 58099.153287, 58099.1536342, 2327.51761295, -2.54210024017, 17.5840935254, 1.69985686533, 1.16477212452, 0.186276133407, 0.0407313815053, 0.666246272649, 0.124483087467, 114.637452623, 0.00947104266464, 0.00471505796996, 0.124842860086, 1.60013686209, 6, 0.025000
7, 98.5295103282, 11.0824124677, 98.5270237407, 11.0809215977, 8.18964574126e-05, 7.5451583519e-05, 0.778893533528, 8.1896559572e-05, 7.54516639933e-05, 0.778894164043, 58099.153287, 58099.1536342, 5695.84954492, -11.1719201379, 10.1552504247, 1.20115362618, 0.579497370146, 0.0974699081862, 0.0398443910481, 1.76928571799, 0.0885142175317, 166.011178165, 0.00654013914462, -0.121671168783, 0.0887555075772, 6.75031863517, 0, 0.061000
8, 97.9570881868, 11.0156355262, 97.9517794933, 11.020896801, 0.00053239922748, 0.000520733124875, 0.947886149172, 0.000387788052742, 0.000386529043064, 0.90268356038, 58099.153287, 58099.1536342, 11880.8460144, -33.5755808486, 26.2595261742, 2.91854286804, 3.4912192098, 0.572366209034, 0.0707056494283, 5.88745880817, 0.311524410167, 246.122025479, 0.00441137359668, 0.124236190428, 0.311555642457, 3.88940393984, 0, 0.090000
9, 98.5917997371, 11.0200563553, 98.5905944769, 11.0171376274, 0.000222767042234, 0.000253940135624, 0.629408700854, 0.000222767035835, 0.000253940508321, 0.629408408977, 58099.153287, 58099.1536342, 2839.57290547, -14.4884685447, 11.1924053265, 1.17480690083, 1.74804494719, 0.281311582135, 0.101555744742, 2.52691807152, 0.259161608548, 36.8206300377, 0.0294871707422, -0.0865081956755, 0.260833725932, 14.5339547926, 4, 0.019000
10, 98.3548189282, 11.0167091804, 98.3429273363, 11.0167295825, 0.000312820056974, 0.000286942120168, 0.0315308046149, 0.000313204544695, 0.00028696025396, 0.0594057339996, 58099.153287, 58099.1536342, 4176.18955794, -0.378952466378, 41.3651471517, 2.32072339836, 2.19815508092, 0.166132772313, 0.0143177023245, 0.307690809295, 0.0897550196768, 68.0525949805, 0.0159543688976, -0.0704881244627, 0.0911619736738, 1.07440817107, 0, 0.092000
