\
\ strid, ra1, dec1, ra2, dec2, ra1_err, dec1_err, corr1, ra2_err, dec2_err, corr2, start_mjd, end_mjd, flux, bg, length, sigma, length_err, sigma_err, pa_err, bg_err, fit_mag_err, ap_snr, ap_mag_err, dmag, dmag_err, chi2, numfit, prob
\ null, deg, deg, deg, deg, deg, deg, null, deg, deg, null, days, days, dn, dn, pixels, pixels, pixels, pixels, deg, dn, mag, null, mag, mag, mag, null, null, null
\
1, 163.740171591, 10.9895647442, 163.730126026, 10.9850168661, 0.000130100630193, 0.000122881653443, 0.702427337714, 0.00013010062999, 0.000122881653026, 0.70242733349, 58153.4526505, 58153.4529977, 5904.04021464, 6.3012888349, 38.5971827023, 2.4672690282, 0.913098401447, 0.118531560387, 0.0115993885995, 0.124876934317, 0.0495578663007, 48.5037420091, 0.0223845864213, 0.32873034486, 0.0543787809861, 1.4744734212, 3, 0.027000
2, 163.732235135, 10.9757745581, 163.708381803, 10.9738596944, 3.46608088131e-05, 3.28359610501e-05, 0.145822103465, 3.46608087938e-05, 3.2835960975e-05, 0.145822077559, 58153.4526505, 58153.4529977, 28502.6331012, 7.81872382578, 83.508943196, -3.13325954256, 0.241792458574, 0.0243423049881, 0.00106458555419, 0.0188217031955, 0.00766125630628, 64.7607295055, 0.0167653485847, -0.544299212891, 0.0184328988864, 1.05122660923, 0, 0.303000
3, 163.759459108, 10.9705231706, 163.696674116, 10.9449146695, 0.000105459934917, 9.33378194509e-05, 0.627428861814, 0.000105459804288, 9.33375144827e-05, 0.627424158186, 58153.4526505, 58153.4529977, 680956.648539, 0.789129059701, 237.237092939, 25.5600752582, 0.731617396403, 0.120589426631, 0.00202799322353, 0.0346975609209, 0.00527571882533, 754.893564657, 0.00143826395613, 0.0128273213044, 0.00546825496218, 1.45082837187, 0, 0.000000
4, 163.781591699, 10.9606386741, 163.767372558, 10.9559766816, 0.000194322645761, 0.000181148477515, 0.55502129028, 0.000194570890893, 0.000181447335867, 0.558441616397, 58153.4526505, 58153.4529977, 6442.86608737, 2.14689488048, 52.3097306352, 3.04720940381, 1.35764869646, 0.173529406112, 0.0120140680479, 0.17613972356, 0.061744524289, 45.071605293, 0.0240891398853, -0.251310072397, 0.0662772430031, 1.04812342888, 0, 0.093000
5, 163.682374878, 10.9464077804, 163.675350053, 10.9440564527, 0.00049267295162, 0.00047136194073, 0.816812676241, 0.000384433725294, 0.000340413711566, 0.136129651793, 58153.4526505, 58153.4529977, 1587.94438833, 5.40274810745, 25.8992605976, 1.99548251872, 3.13139434295, 0.339916490818, 0.0468986095594, 0.611506901064, 0.220195513021, 20.9574001744, 0.0518068174354, -0.0582167541193, 0.226207891745, 1.20478069668, 0, 0.000000
6, 163.671241534, 10.9454127457, 163.65550476, 10.9396308712, 0.000166428895055, 0.000160271952957, 0.586275984683, 0.000172400864454, 0.00016697160276, 0.658061194691, 58153.4526505, 58153.4529977, 5572.91719337, 1.86099962061, 58.6348981237, 2.13003532068, 1.19553790324, 0.118144985277, 0.00707993987708, 0.183188413396, 0.0584158760241, 59.543666313, 0.0182342853907, 0.103417925548, 0.0611956185962, 1.15546168089, 0, 0.186000
7, 163.711493236, 10.9287707353, 163.705748672, 10.9262935646, 0.000142931122278, 0.000137135036322, 0.692180951096, 0.000142937550119, 0.000137140000224, 0.692224338047, 58153.4526505, 58153.4529977, 958.292653629, 5.7448367527, 21.8954394975, 1.02121526411, 1.00644890733, 0.113969316357, 0.018948300521, 0.256501010532, 0.114843540465, 10.903808057, 0.0995740386366, -0.36516591648, 0.152000091963, 1.18644667417, 0, 0.000000
8, 163.692003666, 10.9195311732, 163.668225936, 10.9140166561, 0.000303554621113, 0.00027298620802, 0.241253278404, 0.000325042805041, 0.000299858125261, 0.555120156573, 58153.4526505, 58153.4529977, 16477.551472, 1.45275825499, 85.2663403948, 5.91420851602, 2.19063262591, 0.27859343466, 0.0118162251785, 0.140776160346, 0.054173106616, 93.8678883499, 0.0115666414132, -0.00465542663593, 0.0553941573996, 1.20583052947, 1, 0.012000
9, 163.680143372, 10.8692888642, 163.670271981, 10.8677579692, 1.53737118712e-05, 1.45791516879e-05, 0.285337366574, 1.53737117584e-05, 1.45791517075e-05, 0.285337375134, 58153.4526505, 58153.4529977, 14764.8649495, 0.295998270015, 34.8831683529, 1.35864930197, 0.107361631727, 0.0110485184303, 0.00115376574385, 0.0865998291779, 0.00810712046421, 121.600861055, 0.00892868845946, 0.0295259685835, 0.0120601359788, 1.2845668273, 0, 0.971000
