\
\ strid, ra1, dec1, ra2, dec2, ra1_err, dec1_err, corr1, ra2_err, dec2_err, corr2, start_mjd, end_mjd, flux, bg, length, sigma, length_err, sigma_err, pa_err, bg_err, fit_mag_err, ap_snr, ap_mag_err, dmag, dmag_err, chi2, numfit, prob
\ null, deg, deg, deg, deg, deg, deg, null, deg, deg, null, days, days, dn, dn, pixels, pixels, pixels, pixels, deg, dn, mag, null, mag, mag, mag, null, null, null
\
1, 194.89695712, 42.0094309504, 194.890208329, 42.0058804657, 0.000101530059807, 9.37165052195e-05, 0.955711028358, 0.000104757771295, 9.66946675867e-05, 0.960753755207, 58132.5472685, 58132.5476157, 284.587558447, 13.6500947426, 21.8441959192, 0.283730309698, 0.715987379885, 0.0225802960047, 0.00323702373783, 0.0714272849741, 0.0744913158415, 5.93274747426, 0.183007318189, -0.0966772932085, 0.197587030563, 1.08097877732, 1, 0.000000
2, 194.886954762, 42.0041565472, 194.880507508, 42.0001917131, 0.000178043306307, 0.000165119448008, 0.952038677645, 0.000177179518861, 0.000164289212174, 0.951459206922, 58132.5472685, 58132.5476157, 401.464921798, 16.3856824193, 22.1087445315, 0.796256669928, 1.22642656656, 0.121669289394, 0.0199614311745, 0.11010079878, 0.151371097459, 6.30471587995, 0.172210171788, 0.349164952557, 0.229280510321, 1.21930968689, 0, 0.000000
3, 194.878342383, 42.0005553229, 194.868771022, 41.997775569, 0.000101160106008, 9.47680640415e-05, 0.691444843883, 0.000101764126381, 9.55093909227e-05, 0.703342394279, 58132.5472685, 58132.5476157, 466.450927031, 15.4336100357, 27.151760315, 0.494599828132, 0.700623912583, 0.054815346732, 0.00690129091258, 0.114083729493, 0.105355523961, 3.25767769425, 0.333285335955, -0.814544802498, 0.349540986998, 1.12659336551, 0, 0.000000
4, 194.873849705, 41.9715371662, 194.86997306, 41.973698592, 0.000464416645898, 0.000464016911597, 0.836409776771, 0.000464416651134, 0.000464016917685, 0.836409782196, 58132.5472685, 58132.5476157, 371.451669597, 12.4658163779, 12.8142942094, 1.38735340683, 3.40940827876, 0.559205306755, 0.175818451089, 0.485137169214, 0.444185663242, 3.02582392831, 0.358823325641, -0.321075766209, 0.571012331263, 1.25251734997, 0, 0.000000
5, 194.87954813, 41.9705125702, 194.876648305, 41.9678645321, 0.000103783320121, 9.95690059171e-05, 0.933366672218, 9.34708637092e-05, 8.88568539047e-05, 0.912566948797, 58132.5472685, 58132.5476157, 256.052489643, 13.0892136955, 12.140080526, 0.487965688683, 0.704659706787, 0.0680176226972, 0.0216496067759, 0.187598725413, 0.143870605825, 4.66463491412, 0.232759095781, -0.155216190917, 0.273633966987, 1.12192777999, 0, 0.000000
6, 195.100590396, 41.9535807583, 195.096819771, 41.9531229374, 3.7964614285e-05, 3.39241718872e-05, 0.343231704754, 3.69529749748e-05, 3.38578255565e-05, 0.337221911688, 58132.5472685, 58132.5476157, 252.073948647, 17.1102486072, 10.1031782344, 0.462419399194, 0.255831053761, 0.0356062445363, 0.0126733912252, 0.0635955974983, 0.0714158686365, 5.67399556765, 0.19135302307, 0.110172757478, 0.204245454616, 1.03354541956, 0, 0.000000
7, 195.078334044, 41.9490022283, 195.069896367, 41.9467914949, 0.000158881278851, 0.000146854520854, 0.67636068922, 0.00015396576841, 0.00014314456824, 0.633738069084, 58132.5472685, 58132.5476157, 474.915587993, 15.5458183541, 23.657381219, 0.599588970868, 1.07729744898, 0.0897434210725, 0.0136252611094, 0.200463175014, 0.148566888456, 4.63817006326, 0.234087191705, -0.359272443581, 0.277252472786, 1.17437308197, 0, 0.000000
8, 195.06892414, 41.9108815195, 195.066437022, 41.9141009746, 6.83598746441e-05, 7.50547094868e-05, 0.832374246219, 7.16728581918e-05, 7.79143587637e-05, 0.859977233484, 58132.5472685, 58132.5476157, 377.702005886, 13.6074923598, 13.2070008983, 0.595462493677, 0.525971465242, 0.0590539643339, 0.0162559030338, 0.123771759357, 0.0979469501403, 5.91690008644, 0.183497471463, -0.125306862995, 0.208002228534, 1.07713248716, 0, 0.000000
