\
\ strid, ra1, dec1, ra2, dec2, ra1_err, dec1_err, corr1, ra2_err, dec2_err, corr2, start_mjd, end_mjd, flux, bg, length, sigma, length_err, sigma_err, pa_err, bg_err, fit_mag_err, ap_snr, ap_mag_err, dmag, dmag_err, chi2, numfit, prob
\ null, deg, deg, deg, deg, deg, deg, null, deg, deg, null, days, days, dn, dn, pixels, pixels, pixels, pixels, deg, dn, mag, null, mag, mag, mag, null, null, null
\
1, 198.44287059, 20.4256141589, 198.441706585, 20.4310150529, 7.1142162588e-05, 7.43338295621e-05, 0.337791276041, 7.21496673722e-05, 7.49499605392e-05, 0.397616795369, 58183.4769329, 58183.4772801, 8735.75899347, 349.896062224, 19.5935348359, 0.634371406988, 0.523860606683, 0.0478463569954, 0.00902975317903, 2.11497423142, 0.0758819700637, 15.6092885594, 0.0695570589672, -0.567316427168, 0.102938126236, 1.24415078075, 5, 0.000000
2, 198.257816871, 19.9077207172, 198.255973377, 19.9043373502, 0.000128499216644, 0.00013408658249, 0.816088166389, 0.0001209069868, 0.000125602777525, 0.766900792285, 58183.4769329, 58183.4772801, 4663.43628676, 449.875259128, 13.5122557071, 0.412258954221, 0.912866844336, 0.0822246630122, 0.0219551934389, 2.40472989398, 0.188814603043, 20.9363457842, 0.051858916353, 0.148117324857, 0.195806796428, 1.16463712197, 1, 0.000000
3, 198.260538594, 19.9045133676, 198.257415861, 19.8984830834, 0.000100560666379, 0.000100977104863, 0.740280305343, 0.000110458770752, 0.000113616625531, 0.82272960775, 58183.4769329, 58183.4772801, 8062.09684491, 337.752919025, 23.8401556262, 0.368843315698, 0.753464660038, 0.0428660727684, 0.007024204203, 2.85540247797, 0.117673864533, 35.5614180247, 0.0305312966992, 0.19132208392, 0.121570138078, 1.27506411951, 0, 0.000000
4, 198.259476592, 19.8932008909, 198.253592547, 19.8965086901, 0.000118438324103, 0.00011578335651, 0.911040137533, 9.90045589081e-05, 9.5477291517e-05, 0.807929441775, 58183.4769329, 58183.4772801, 10995.7580415, 326.154641018, 22.9171506703, 0.501245397079, 0.767800819377, 0.0567472535006, 0.00877869058763, 3.12911425575, 0.10986933478, 34.686732677, 0.0313011956148, -0.0414621495615, 0.114241129073, 1.24140090411, 7, 0.001000
5, 198.257664257, 19.892090727, 198.255593382, 19.8892360911, 0.000104108630524, 0.000103372892917, 0.96033828347, 7.14763995731e-05, 7.4277150712e-05, 0.822774978559, 58183.4769329, 58183.4772801, 6036.44976244, 261.60232128, 12.2826156839, 0.317521996013, 0.644195593143, 0.0402660977258, 0.0116158020186, 4.96431288099, 0.118668934859, 21.5426770251, 0.0503993168303, -0.577695114741, 0.128927914889, 1.54695996166, 0, 0.004000
6, 197.883996792, 19.8328492625, 197.880677412, 19.8284391337, 0.00024510606938, 0.00025456236853, 0.894377090605, 0.000245121421006, 0.000254576007308, 0.89439760561, 58183.4769329, 58183.4772801, 11535.05599, 371.588312863, 19.2087510715, 0.998826398951, 1.79706424618, 0.212388040218, 0.0409556254459, 5.30575243287, 0.216580266236, 17.2417419235, 0.0629713754895, -0.410703222726, 0.225549120712, 1.29271693083, 0, 0.000000
7, 197.867697486, 19.8230491343, 197.875243926, 19.8248144276, 0.00075924714411, 0.000751088181338, 0.911152465962, 0.000541852352682, 0.000502016745203, 0.538652358519, 58183.4769329, 58183.4772801, 21061.0853966, 360.263298625, 26.0060883328, 1.48723806678, 4.69031399961, 0.276966768623, 0.039722100352, 7.66154345117, 0.251367272494, 34.4112626507, 0.0315517688432, -0.14917197078, 0.253339731977, 1.23707791214, 0, 0.015000
8, 197.877876316, 19.8170987687, 197.876373718, 19.8145495888, 0.000117707993833, 0.000127101306788, 0.783450211142, 0.00011771104934, 0.000127080050456, 0.78350370511, 58183.4769329, 58183.4772801, 8131.00152766, 380.817325057, 10.3622336229, 0.835682959354, 0.887916272353, 0.126528606992, 0.0479606789874, 4.09016660958, 0.156601140524, 16.9448650256, 0.0640746446263, -0.34973803729, 0.169202474265, 1.10286715816, 3, 0.002000
