\
\ strid, ra1, dec1, ra2, dec2, ra1_err, dec1_err, corr1, ra2_err, dec2_err, corr2, start_mjd, end_mjd, flux, bg, length, sigma, length_err, sigma_err, pa_err, bg_err, fit_mag_err, ap_snr, ap_mag_err, dmag, dmag_err, chi2, numfit, prob
\ null, deg, deg, deg, deg, deg, deg, null, deg, deg, null, days, days, dn, dn, pixels, pixels, pixels, pixels, deg, dn, mag, null, mag, mag, mag, null, null, null
\
1, 160.753617436, 40.5005455298, 160.749698697, 40.5056911564, 0.000121529467112, 0.000124906111482, 0.537276244484, 0.000371827094109, 0.000355768523789, 0.993462860267, 58183.2439931, 58183.2443403, 224.541482749, 1.78237086484, 21.1498738854, -0.222475633708, 1.9315351716, 0.0606870059962, 0.00824015754055, 0.305560632187, 0.247902546893, 12.7108992323, 0.0854177336247, 0.182485277431, 0.262205762662, 0.6909396586, 1, 0.000000
2, 161.257076722, 40.4212609146, 161.24877399, 40.4184293831, 0.0003550315565, 0.000340801220594, 0.668042546244, 0.000355031555927, 0.000340801219858, 0.668042543392, 58183.2439931, 58183.2443403, 994.734281576, 20.4216886462, 24.6234056503, 1.61034148689, 2.51199841952, 0.328840281302, 0.0506732393443, 0.195624440052, 0.209989010492, 9.5140117987, 0.114119703415, 0.4799223307, 0.238995169899, 1.30516921428, 1, 0.000000
3, 161.275534892, 40.4188679726, 161.271978843, 40.4163097968, 0.000109451407383, 0.000113180553773, 0.935924576465, 0.000109790755349, 0.000113613604279, 0.936456858048, 58183.2439931, 58183.2443403, 456.225740289, 18.4038863559, 13.2415226031, 0.722363541512, 0.803049839202, 0.0950381390499, 0.0270781602654, 0.203468550586, 0.133889302986, 4.01984534812, 0.270094023708, -0.465064618795, 0.301458333931, 1.35030300321, 4, 0.000000
4, 161.186786201, 40.3886339354, 161.182045776, 40.3873241911, 3.60003387224e-05, 3.53092422234e-05, 0.0261015609807, 5.54104678017e-05, 5.47420959107e-05, 0.890211218563, 58183.2439931, 58183.2443403, 268.512511474, 19.9245334586, 13.6550767943, 0.313374586751, 0.331465906161, 0.0233083323287, 0.00629426830336, 0.0701844440979, 0.069373358559, 9.00071764423, 0.12062773744, 0.526882329389, 0.13915356236, 1.11083819524, 1, 0.000000
5, 161.292946444, 40.3875316813, 161.289700833, 40.3817871135, 3.10081819181e-05, 3.41429641212e-05, 0.744068271511, 3.01167952591e-05, 3.13557212913e-05, 0.725467512839, 58183.2439931, 58183.2443403, 470.553857078, 20.7419608765, 22.2315839089, 0.294421147446, 0.227295133137, 0.0195623163377, 0.00322590468966, 0.0843335141752, 0.0630772895353, 5.3969014914, 0.201177695477, -0.498415103897, 0.210834555073, 1.44633891573, 0, 0.000000
6, 161.189366216, 40.3815161681, 161.180788476, 40.3742126154, 8.10533043959e-05, 8.6220239888e-05, 0.746912013577, 0.000865986511419, 0.000906608668431, 0.999888857899, 58183.2439931, 58183.2443403, 347.294072228, 21.3063460159, 34.8390946813, 0.253331161802, 4.48066873057, 0.0335778418106, 0.00304829155112, 0.109828135658, 0.180176137254, 7.2071763017, 0.150646544403, 0.28800811863, 0.234857024116, 1.11238461268, 1, 0.000000
7, 161.288289181, 40.3631538345, 161.285283974, 40.3580802294, 0.000310244617077, 0.000338021829423, 0.713936424519, 0.000321531451583, 0.000348973814675, 0.752966879288, 58183.2439931, 58183.2443403, 614.515380054, 18.1776169749, 19.7872217795, 1.02804291497, 2.37717274085, 0.278108055525, 0.0513730997826, 0.474157835139, 0.282351880172, 4.25693596706, 0.255051100876, -0.453433053844, 0.380491324861, 1.20971248816, 2, 0.000000
8, 161.275471764, 40.3473641146, 161.269855181, 40.3487785565, 0.000150992103535, 0.000139417711739, 0.590331244904, 0.00015252164101, 0.000140432880342, 0.603893975346, 58183.2439931, 58183.2443403, 528.25661971, 19.0158573208, 16.0272618111, 0.729557431553, 1.04755478055, 0.116539456155, 0.0266987212333, 0.244045078246, 0.159962728274, 6.55239918951, 0.16570055843, 0.00326596174064, 0.230314457863, 1.19859168537, 0, 0.000000
9, 161.262979339, 40.3465052888, 161.258759427, 40.3398574643, 9.40789639647e-05, 9.76661915e-05, 0.910153409972, 6.43433294958e-05, 6.81968648144e-05, 0.524947545367, 58183.2439931, 58183.2443403, 375.878466164, 19.7900077772, 26.251715899, 0.372634279331, 0.590080659309, 0.0416953902649, 0.00558708894467, 0.0895135066757, 0.106263743585, 8.12883561133, 0.133566018145, 0.396717782219, 0.170680591761, 1.25123087116, 2, 0.000000
10, 161.239258313, 40.345563681, 161.237240513, 40.3384422843, 0.000152342296106, 0.000162815843227, 0.433743543906, 0.000152342779058, 0.000162784836253, 0.433794749006, 58183.2439931, 58183.2443403, 741.134772548, 20.9554401864, 25.8982464595, 0.8843037638, 1.12884664749, 0.109458644771, 0.0152268018438, 0.158229681201, 0.123391761448, 11.4983511923, 0.0944253820919, 0.593012680355, 0.155375929849, 1.24766194738, 1, 0.000000
11, 161.231372485, 40.3381524873, 161.227595524, 40.3386014784, 0.000593327299976, 0.000429230734599, 0.28841302722, 0.000593327305416, 0.000429230738138, 0.288413062554, 58183.2439931, 58183.2443403, 546.26978595, 19.3315142258, 10.3588330094, 1.83242172125, 3.94928179643, 0.749953858556, 0.337580628551, 0.551002464954, 0.464445523849, 5.23271441246, 0.207490055672, 0.297479556322, 0.508686315745, 1.25181766924, 0, 0.000000
12, 160.825315849, 40.1885518043, 160.822842076, 40.1909272285, 0.0008761830584, 0.000883039820056, 0.855962907099, 0.000876188088037, 0.000883045434255, 0.855964825761, 58183.2439931, 58183.2443403, 442.796925917, 13.8636673732, 10.7940442237, 1.12304335207, 6.43364573326, 1.02298868296, 0.386342310875, 1.12549002593, 0.964704645727, 11.5577541227, 0.0939400677011, 0.905763383025, 0.969267656433, 1.45086454132, 0, 0.001000
13, 161.071791795, 39.9472531292, 161.064917558, 39.9470108698, 7.0380707122e-05, 6.73246922156e-05, 0.148304625194, 7.0674204135e-05, 6.67492004157e-05, 0.0326843484847, 58183.2439931, 58183.2443403, 535.180126945, 17.0160357562, 18.7555936241, 0.562321059655, 0.489814994857, 0.039817012346, 0.0104410985434, 0.0801906740559, 0.0788887038344, 6.14004052301, 0.176828833733, -0.280556254039, 0.193628159192, 1.19147774638, 1, 0.000000
14, 161.039022783, 39.934055779, 161.032678077, 39.9309405711, 0.000120844559666, 0.000126954502015, 0.954587595485, 7.47027460845e-05, 7.9938731252e-05, 0.694416310242, 58183.2439931, 58183.2443403, 331.56966651, 21.8212907316, 20.5407968688, 0.252920953336, 0.725497641512, 0.0218001815433, 0.00353508990521, 0.105831450119, 0.0811585158212, 5.02847428958, 0.21591762078, -0.295678233559, 0.230666693854, 1.32469550688, 0, 0.000000
15, 161.020464227, 39.9188968993, 161.017602706, 39.9131915005, 0.00114462853371, 0.00109575595738, 0.986562852452, 0.0026273827715, 0.00275239961387, 0.999596454787, 58183.2439931, 58183.2443403, 278.25086213, 20.2208781747, 21.7370047999, 0.19492852413, 14.6587806548, 0.0131565356041, 0.00208915337208, 0.0687594030096, 0.718469841024, 6.62805146613, 0.163809259826, 0.0612051533626, 0.736907311719, 0.984456791959, 4, 0.000000
16, 161.082889969, 39.9148679141, 161.079663262, 39.9116768064, 6.34261337135e-05, 6.61973480712e-05, 0.962153619571, 6.93806300083e-05, 7.25755031476e-05, 0.971632196088, 58183.2439931, 58183.2443403, 327.18211711, 19.348158223, 14.3593263139, 0.324616593673, 0.487568602843, 0.0252312482363, 0.00619493488027, 0.107593962507, 0.0752935861977, 5.55958970393, 0.195290707152, -0.227536555747, 0.209302614467, 1.10062697921, 0, 0.000000
17, 161.037723123, 39.9073542016, 161.031765653, 39.905920667, 4.08713653831e-05, 3.92869673073e-05, 0.372050382838, 4.34390722469e-05, 4.29366480052e-05, 0.596042235589, 58183.2439931, 58183.2443403, 432.726514604, 21.2948808467, 17.0288225801, 0.386411235728, 0.301936456144, 0.0273075492307, 0.00557564559022, 0.112140471698, 0.0674218440664, 3.90690613095, 0.277901789387, -0.710736608592, 0.285963475993, 0.837622504319, 0, 0.000000
