\
\ strid, ra1, dec1, ra2, dec2, ra1_err, dec1_err, corr1, ra2_err, dec2_err, corr2, start_mjd, end_mjd, flux, bg, length, sigma, length_err, sigma_err, pa_err, bg_err, fit_mag_err, ap_snr, ap_mag_err, dmag, dmag_err, chi2, numfit, prob
\ null, deg, deg, deg, deg, deg, deg, null, deg, deg, null, days, days, dn, dn, pixels, pixels, pixels, pixels, deg, dn, mag, null, mag, mag, mag, null, null, null
\
1, 195.487880881, 57.6208120203, 195.479023097, 57.6230869477, 0.0002342227509, 0.000246084624852, 0.661975458285, 0.000234977910901, 0.000249116468265, 0.679757116843, 58245.2890278, 58245.289375, 268.118193942, 18.6174589438, 18.7056706049, 0.595157412814, 1.72597491991, 0.163504623474, 0.031166210335, 0.24541613326, 0.271760330088, 4.83344049963, 0.224630096272, 0.295606788714, 0.352579575643, 1.27093395564, 6, 0.000000
2, 195.868190464, 57.3333067573, 195.858306308, 57.3347819592, 0.000179577453845, 0.000174568844489, 0.0116226933768, 0.000196849903527, 0.000215060169504, 0.690544714378, 58245.2890278, 58245.289375, 243.246463519, 13.5731087923, 19.6792472088, 0.347939761501, 1.37058511602, 0.0593390062082, 0.0107210736753, 0.19438886767, 0.165329247919, 4.64459417408, 0.23376341701, -0.123378328343, 0.286319917837, 1.11102248489, 2, 0.000000
3, 195.846775822, 57.2912781011, 195.837519194, 57.2873684497, 0.000277096913344, 0.000243441681059, 0.95741097325, 0.000275576365561, 0.000242088637385, 0.956855765203, 58245.2890278, 58245.289375, 299.635396255, 16.6009337571, 22.5729355579, 0.735017452405, 1.86163404979, 0.175013053724, 0.0280617891296, 0.137903856474, 0.235589767716, 5.50002869277, 0.197405552845, 0.465876984265, 0.307362149502, 1.04719473676, 2, 0.000000
4, 195.350194708, 57.0637899901, 195.342093927, 57.0632461657, 0.000339793551513, 0.000291763854932, 0.312838376589, 0.000339793547257, 0.000291763932059, 0.312840227614, 58245.2890278, 58245.289375, 410.710549536, 15.990830253, 15.7829872372, 1.18141325328, 2.29277592038, 0.318295562414, 0.077884263027, 0.218118660929, 0.279130174992, 7.76255634643, 0.139868383082, 0.731330589266, 0.31221277869, 1.20932645527, 1, 0.000000
5, 195.359994671, 57.0362609931, 195.352883818, 57.0395235645, 0.000531516868278, 0.000508119293074, 0.790752432361, 0.000531412811921, 0.000507781993166, 0.790513697608, 58245.2890278, 58245.289375, 1153.09830337, 17.3303747146, 17.99498218, 4.57319935103, 4.26006436859, 0.849548088804, 0.245219238043, 0.192260665725, 0.234259476483, 5.57105663136, 0.194888739534, -0.0686247378429, 0.304727949357, 1.29111151813, 2, 0.000000
6, 195.499089629, 56.946363649, 195.495333143, 56.9524519869, 0.000296807277407, 0.000340775937748, 0.653144630548, 0.000296808546638, 0.000340777982015, 0.653151420253, 58245.2890278, 58245.289375, 419.487723749, 13.6636699201, 22.8437528967, 1.10048977071, 2.29547551724, 0.260745357142, 0.0422323731021, 0.128443898575, 0.23810422456, 2.34638248325, 0.462727714901, -0.651999183616, 0.520394619391, 1.29141588231, 1, 0.000000
