\
\ strid, ra1, dec1, ra2, dec2, ra1_err, dec1_err, corr1, ra2_err, dec2_err, corr2, start_mjd, end_mjd, flux, bg, length, sigma, length_err, sigma_err, pa_err, bg_err, fit_mag_err, ap_snr, ap_mag_err, dmag, dmag_err, chi2, numfit, prob
\ null, deg, deg, deg, deg, deg, deg, null, deg, deg, null, days, days, dn, dn, pixels, pixels, pixels, pixels, deg, dn, mag, null, mag, mag, mag, null, null, null
\
1, 163.196414782, 10.7841713105, 163.186750498, 10.7825999153, 2.08448606858e-05, 1.99167295652e-05, 0.297221029582, 2.08448330406e-05, 1.99167096929e-05, 0.297215685198, 58153.4353588, 58153.435706, 14525.8281246, -1.96905375102, 34.2115578539, 1.15739989466, 0.145967003066, 0.0141119173539, 0.00148346009733, 0.19163818246, 0.0121984744213, 129.108980135, 0.00840945535799, -0.00872818039324, 0.0148162653063, 1.32168933625, 0, 0.986000
2, 163.857164164, 10.7714886417, 163.855721788, 10.7791252886, 0.000176699881072, 0.000191275330903, 0.328825193131, 0.000176699880068, 0.000191275329724, 0.328825167635, 58153.4353588, 58153.435706, 1200.35368213, 19.0364205615, 27.611145385, 1.59296529407, 1.32558683008, 0.163184499402, 0.0222663093255, 0.0751716038043, 0.103439406869, 14.7495981923, 0.0736112394792, 0.762473323416, 0.12695796734, 1.15545767158, 5, 0.000000
3, 163.824431687, 10.777767457, 163.82210768, 10.7815486292, 0.000105859839097, 0.000106989126671, 0.785599172372, 0.000132104717569, 0.000133661472523, 0.906238169512, 58153.4353588, 58153.435706, 282.985157619, 19.3676490084, 15.7013894866, 0.458304742366, 0.85989453392, 0.0685858370705, 0.0162923942013, 0.166580618664, 0.148572660548, 4.36039789649, 0.248999341467, -0.0955242745683, 0.289956044105, 1.1732410296, 0, 0.000000
4, 163.844084732, 10.7761740037, 163.838040493, 10.774597285, 0.000420356585547, 0.000392309409551, 0.394557844252, 0.000435302008953, 0.000410099985986, 0.524050273627, 58153.4353588, 58153.435706, 513.030271055, 19.3783353607, 21.8351267825, 1.14846177575, 2.98944039583, 0.342662438884, 0.0577367547012, 0.306575163898, 0.309128281064, 2.90731100335, 0.373450313196, -0.542016709014, 0.484794214673, 1.29227481182, 8, 0.000000
5, 163.845660653, 10.7758200197, 163.846521876, 10.7680278036, 0.00022736745884, 0.000233343601791, 0.151521240311, 0.000229750643492, 0.000236538769309, 0.240952511089, 58153.4353588, 58153.435706, 409.995557873, 17.9119759651, 27.863673787, 0.544695961807, 1.65401209288, 0.132663404712, 0.0160657178817, 0.237626567817, 0.23190066324, 3.44587041302, 0.315083295256, -0.457901329088, 0.391222955053, 1.34056336988, 1, 0.000000
6, 163.877863055, 10.7724548564, 163.874818782, 10.7688041753, 0.000458462996604, 0.000472783027282, 0.913026497896, 0.0004584586249, 0.00047277708478, 0.913024772643, 58153.4353588, 58153.435706, 386.879291223, 13.0997940604, 16.7753101366, 1.08737494817, 3.36571401121, 0.44480839051, 0.0988851768244, 0.512801118238, 0.433036229359, 2.73110635911, 0.397544460741, -0.589480365656, 0.587845195782, 1.06773010175, 1, 0.000000
7, 163.940242499, 10.5989917644, 163.936046377, 10.5966770037, 5.48720614328e-05, 5.50400779747e-05, 0.947976214295, 3.06999278838e-05, 3.04794433089e-05, 0.443645841712, 58153.4353588, 58153.435706, 380.190317527, 14.7205352241, 16.810412241, 0.309060583158, 0.315451579303, 0.0251990464394, 0.0050775139086, 0.129088404955, 0.0758787001204, 7.11734957487, 0.152547826032, -0.207186797606, 0.170377276534, 1.19016331102, 0, 0.000000
8, 163.971788345, 10.5927191421, 163.970725157, 10.5984789437, 0.000139406264394, 0.000140266111501, 0.729396938573, 0.000114521817961, 0.000119250443288, 0.257672213189, 58153.4353588, 58153.435706, 299.689849863, 17.4038939705, 20.8064750933, 0.329712111593, 0.924772289911, 0.052494075988, 0.00853679365735, 0.251920335083, 0.154422215116, 4.32930324611, 0.250787746442, -0.342295076196, 0.294517765656, 1.08878455621, 2, 0.000000
9, 163.983597251, 10.5729301228, 163.976805907, 10.5733781164, 0.000189598452224, 0.000182757129973, 0.117316620513, 0.000189339612749, 0.00018317174929, 0.150385834362, 58153.4353588, 58153.435706, 466.828694068, 16.8493348627, 23.7801426714, 0.551194554524, 1.32901123613, 0.121015560178, 0.0158780180639, 0.279476383879, 0.200421388141, 4.81313184856, 0.22557790622, -0.331031807506, 0.301751759894, 1.2532583727, 3, 0.000000
10, 163.977001353, 10.5714038317, 163.972989685, 10.5678834623, 0.00019918902667, 0.000200461407621, 0.952618587995, 0.000204253915427, 0.000205312834526, 0.955073795413, 58153.4353588, 58153.435706, 325.673437277, 14.8880293139, 18.7892864975, 0.665351429902, 1.44947669141, 0.14085133679, 0.0272962188869, 0.167222998389, 0.210222098036, 6.47720958708, 0.167624065604, 0.378501718137, 0.268870150579, 1.31824182404, 0, 0.000000
11, 163.613759332, 10.3691082054, 163.608903271, 10.3659868147, 0.000404463411467, 0.000391891658474, 0.847976572229, 0.000404463416495, 0.000391891664275, 0.847976579465, 58153.4353588, 58153.435706, 635.948668633, 13.544107924, 20.2852511178, 1.30005900262, 2.87598649089, 0.376213691506, 0.0695744767093, 0.361186848885, 0.302522250074, 6.08428108479, 0.178449382865, 0.0389732008155, 0.351231966134, 1.24047150873, 0, 0.000000
12, 163.27126142, 10.2235283392, 163.268590862, 10.2188635306, 0.000112582057984, 0.000117126064924, 0.891557842957, 9.25793792792e-05, 9.37314048455e-05, 0.77557698137, 58153.4353588, 58153.435706, 381.882177197, 13.3262512203, 19.0415663321, 0.423466815196, 0.747098654962, 0.0545978539229, 0.0103756572514, 0.162735177288, 0.126058879579, 9.244131513, 0.117451401814, 0.281635538734, 0.172295307275, 1.61064912553, 0, 0.000000
13, 163.987873738, 10.0176451759, 163.983232698, 10.0225283069, 8.01133652171e-05, 7.96497686739e-05, 0.980783431543, 7.91206663213e-05, 7.57750464944e-05, 0.982690040505, 58153.4353588, 58153.435706, 317.491359281, 16.1511521475, 23.7827184478, 0.327255557618, 0.551583324415, 0.0351312992732, 0.00477367691928, 0.0879552289826, 0.0976167086297, 7.06211462152, 0.153740949127, 0.192736087261, 0.182113429604, 1.29164356341, 1, 0.000000
