\
\ strid, ra1, dec1, ra2, dec2, ra1_err, dec1_err, corr1, ra2_err, dec2_err, corr2, start_mjd, end_mjd, flux, bg, length, sigma, length_err, sigma_err, pa_err, bg_err, fit_mag_err, ap_snr, ap_mag_err, dmag, dmag_err, chi2, numfit, prob
\ null, deg, deg, deg, deg, deg, deg, null, deg, deg, null, days, days, dn, dn, pixels, pixels, pixels, pixels, deg, dn, mag, null, mag, mag, mag, null, null, null
\
1, 152.041301991, 12.3149949069, 152.038977413, 12.3181806082, 7.10688749681e-05, 7.20952265368e-05, 0.913350054524, 6.82540597299e-05, 7.0665741246e-05, 0.898238926253, 58183.2380324, 58183.2383796, 483.694524497, 19.7361501543, 13.9097144361, 0.561648457158, 0.505038693339, 0.0526679617155, 0.0138392548556, 0.159752307301, 0.0928159657563, 6.53195538145, 0.166219170425, -0.111844308582, 0.190377562008, 1.1715766678, 0, 0.000000
2, 152.209972541, 12.3144407658, 152.204003889, 12.3121138008, 0.000434101424715, 0.000394006980184, 0.635959639401, 0.000436538465198, 0.000396903502163, 0.646748185128, 58183.2380324, 58183.2383796, 998.161661087, 15.7650031665, 22.3225243095, 1.69761924336, 3.02379366111, 0.437070706767, 0.07229326608, 0.561772130625, 0.288700865063, 9.19218043884, 0.118115197148, 0.0783366245914, 0.311928500278, 1.23591253944, 6, 0.000000
3, 152.19120526, 12.3107210404, 152.187217534, 12.3134971274, 7.40497176917e-05, 7.29266357928e-05, 0.846110786922, 0.000106887295504, 0.000107014670214, 0.96142673665, 58183.2380324, 58183.2383796, 290.322722428, 19.122244154, 17.0118836323, 0.371501816764, 0.646999150508, 0.0488191900502, 0.0102942598803, 0.175680813323, 0.126154707023, 5.44040597501, 0.199568967784, 0.019827271075, 0.236099095734, 1.16077756051, 0, 0.000000
4, 152.031689327, 12.3080392153, 152.031117732, 12.3123245907, 0.00040613817089, 0.00044613192808, 0.248010544675, 0.000406123185956, 0.000446019031959, 0.24779010168, 58183.2380324, 58183.2383796, 216.970946834, 21.6564039674, 15.3629858165, 0.934539728398, 3.0754771999, 0.390775362425, 0.0955591681392, 0.266412656492, 0.42998204398, 2.18462294986, 0.496990203654, -0.0277635796198, 0.657178682455, 1.16616933806, 0, 0.000000
5, 152.006338204, 12.2956124217, 152.003680452, 12.3056518246, 0.000120276096975, 0.000123490937547, 0.591014881579, 0.000111849117425, 0.00011486825175, 0.369241932247, 58183.2380324, 58183.2383796, 340.879424239, 24.5009558945, 36.8646579171, 0.519069261167, 0.839901509526, 0.0531484075339, 0.00524864699064, 0.039899212207, 0.0996452768317, 3.59167333372, 0.302292581723, 0.040951249708, 0.318292296733, 1.17140816295, 1, 0.000000
6, 152.21573862, 12.2985150713, 152.214339352, 12.2942304366, 8.89665390275e-05, 9.33581174308e-05, 0.496043301271, 9.30125936433e-05, 9.66381117691e-05, 0.598423616652, 58183.2380324, 58183.2383796, 451.19178131, 21.2092787005, 15.9877852726, 0.60345849968, 0.666148169409, 0.0666702657033, 0.0153604569963, 0.151305116472, 0.109875594002, 8.37773059457, 0.129597889608, 0.379584613315, 0.169906618906, 0.995885552698, 0, 0.000000
7, 151.938217326, 12.265471707, 151.936200361, 12.270952742, 0.000173601065918, 0.000179483262525, 0.804527449405, 0.000136430519966, 0.000138071543667, 0.355972975103, 58183.2380324, 58183.2383796, 293.403269586, 25.1004167758, 20.7068602299, 0.436638517169, 1.12582667921, 0.0778686602005, 0.0135220394444, 0.206093566397, 0.175323140519, 3.99546177046, 0.271742358489, -0.0922571700203, 0.323391578428, 1.23376576316, 2, 0.000000
8, 151.929199014, 12.2694153796, 151.925295439, 12.2632443515, 0.000578548816646, 0.000574350807899, 0.999880119543, 0.00013909507953, 0.000140119850495, 0.970841006269, 58183.2380324, 58183.2383796, 206.785131105, 22.8628302796, 25.788345033, 0.138972861636, 2.98172863246, 0.00661966150418, 0.000841403182058, 0.0291227477884, 0.132324844496, 7.53241583991, 0.144141830169, 0.466901943362, 0.195669955986, 0.975485780184, 4, 0.000000
9, 151.907601952, 12.255555351, 151.905735205, 12.2599754422, 0.000742850512467, 0.00100277915958, 0.506616416075, 0.000880946645101, 0.00109251403814, 0.714365955644, 58183.2380324, 58183.2383796, 940.674082268, 18.7399804712, 16.9993683965, 3.19581022286, 7.34054705152, 1.42934585038, 0.361275443623, 0.901726886214, 0.625176554116, 7.51732618125, 0.144431168554, -0.078793744172, 0.641643270257, 1.32295287784, 6, 0.000000
10, 151.899913378, 12.2420959614, 151.898566251, 12.2455405846, 0.000280140251111, 0.000301878607266, 0.629772278751, 0.000280557362891, 0.000302189556172, 0.632216906421, 58183.2380324, 58183.2383796, 246.671010243, 19.5821634243, 13.1098004776, 0.780881703048, 2.10052780912, 0.262361140808, 0.075768025852, 0.352956870022, 0.347569243008, 3.33672867362, 0.325389419086, 0.0716445475018, 0.476112017007, 1.14695356037, 0, 0.000000
11, 151.890344519, 12.2246900075, 151.887556955, 12.227844099, 0.000380604859612, 0.000390298458076, 0.902455677807, 0.00038060463585, 0.000390298228081, 0.902455554583, 58183.2380324, 58183.2383796, 450.74698979, 22.1274578094, 14.8175475222, 1.22468064172, 2.8023968905, 0.411827302799, 0.106871289834, 0.490278626504, 0.362342919032, 3.550836746, 0.305769113712, -0.101041400355, 0.474117223767, 1.23569813038, 1, 0.000000
12, 151.869165552, 12.2129053631, 151.866695393, 12.2153746248, 0.000145173751241, 0.000146816484155, 0.946628439801, 0.000142270250497, 0.000144284340633, 0.944555233665, 58183.2380324, 58183.2383796, 368.13943637, 20.5545122705, 12.2776879845, 0.609195760471, 1.04051292869, 0.125759931755, 0.036030816767, 0.422488520587, 0.204039123746, 6.5367904782, 0.166096222355, 0.211360190071, 0.263096786563, 1.168802722, 0, 0.000000
13, 151.863866199, 12.2073130645, 151.856702865, 12.201416425, 8.57043286859e-05, 8.49723405083e-05, 0.963158007551, 9.55914422066e-05, 9.42742310053e-05, 0.971919695179, 58183.2380324, 58183.2383796, 557.655505765, 21.9220331089, 32.5386545001, 0.494075647049, 0.642452095158, 0.0440496640589, 0.00483267754904, 0.0782877696814, 0.0861280836195, 5.14520007007, 0.211019239285, -0.235138666594, 0.22791920967, 1.25292019804, 0, 0.000000
14, 151.849507715, 12.1779553716, 151.847313913, 12.1829843333, 7.63432830812e-05, 8.23837331608e-05, 0.199263829723, 0.00012704256312, 0.000131742102921, 0.931549003971, 58183.2380324, 58183.2383796, 421.240933317, 23.2839094335, 19.4365416165, 0.311573084852, 0.781350113295, 0.0227387159278, 0.00412608845203, 0.118404008109, 0.075437636436, 10.4101677732, 0.104295745123, 0.412926268851, 0.128718450277, 0.740903246425, 2, 0.000000
15, 151.804003042, 12.148828778, 151.798925213, 12.1526619257, 6.42937497496e-05, 6.5320566873e-05, 0.89678722262, 9.66001359374e-05, 9.71413321876e-05, 0.971941002641, 58183.2380324, 58183.2383796, 464.615715022, 20.5199892574, 22.2977560353, 0.41207809187, 0.589417043346, 0.0361165087445, 0.00572192518459, 0.11400061846, 0.0843848168807, 5.77082150494, 0.188142399454, -0.215031689383, 0.20619980551, 1.18637153618, 0, 0.000000
16, 151.799185065, 12.1453424456, 151.797366629, 12.1406065051, 2.41482173354e-05, 2.42552791823e-05, 0.988557544713, 1.14648166253e-05, 1.18758120029e-05, 0.783612051882, 58183.2380324, 58183.2383796, 201.206868177, 22.8500569358, 17.9822181583, 0.117569374898, 0.135832582132, 0.00429966356632, 0.000818767030426, 0.0293926781694, 0.0323457918938, 8.85570978008, 0.122602956931, 0.456849528794, 0.126798009848, 1.43426764402, 0, 0.000000
17, 151.770633739, 12.0764162749, 151.766403553, 12.0795099024, 9.18629601783e-05, 9.09843432905e-05, 0.92309872071, 9.28430349965e-05, 9.19873685503e-05, 0.925686278907, 58183.2380324, 58183.2383796, 394.181785873, 24.9016762141, 18.3648914903, 0.614989917077, 0.659076035075, 0.0599634080866, 0.0120142779185, 0.0800793372744, 0.0968676138599, 2.46972689928, 0.439617920944, -0.698914411617, 0.450163582523, 0.965258364773, 0, 0.000000
18, 151.752189129, 11.925885612, 151.747151133, 11.918931027, 0.000621604881012, 0.00063263156561, 0.893880444394, 0.000621604881566, 0.000632631565542, 0.89388044485, 58183.2380324, 58183.2383796, 484.935134535, 21.0631843501, 30.2990291525, 1.38602101039, 4.50434942736, 0.504112647378, 0.0606624961755, 0.208753580756, 0.371854141113, 1.8851420642, 0.575943970153, -0.560045013606, 0.685555948861, 1.26792450791, 7, 0.000000
19, 151.754485677, 11.9090583683, 151.751476526, 11.9137831248, 0.000237846933632, 0.000248742033939, 0.845250717657, 0.00023784860529, 0.000248743930888, 0.8452540855, 58183.2380324, 58183.2383796, 648.253696081, 21.5205462848, 19.7950945054, 1.12460636833, 1.75285434262, 0.21608283351, 0.040656993009, 0.250892949632, 0.197507990343, 4.29033261928, 0.253065741308, -0.247055976635, 0.321016628344, 1.22590915396, 0, 0.000000
20, 151.764095721, 11.8779616387, 151.758480696, 11.8802022745, 0.000234390589588, 0.000228243117124, 0.682849898497, 0.000230130325239, 0.000223986449851, 0.655106898284, 58183.2380324, 58183.2383796, 319.148344217, 21.9573412441, 21.1003427783, 0.637438118119, 1.63954519781, 0.152384130841, 0.0255581896501, 0.205958415909, 0.235245526685, 3.57916216668, 0.303349262815, -0.0506201922199, 0.383876585735, 1.35248356368, 0, 0.000000
