\
\ strid, ra1, dec1, ra2, dec2, ra1_err, dec1_err, corr1, ra2_err, dec2_err, corr2, start_mjd, end_mjd, flux, bg, length, sigma, length_err, sigma_err, pa_err, bg_err, fit_mag_err, ap_snr, ap_mag_err, dmag, dmag_err, chi2, numfit, prob
\ null, deg, deg, deg, deg, deg, deg, null, deg, deg, null, days, days, dn, dn, pixels, pixels, pixels, pixels, deg, dn, mag, null, mag, mag, mag, null, null, null
\
1, 77.0464410498, 48.3957974642, 77.0462298155, 48.4016804776, 0.000312204402129, 0.000331213803228, 0.163768302922, 0.00031198997181, 0.000332324510917, 0.135816823575, 58104.3925231, 58104.3928703, 283.165709088, -1.60559945158, 20.922981233, 0.572526343767, 2.30846496033, 0.207937495347, 0.0324414805531, 0.316533014679, 0.342690003624, 16.1106993205, 0.0673922455603, 0.613046683288, 0.349253709136, 5.39188352689, 4, 0.000000
2, 77.6700032268, 48.3207262498, 77.6641848171, 48.3185956386, 0.000312970551909, 0.000273029513677, 0.858993225387, 0.000303118691458, 0.000263550645663, 0.840733704374, 58104.3925231, 58104.3928703, 2287.39214248, -5.83445288674, 15.7051389331, -0.914638939777, 2.08393568642, 0.256603609757, 0.0606470942886, 2.30728778701, 0.29195058656, 72.7875935775, 0.0149165008952, -0.393130812861, 0.292331399258, 19.6517355871, 8, 0.020000
3, 76.5930526917, 48.3373912533, 76.5885586714, 48.3371070781, 0.000305223249535, 0.000293856296306, 0.233049756749, 0.000312671260315, 0.000297068211582, 0.342242886259, 58104.3925231, 58104.3928703, 1984.48109474, -4.15472886264, 10.6662480143, 0.0984933438285, 2.1609099331, 0.0180547089799, 0.0263709933865, 0.924343680094, 0.273590937868, 49.8600666346, 0.0217756669423, 0.200277784639, 0.274456154886, 32.7135869322, 7, 0.002000
4, 76.9706490938, 48.2235307292, 76.9666906755, 48.2220743658, 4.21887967384e-05, 3.59979788472e-05, 0.870363443403, 4.05244848842e-05, 3.45240078467e-05, 0.85022331837, 58104.3925231, 58104.3928703, 3769.96878019, -5.36431388709, 10.710098207, 0.509586310625, 0.277823133615, 0.0310132139748, 0.0111275155056, 0.967367862525, 0.0612633617378, 108.108441076, 0.0100430289619, -1.51645746183, 0.0620810915026, 59.7154340256, 0, 0.000000
5, 77.1421441096, 48.1613854209, 77.140517418, 48.1660118763, 8.75397241783e-05, 9.94664329366e-05, 0.510836144552, 8.74951257752e-05, 9.94204401954e-05, 0.509302734135, 58104.3925231, 58104.3928703, 2109.83152341, -0.410661960456, 16.8979255053, 0.873888178348, 0.673569979499, 0.0790727666766, 0.0174077126809, 0.423928301008, 0.0912704624921, 49.4599559063, 0.0219518231439, 0.0654716862109, 0.093873211636, 17.3109641639, 0, 0.005000
6, 76.8852949329, 48.0877144484, 76.8800989798, 48.0864428795, 6.09412393058e-05, 5.3172965856e-05, 0.70147441728, 5.82711307573e-05, 5.21937151375e-05, 0.681695004085, 58104.3925231, 58104.3928703, 1628.37650546, -3.2986770353, 13.1405761522, 0.51051479088, 0.404185559951, 0.0397525802032, 0.0114251115584, 0.550006580928, 0.078851105065, 149.030385387, 0.00728533447687, -1.04052612069, 0.0791869488515, 23.6847661735, 0, 0.000000
7, 77.4313445455, 47.9952017295, 77.4275210953, 48.0049284367, 0.000546552713657, 0.000600667946427, 0.600350839292, 0.000538382403582, 0.000587025974776, 0.564414910985, 58104.3925231, 58104.3928703, 214.082863587, -1.4916220695, 35.7727093909, 0.631487038378, 4.05556522398, 0.290935232157, 0.0287339964867, 0.130541708303, 0.446384641631, 12.1944575039, 0.0890352198457, 0.709007502426, 0.455177458424, 3.88897415011, 5, 0.000000
8, 76.9465816042, 47.9465811975, 76.9434730522, 47.9445279813, 4.15887990986e-05, 3.83406411943e-05, 0.864223833499, 4.15888019261e-05, 3.83406427579e-05, 0.864223850228, 58104.3925231, 58104.3928703, 1657.11779155, 0.0701648871042, 10.3973664898, 1.31127999949, 0.295847394545, 0.0510279998097, 0.0206279059735, 0.23394203942, 0.0429124323979, 40.7713779692, 0.0266298628803, 0.0315593284703, 0.0505037271033, 0.883140981612, 0, 0.010000
9, 76.5937037179, 47.8600788884, 76.5882725857, 47.8610300309, 5.58591653526e-05, 5.43401795781e-05, 0.386540200291, 5.58135376007e-05, 5.41241903964e-05, 0.373702386616, 58104.3925231, 58104.3928703, 4917.47237206, -9.52563802942, 13.3867302515, 0.690081421531, 0.395488380121, 0.0457733581855, 0.0131690355112, 1.13700554042, 0.0677837585687, 37.9229876169, 0.0286300281963, -1.40022335946, 0.0735820388425, 27.1379555258, 0, 0.002000
10, 76.6905788894, 47.843948586, 76.6855019439, 47.8460727665, 4.07155028826e-05, 4.31917383952e-05, 0.801340655448, 4.10196172133e-05, 4.35081553869e-05, 0.80619170782, 58104.3925231, 58104.3928703, 2319.21337767, -3.25854252781, 14.2748919705, 0.635542306455, 0.302385839888, 0.0329310919576, 0.00852248355567, 0.339472265583, 0.051709646573, 38.4993496808, 0.028201416745, -1.47015499636, 0.0588999783966, 25.6457590807, 0, 0.000000
