\
\ strid, ra1, dec1, ra2, dec2, ra1_err, dec1_err, corr1, ra2_err, dec2_err, corr2, start_mjd, end_mjd, flux, bg, length, sigma, length_err, sigma_err, pa_err, bg_err, fit_mag_err, ap_snr, ap_mag_err, dmag, dmag_err, chi2, numfit, prob
\ null, deg, deg, deg, deg, deg, deg, null, deg, deg, null, days, days, dn, dn, pixels, pixels, pixels, pixels, deg, dn, mag, null, mag, mag, mag, null, null, null
\
1, 158.113084034, 19.9019681151, 158.108680734, 19.8932517636, 0.000115044571488, 0.000119951111716, 0.578033409852, 0.000152554642351, 0.000157068763589, 0.877443175956, 58174.3628935, 58174.3632407, 853.483608335, 0.731026523749, 34.2992726407, 0.880996473866, 0.984914102785, 0.0686099793736, 0.00702313600316, 0.138637179497, 0.0807762425411, 26.5382095927, 0.0409121874242, 0.176563516265, 0.0905461674445, 1.16868439455, 0, 0.000000
2, 158.105269296, 19.8840468837, 158.100244122, 19.8747709199, 0.000140841668969, 0.000146261267574, 0.831792070031, 0.000127261734351, 0.000133071838219, 0.744638806611, 58174.3628935, 58174.3632407, 1063.57116485, 0.139660673961, 37.0031244938, 1.14063460637, 0.982307850894, 0.0865983143068, 0.00824798352771, 0.121357454412, 0.0782358510419, 30.6084193211, 0.0354718155605, -0.0153183080791, 0.0859016768603, 1.24515124437, 1, 0.000000
3, 158.077493265, 19.8315285685, 158.073579309, 19.8244686831, 9.81579987839e-05, 0.000102243548469, 0.80165583946, 9.83104317831e-05, 0.000102437296158, 0.802785190803, 58174.3628935, 58174.3632407, 650.42342742, 0.306262226146, 28.3016736202, 0.824203555776, 0.717694231083, 0.0648469961304, 0.00813530891835, 0.113631876051, 0.0791937644274, 24.9659686076, 0.0434886473592, 0.172301710965, 0.0903488504261, 1.23506135919, 1, 0.000000
4, 158.072045215, 19.8255211061, 158.068191399, 19.8179204701, 0.000175288418386, 0.000181845132284, 0.352445848522, 0.000415936991385, 0.000423915012114, 0.983552339258, 58174.3628935, 58174.3632407, 940.890263944, -0.219451807714, 29.9319229759, 1.09589412267, 2.3108417416, 0.0804844757166, 0.00994704319057, 0.128036551425, 0.103578137452, 32.5613419626, 0.0333443322454, -0.0840497261236, 0.108813027946, 1.14757000315, 0, 0.000000
5, 158.057981328, 19.7952139561, 158.055232343, 19.7900292735, 9.78988907796e-05, 0.000103071381798, 0.773778106209, 9.76944182459e-05, 0.000102873411561, 0.771876042785, 58174.3628935, 58174.3632407, 470.494982659, 0.527980109799, 20.5947552252, 0.821959198502, 0.720192161533, 0.0754717769887, 0.0132760842375, 0.118067441199, 0.0928951392514, 19.8967963759, 0.054568393034, 0.198107198414, 0.107736792299, 1.33014095289, 0, 0.000000
6, 158.041146762, 19.7631371027, 158.03926311, 19.7601961901, 7.48681921538e-05, 7.97681519885e-05, 0.826748182713, 7.51445154398e-05, 8.0048028998e-05, 0.828799298721, 58174.3628935, 58174.3632407, 385.752674279, 1.05860234709, 12.2057418193, 0.806542552365, 0.559592139291, 0.0736747323568, 0.0229236375996, 0.141009345993, 0.0942160717148, 16.5862732885, 0.0654599249556, 0.223948499118, 0.114724321504, 1.24553447979, 0, 0.000000
7, 158.038975811, 19.7590956599, 158.036194673, 19.7538452762, 0.000119239965083, 0.000126768310484, 0.764694703749, 0.000119247233819, 0.00012677560136, 0.76474997666, 58174.3628935, 58174.3632407, 605.860283809, 0.478198381605, 20.8527996424, 1.02801750851, 0.885433177875, 0.103371923217, 0.0180201493493, 0.170732451066, 0.104811236566, 20.3792722737, 0.0532764953614, -0.00688355333735, 0.117574573223, 1.24978609307, 0, 0.000000
8, 158.007953227, 19.701543212, 158.005745467, 19.6970822592, 8.48362336049e-05, 9.06482519206e-05, 0.731303247542, 8.48653359085e-05, 9.06890833217e-05, 0.731638057118, 58174.3628935, 58174.3632407, 518.37109383, 0.47753376747, 17.4932991184, 0.922847610649, 0.631815045575, 0.075292630701, 0.0159283239733, 0.117824148703, 0.0835243508247, 20.3403676037, 0.0533783963944, 0.124876509783, 0.0991240151645, 1.0577453695, 0, 0.000000
9, 158.004327431, 19.6958231825, 157.999598317, 19.6864950485, 0.000101662431936, 0.000105694699057, 0.340556055624, 0.000169367769863, 0.000173371906045, 0.934848451084, 58174.3628935, 58174.3632407, 925.823031052, 0.32144425673, 36.7407383474, 0.913415197152, 1.01450540755, 0.0543566514454, 0.00528372264245, 0.0788473763064, 0.0624780832771, 28.264072662, 0.0384140041579, 0.0631378476122, 0.0733426656553, 1.23390041451, 1, 0.000000
10, 157.998010401, 19.6803883263, 157.992071991, 19.6692765472, 0.00014669214421, 0.00015111892437, 0.851381210064, 0.000127149981399, 0.000131692183816, 0.726086990394, 58174.3628935, 58174.3632407, 1114.01332859, 0.183544823633, 44.2165637033, 0.966973470416, 0.999811638761, 0.0655109224813, 0.00516047244905, 0.112497236226, 0.0696753966374, 31.5919096956, 0.0343675395131, 0.0111291580203, 0.0776903383232, 1.11767428938, 1, 0.002000
11, 157.982219881, 19.653317997, 157.977759462, 19.6445389791, 8.28009574387e-05, 8.62159655666e-05, 0.534920592787, 0.000116354554623, 0.000119525488702, 0.896085873026, 58174.3628935, 58174.3632407, 933.524663551, -0.0241420032201, 34.5941948548, 0.860270458452, 0.735028785505, 0.0473035941011, 0.00485541414783, 0.0857888823929, 0.0563091420848, 31.4184823194, 0.0345572454367, 0.0431199659578, 0.0660675615904, 1.10412845047, 1, 0.000000
12, 157.975361122, 19.6405670389, 157.971538852, 19.6329946917, 6.6481759006e-05, 6.91151528769e-05, 0.693001736236, 7.55576855445e-05, 7.80939290641e-05, 0.823364010517, 58174.3628935, 58174.3632407, 735.664299271, 0.184188262714, 29.8036965102, 0.735900460642, 0.518518080198, 0.039703229014, 0.00470123257879, 0.080582669929, 0.0538147176723, 26.0287383253, 0.0417129786004, 0.0275362588973, 0.0680881518465, 1.14513784481, 1, 0.000000
13, 157.975945242, 19.6385493394, 157.969023424, 19.6251152779, 0.00018128748742, 0.000185119386653, 0.952775809027, 0.000100135998197, 0.000102830334521, 0.255133125337, 58174.3628935, 58174.3632407, 1352.67509792, 0.021428155796, 53.0790362561, 0.863930366449, 1.05819528012, 0.0407872972532, 0.0026943517884, 0.0757226791839, 0.04940117941, 37.9709281132, 0.0285938811272, 0.0828753415246, 0.057079651059, 1.11521895225, 1, 0.001000
14, 157.971601387, 19.6296160724, 157.964456566, 19.6161215383, 0.00017642558, 0.000180409905392, 0.9354305957, 0.000108687549917, 0.000112288375956, 0.441260131879, 58174.3628935, 58174.3632407, 1408.92819652, 0.0509215160023, 53.6023477894, 1.04780418565, 1.06118246066, 0.0531397480162, 0.00349008077612, 0.067970801899, 0.0523745788258, 36.9337532129, 0.029396855459, 0.00832923630626, 0.0600605662482, 1.16415186822, 0, 0.003000
15, 157.951415669, 19.5930295543, 157.947009142, 19.5844103903, 0.000246298737013, 0.000249256546295, 0.631170813506, 0.000647425575841, 0.000659865946688, 0.99320001687, 58174.3628935, 58174.3632407, 861.705481251, 0.0358087955414, 34.0072669844, 0.824016881774, 3.52817344004, 0.0632865118583, 0.00669130053458, 0.161750257538, 0.128687344171, 28.5137086072, 0.0380776916715, -0.0397028659992, 0.134202619769, 1.13427167528, 0, 0.000000
16, 157.948156331, 19.5866316056, 157.945352896, 19.5820069703, 9.20387748781e-05, 9.69513884093e-05, 0.825920828301, 9.19145127626e-05, 9.68131238437e-05, 0.8251054723, 58174.3628935, 58174.3632407, 558.055411429, 0.44059073864, 18.9314264222, 0.877908109663, 0.678661300643, 0.0763505115915, 0.0147350385554, 0.142550020892, 0.0888960418221, 24.0765476889, 0.0450951780458, 0.311551857785, 0.0996798943349, 1.23148329585, 0, 0.000000
17, 157.944618277, 19.5781756821, 157.938728924, 19.5667353235, 0.000206254077126, 0.000211880885731, 0.894286730597, 0.000152079090295, 0.000157502836155, 0.590589087439, 58174.3628935, 58174.3632407, 1214.79049153, -0.174168310484, 45.1986964946, 0.968770402772, 1.322758241, 0.0577324410891, 0.0044972769684, 0.106111891964, 0.0645797473006, 38.5830554767, 0.0281402338758, 0.102832845567, 0.070444421525, 1.04104462672, 2, 0.001000
18, 157.930309881, 19.5519514754, 157.923732003, 19.5391840949, 0.000142426061744, 0.000145941781697, 0.906816564338, 9.92715931945e-05, 0.00010261535643, 0.536650254433, 58174.3628935, 58174.3632407, 1390.64382169, 0.0797116688571, 50.4518196818, 0.956041048148, 0.890417773476, 0.0484093304008, 0.00335202416571, 0.0854291813004, 0.0519616145741, 36.5579993265, 0.0296990049992, 0.010448226826, 0.059850148597, 1.11370302907, 0, 0.004000
19, 157.919376699, 19.5295620949, 157.915522964, 19.5216907852, 0.000107518815932, 0.0001117398476, 0.802809958528, 9.62113976089e-05, 0.00010071611852, 0.681337275976, 58174.3628935, 58174.3632407, 892.227378435, 0.159751973582, 30.8164317248, 0.923317428799, 0.746893297384, 0.0641222926409, 0.00733593713928, 0.13291106614, 0.0712881195944, 27.6212778013, 0.0393079644095, -0.0525079809892, 0.0814070762362, 1.22443726258, 1, 0.000000
20, 157.91360637, 19.5203574502, 157.909960561, 19.513179073, 5.05902681209e-05, 5.26827002259e-05, 0.763462647603, 5.07618627345e-05, 5.28656693724e-05, 0.766755533037, 58174.3628935, 58174.3632407, 746.485715779, 0.363043526513, 28.2912218742, 0.786220688418, 0.369814624566, 0.0323555035899, 0.00409624223383, 0.0423367434705, 0.0403642627889, 25.9099346896, 0.0419042432089, 0.117271886596, 0.0581828093977, 1.3044328698, 0, 0.000000
21, 157.900887989, 19.498758177, 157.896425301, 19.4902105863, 0.000126599511351, 0.000133391420008, 0.485710495188, 0.000192352256124, 0.000197777452311, 0.914781682655, 58174.3628935, 58174.3632407, 1105.99498883, -0.269414893425, 33.8667072369, 1.18677065081, 1.19132128765, 0.0854483463363, 0.00908192074561, 0.115038978423, 0.0769063935389, 41.8261525539, 0.0259583092984, 0.305825682323, 0.0811691270669, 0.810544752824, 0, 0.010000
22, 157.894999543, 19.4868432898, 157.890868389, 19.4793637258, 0.00013034691709, 0.000135998274245, 0.203996658083, 0.00026711071714, 0.000272465203864, 0.967686791704, 58174.3628935, 58174.3632407, 687.927347342, 0.395609983341, 29.9779966948, 0.878403386216, 1.52482420087, 0.0714609882039, 0.00862420315814, 0.115947176478, 0.091870450653, 21.919083554, 0.0495338321095, -0.0724993644465, 0.104373273527, 1.28537272324, 0, 0.000000
23, 157.897323439, 19.4849762006, 157.889194952, 19.4696851365, 5.75984244718e-05, 5.92662629038e-05, 0.7981058256, 5.75971415939e-05, 5.92663488313e-05, 0.798079879834, 58174.3628935, 58174.3632407, 1589.46780919, 0.300911953723, 60.803439089, 0.889579341762, 0.416648303988, 0.0267241762358, 0.00154235032135, 0.0316613865376, 0.0292063161357, 36.9094598369, 0.0294162041264, 0.0325705742217, 0.0414526472909, 1.21870968958, 0, 0.007000
24, 157.88506389, 19.4655568596, 157.87581996, 19.4480193668, 0.000590074037023, 0.000605665781907, 0.875601383567, 0.000486392837824, 0.000499904060361, 0.704808296495, 58174.3628935, 58174.3632407, 1618.26014414, 0.150488248945, 69.6212237896, 0.815130680044, 3.93570225518, 0.0315245637297, 0.00162586374609, 0.0524754686794, 0.0682303636473, 39.8155351324, 0.0272691601695, 0.0679563773331, 0.0734778171953, 1.18610751348, 0, 0.005000
25, 157.836003386, 19.3721801861, 157.832072631, 19.3643924644, 5.23861293119e-05, 5.44192844954e-05, 0.763920771186, 5.26522566281e-05, 5.46512582258e-05, 0.769143229405, 58174.3628935, 58174.3632407, 805.633581134, 0.185331825244, 30.6662160556, 0.736821999398, 0.382444816983, 0.0311848953158, 0.00363189126756, 0.0485081489424, 0.0415159039684, 33.5635608951, 0.0323486595523, 0.449947714629, 0.0526308470114, 1.33270408558, 0, 0.001000
26, 157.831500435, 19.3646078258, 157.826656585, 19.3553472681, 8.64811812505e-05, 8.86868008395e-05, 0.00120965318514, 0.00018494550019, 0.00018846965493, 0.973953771958, 58174.3628935, 58174.3632407, 874.13336783, 0.147656987636, 36.7148638366, 0.679159755886, 1.0416502041, 0.0338527414059, 0.0032846814688, 0.0791002344797, 0.0546530423342, 32.7727113013, 0.0331292762071, 0.290930966223, 0.0639101242245, 1.14163668293, 5, 0.001000
27, 157.828874599, 19.3589948842, 157.824117702, 19.3503781179, 4.25091632502e-05, 4.3872088609e-05, 0.806956953756, 4.30011736741e-05, 4.44062740513e-05, 0.815735339412, 58174.3628935, 58174.3632407, 866.701013311, 0.201553493289, 34.5418215998, 0.663696863788, 0.310041801534, 0.0228856439288, 0.00234241756628, 0.0406952916147, 0.0335493372415, 31.2876369188, 0.0347017643926, 0.233591342669, 0.0482676960431, 1.23050238723, 0, 0.001000
28, 157.820735646, 19.337063221, 157.810493587, 19.3175759013, 9.3216190264e-05, 9.51240378267e-05, 0.947066771789, 5.44157281416e-05, 5.55629418692e-05, 0.376252311431, 58174.3628935, 58174.3632407, 2007.86201441, 0.241279817573, 77.3386408347, 0.831004818822, 0.549962582319, 0.0189205951686, 0.000858991772644, 0.0229494704524, 0.0225672025269, 44.7342979721, 0.0242707777695, 0.131321816177, 0.0331413530718, 1.27016938346, 0, 0.030000
29, 157.804501198, 19.3139395236, 157.799889114, 19.3049509661, 7.70923500318e-05, 7.99890234316e-05, 0.581371146422, 0.00010474545127, 0.000107514609998, 0.89083845625, 58174.3628935, 58174.3632407, 805.917457448, 0.325374917712, 35.5085312458, 0.780160409373, 0.668201554218, 0.0418639642868, 0.00416288543069, 0.0711377820475, 0.0541048372665, 26.9070370573, 0.0403513847491, 0.0921548774009, 0.0674949454908, 1.15213725511, 0, 0.000000
30, 157.800478892, 19.3038035182, 157.795984883, 19.2949150173, 0.000133715007763, 0.000139831283141, 0.6702256813, 0.000158433562297, 0.000164090805947, 0.841061576061, 58174.3628935, 58174.3632407, 1061.52432546, -0.158732760908, 35.0169975439, 1.05901248705, 1.07604209858, 0.0796167896568, 0.00794633562845, 0.161780799577, 0.0803408720788, 33.8895597746, 0.0320374832834, -0.0334656950092, 0.0864930983461, 1.12072647959, 0, 0.000000
31, 157.797690134, 19.2968252176, 157.790956017, 19.2840346336, 7.9997402476e-05, 8.26175372526e-05, 0.796953960231, 7.89569021321e-05, 8.15850245344e-05, 0.785277008331, 58174.3628935, 58174.3632407, 1462.51666554, 0.215253422799, 50.7832430362, 0.960641592165, 0.576813829247, 0.0420948951475, 0.00289309887275, 0.0711268213472, 0.0437116162496, 37.5730712838, 0.0288966583689, 0.0940436106971, 0.0523996398847, 1.0792048189, 1, 0.003000
32, 157.789798656, 19.28298196, 157.781635321, 19.2673474892, 0.000114713274087, 0.000118520088545, 0.663614775663, 0.000143807366562, 0.00014767293669, 0.874520647556, 58174.3628935, 58174.3632407, 1834.70039989, -0.262768538911, 61.975358777, 1.17521123466, 0.944936020828, 0.0542433700079, 0.0030521715369, 0.0686829128681, 0.0471472043867, 48.8564456366, 0.0222229879929, 0.076938759791, 0.0521221649283, 0.975981077087, 0, 0.061000
33, 157.761191857, 19.2254522871, 157.758536686, 19.2203228665, 7.66864325391e-05, 8.01944591998e-05, 0.764475013136, 7.75886419401e-05, 8.11476074069e-05, 0.775307355821, 58174.3628935, 58174.3632407, 444.368228508, 0.68295583718, 20.3014189987, 0.670058897969, 0.56497030405, 0.0548845289997, 0.00962722108444, 0.117191323176, 0.0817242914132, 19.7292705727, 0.0550317458904, 0.242774827641, 0.0985258994515, 1.26873375378, 3, 0.000000
34, 157.745321918, 19.1985550455, 157.742483981, 19.1929459505, 0.000114018878566, 0.000120826334196, 0.7512238208, 0.000114012187125, 0.000120819552389, 0.751165698373, 58174.3628935, 58174.3632407, 597.308253795, 0.182943082524, 22.1055649253, 0.988955112761, 0.843920876759, 0.0939509207233, 0.0153847628183, 0.146924592271, 0.0979700251393, 23.6899796517, 0.0458310315468, 0.0972983504905, 0.10816010946, 1.2049394712, 0, 0.000000
35, 157.740495313, 19.1877664021, 157.737889552, 19.1829447202, 0.000124040849896, 0.000132748327102, 0.768692670345, 0.000124040590472, 0.000132748065309, 0.768690886671, 58174.3628935, 58174.3632407, 536.275002481, 0.969560616585, 19.2501061922, 1.13065936776, 0.926011222825, 0.116049450137, 0.0224990712537, 0.118257746413, 0.105972919801, 19.2018975523, 0.0565431724549, 0.308910672331, 0.120114071126, 1.20236682205, 0, 0.000000
36, 157.735254655, 19.1765799835, 157.73119936, 19.1686500635, 0.000387284398914, 0.000404887367215, 0.831640819341, 0.0003281658024, 0.000348696774596, 0.667522079892, 58174.3628935, 58174.3632407, 1087.83147863, -0.700433247018, 31.3164112713, 1.3624238387, 2.65403037136, 0.265099547945, 0.0302213788081, 0.354294145779, 0.207912902911, 52.7177398958, 0.0205952722348, -0.0463866326553, 0.208930467944, 4.76417480018, 0, 0.005000
37, 157.729617532, 19.1698378669, 157.726447222, 19.163535041, 0.000331739089556, 0.000353931353768, 0.738099648768, 0.000335749429732, 0.000357634395786, 0.750411321607, 58174.3628935, 58174.3632407, 800.352222972, -0.379750667226, 24.8143790391, 1.25699756586, 2.48349709321, 0.292687559619, 0.0427967952897, 0.383663339722, 0.244724718968, 35.5339217073, 0.0305549219616, -0.000651404427302, 0.246624798692, 5.46121165041, 0, 0.000000
38, 157.727141373, 19.1627030698, 157.724848004, 19.1584622437, 0.000101703818807, 0.000108389626803, 0.772812860699, 0.000101705081241, 0.000108390768722, 0.772823666614, 58174.3628935, 58174.3632407, 480.008089647, 0.931712143192, 16.9344671345, 0.919554618212, 0.756613783718, 0.0916209957098, 0.0200197820198, 0.144335496457, 0.102368972684, 18.4925450807, 0.0587121026347, 0.232137862087, 0.118010667162, 1.26868926721, 0, 0.000000
39, 157.72497437, 19.1577993405, 157.722308083, 19.1526486531, 9.45157385406e-05, 0.000100324136856, 0.759265849774, 9.45084429089e-05, 0.000100318040982, 0.759190304912, 58174.3628935, 58174.3632407, 599.171627061, 0.523078939649, 20.3890630565, 0.973150667053, 0.700496557745, 0.0799718137835, 0.0143456429622, 0.124769865204, 0.0842741252162, 21.9027444424, 0.0495707835889, 0.145196594333, 0.0977721369643, 1.18831384118, 0, 0.000000
40, 157.712033907, 19.129900315, 157.707381201, 19.1210117086, 0.000186198172589, 0.000190560765278, 0.940188314328, 0.000109835173163, 0.000114524901592, 0.37906154653, 58174.3628935, 58174.3632407, 994.12447246, -0.0996506976136, 35.264527819, 0.945308577928, 1.11135017538, 0.0622960724656, 0.00626750849668, 0.122348711884, 0.0708028216265, 33.8634254593, 0.0320622084161, 0.0842055791241, 0.0777240294812, 1.19296710529, 3, 0.000000
41, 157.70126878, 19.1136586949, 157.693279791, 19.097911997, 5.95345916348e-05, 6.12807547953e-05, 0.778713812958, 5.95292080534e-05, 6.12771640113e-05, 0.778617707199, 58174.3628935, 58174.3632407, 1862.57962148, 0.176933972207, 62.1032999053, 0.917788010077, 0.430751445552, 0.0278393596566, 0.0015695436335, 0.0396769611821, 0.0296045717988, 43.5673269458, 0.0249208817908, 0.127961168425, 0.0386972999138, 1.24334544545, 0, 0.010000
42, 157.691806628, 19.0952396547, 157.689633986, 19.0906295976, 5.59374721022e-05, 5.91494208833e-05, 0.716366486465, 5.64084607058e-05, 5.96650766284e-05, 0.725946173538, 58174.3628935, 58174.3632407, 526.587387642, 0.410899963584, 17.9476578897, 0.755114183246, 0.414657804937, 0.0443996888532, 0.0090113915891, 0.0834413309502, 0.0587905110357, 21.8565128011, 0.049675637401, 0.145221066661, 0.076967481049, 1.26318463244, 0, 0.000000
43, 157.689327578, 19.089539744, 157.684176466, 19.0796675186, 5.27127106758e-05, 5.49004287033e-05, 0.779794626899, 5.27128941824e-05, 5.49006664229e-05, 0.7797975367, 58174.3628935, 58174.3632407, 1322.53740395, 0.0918657652736, 39.1465129844, 1.11044757323, 0.38475177309, 0.0339794620833, 0.00311667660674, 0.0275430833908, 0.0300421606928, 36.7082676707, 0.0295774296542, 0.0931734779602, 0.0421586973712, 1.36709212317, 0, 0.004000
44, 157.679771526, 19.0716610113, 157.673311656, 19.059399637, 0.000100526628464, 0.000103902466231, 0.708576260887, 0.000119065160824, 0.000122424328131, 0.859681325267, 58174.3628935, 58174.3632407, 1305.62106307, -0.00155851462515, 48.7154188149, 0.949235246029, 0.801040240637, 0.0486147708755, 0.00347626519339, 0.0867444818584, 0.0522432236439, 37.6427772324, 0.0288431482634, 0.0877902496957, 0.0596764745813, 1.13487853775, 0, 0.002000
45, 157.679237587, 19.0664486481, 157.671500516, 19.0517131895, 0.000152913314209, 0.000156029624475, 0.961227334813, 8.01143092124e-05, 8.20946128212e-05, 0.224972574698, 58174.3628935, 58174.3632407, 1523.68432469, 0.0902597931333, 58.5067473366, 0.910961033914, 0.880884348634, 0.0319079781413, 0.0019261986935, 0.0421183042731, 0.0362894502503, 38.3496197966, 0.0283115246127, 0.0267192907754, 0.0460268033364, 1.26549646376, 1, 0.004000
