\
\ strid, ra1, dec1, ra2, dec2, ra1_err, dec1_err, corr1, ra2_err, dec2_err, corr2, start_mjd, end_mjd, flux, bg, length, sigma, length_err, sigma_err, pa_err, bg_err, fit_mag_err, ap_snr, ap_mag_err, dmag, dmag_err, chi2, numfit, prob
\ null, deg, deg, deg, deg, deg, deg, null, deg, deg, null, days, days, dn, dn, pixels, pixels, pixels, pixels, deg, dn, mag, null, mag, mag, mag, null, null, null
\
1, 163.731060268, 10.977056559, 163.707162756, 10.9750345798, 3.16704329514e-05, 3.00255749209e-05, 0.15417352648, 3.16704329332e-05, 3.00255748462e-05, 0.154173499739, 58153.4521644, 58153.4525116, 29143.0811218, 7.22562333063, 83.6906311, 3.11054538559, 0.220994805999, 0.0221411510188, 0.000966045169135, 0.0166837228621, 0.00701132356628, 80.6458798156, 0.0134630089875, -0.332386555377, 0.0151793039744, 1.09498284013, 0, 0.044000
2, 163.777630211, 10.9798044475, 163.734921817, 10.9703864782, 0.000297603356269, 0.000277103514645, 0.394696614432, 0.00029760335588, 0.000277103513824, 0.394696603567, 58153.4521644, 58153.4525116, 59172.4436545, 7.34713872848, 152.724922297, 8.24465987132, 2.06908583148, 0.248818611326, 0.00605394315638, 0.059213475059, 0.0308093795547, 308.652287466, 0.00351766777325, 1.40617515944, 0.0310095445808, 2.72558863371, 0, 0.002000
3, 163.688544222, 10.944358695, 163.680220608, 10.9413852297, 0.000125235545805, 0.000120925984512, 0.609066301059, 0.000125235350917, 0.000120925765147, 0.609062960238, 58153.4521644, 58153.4525116, 1354.16234658, 7.61191298236, 30.908076636, 1.1184200821, 0.881689085048, 0.0878142333227, 0.010282299781, 0.118225072494, 0.0783705795459, 21.2338843106, 0.0511322464075, 0.412392369472, 0.0935759283205, 1.17119561377, 0, 0.000000
4, 163.671258136, 10.9453892014, 163.656481243, 10.9400701898, 0.000110464293653, 0.00010619918028, 0.6103729366, 0.000110464293552, 0.000106199180093, 0.610372933274, 58153.4521644, 58153.4525116, 6197.84471758, 1.12249118558, 54.9206850674, 2.17585265718, 0.776896258374, 0.0810640383386, 0.00534772127544, 0.0876912063824, 0.0376243536299, 79.0318590782, 0.0137379560271, 0.382611002116, 0.0400540063149, 1.20083304716, 0, 0.034000
5, 163.709823996, 10.9291672853, 163.705732866, 10.9276842866, 0.000140707204312, 0.000127714051161, 0.586779470139, 0.00014070721993, 0.000127714055776, 0.586779517713, 58153.4521644, 58153.4525116, 999.760089538, 5.87819148008, 15.2184141456, 1.28387008289, 0.976298616111, 0.143454931293, 0.0367707306967, 0.265500759038, 0.118265063734, 12.238284123, 0.0887163750936, -0.150740149764, 0.147841876712, 1.24162265534, 0, 0.000000
6, 163.692084634, 10.9181056901, 163.667352446, 10.9127490776, 0.000215356236254, 0.000197888583058, 0.385269409767, 0.00021535581562, 0.000197888053287, 0.385259599995, 58153.4521644, 58153.4525116, 16778.4202961, 1.56986602545, 88.3864625312, 5.39426862076, 1.4929908968, 0.192287969091, 0.00805374317267, 0.0760649660751, 0.037674339323, 86.4432896632, 0.0125600981752, -0.00834663006266, 0.0397128683124, 1.03390831163, 0, 0.011000
7, 163.666392469, 10.8668466258, 163.656539138, 10.8650856219, 1.25941823896e-05, 1.20340839949e-05, 0.329070736101, 1.25941843965e-05, 1.20340836208e-05, 0.329070561573, 58153.4521644, 58153.4525116, 14805.5676095, 0.148269299927, 34.9576273127, 1.2182032224, 0.0881823266084, 0.00860257109064, 0.000891450343425, 0.0795074556178, 0.0069978360241, 123.303859456, 0.00880537080952, 0.0410020905946, 0.0112474114406, 1.26069706621, 0, 0.948000
