\
\ strid, ra1, dec1, ra2, dec2, ra1_err, dec1_err, corr1, ra2_err, dec2_err, corr2, start_mjd, end_mjd, flux, bg, length, sigma, length_err, sigma_err, pa_err, bg_err, fit_mag_err, ap_snr, ap_mag_err, dmag, dmag_err, chi2, numfit, prob
\ null, deg, deg, deg, deg, deg, deg, null, deg, deg, null, days, days, dn, dn, pixels, pixels, pixels, pixels, deg, dn, mag, null, mag, mag, mag, null, null, null
\
1, 163.728983284, 10.9902952085, 163.712922023, 10.9784196292, 0.000213930855489, 0.000187171808792, 0.380908887262, 0.00061870071448, 0.000637806364275, 0.985294499034, 58153.4417824, 58153.4421296, 39976.8574878, 0.725952844038, 70.1541599079, 8.51180602516, 3.41652079073, 0.256867391638, 0.0162309784817, 0.216419582295, 0.0581934579766, 168.839571871, 0.00643057899712, -0.204062991246, 0.0585476805477, 1.21179268337, 0, 0.026000
2, 163.723378984, 10.978323617, 163.699453108, 10.9764824352, 3.22954710277e-05, 3.06796975514e-05, 0.139599239452, 3.22954710075e-05, 3.06796974808e-05, 0.139599212133, 58153.4417824, 58153.4421296, 27707.141302, 7.16316112472, 83.7350681197, 2.98949331032, 0.225490455325, 0.0221634236382, 0.000964471225945, 0.0168509869696, 0.00728956041808, 82.9420946554, 0.0130902915976, -0.268673640023, 0.0149831046582, 1.21074399169, 0, 0.042000
3, 163.751112556, 10.9648667479, 163.702681753, 10.9463418006, 9.37305319984e-05, 8.39002363413e-05, 0.578130045961, 9.61054279795e-05, 8.69912082941e-05, 0.635256818289, 58153.4417824, 58153.4421296, 420257.457277, 3.4392615693, 181.362111785, 17.0747256097, 0.660017734695, 0.100245430567, 0.00216736388709, 0.046783693408, 0.00642055736963, 555.53272009, 0.00195440550213, 0.163846550476, 0.00671142740432, 1.78339980553, 0, 0.002000
4, 163.724071601, 10.9712825288, 163.719492861, 10.9726951254, 0.000133052046549, 0.000123375238873, 0.547176387539, 0.000133174220421, 0.000123478609915, 0.549001185085, 58153.4417824, 58153.4421296, 809.582352651, 7.5542412925, 16.7462454855, 0.891374316576, 0.924274867007, 0.111468305535, 0.0244218980018, 0.390379809256, 0.130385008764, 12.5360567041, 0.0866090693735, -0.0798531650148, 0.156529171109, 1.16373321044, 0, 0.000000
5, 163.711986325, 10.9640587609, 163.706427545, 10.9656130472, 7.6242358416e-05, 7.20477811929e-05, 0.512563415477, 7.63084027507e-05, 7.21408685832e-05, 0.516008933672, 58153.4417824, 58153.4421296, 806.929848085, 12.1628373584, 20.1673101412, 0.778947690971, 0.531788890373, 0.0540441985868, 0.00986735706515, 0.102566958881, 0.0691256515043, 13.8773238104, 0.0782381545312, 0.0926889134356, 0.104400979499, 0.75628900505, 0, 0.000000
6, 163.778315606, 10.9647875298, 163.75846881, 10.9590439798, 0.000138860483891, 0.000134124121776, 0.514941575303, 0.000138860483754, 0.000134124121572, 0.514941571315, 58153.4417824, 58153.4421296, 6396.84298493, 3.43836399677, 72.1946282041, 2.30124013624, 0.976944917365, 0.091866073469, 0.0045600035213, 0.0675648721908, 0.0399020133499, 10.9643834622, 0.0990239176235, -1.67451943107, 0.106760980376, 1.22903233567, 1, 0.017000
7, 163.663484308, 10.9476084837, 163.648779621, 10.942379667, 8.87588060432e-05, 8.54206539349e-05, 0.605047059707, 8.87588059509e-05, 8.54206537789e-05, 0.605047056201, 58153.4417824, 58153.4421296, 6523.96595471, 1.10196300287, 54.574563086, 2.11549082845, 0.624297706634, 0.0642827177519, 0.00427630680923, 0.0686660998322, 0.0304667535285, 85.9833028145, 0.0126272912207, 0.456943852904, 0.0329798658902, 1.1855508605, 0, 0.027000
8, 163.678037845, 10.9447592112, 163.673340218, 10.943675668, 7.899645955e-05, 7.31145210571e-05, 0.408941285822, 7.89951062944e-05, 7.31133833885e-05, 0.40888913528, 58153.4417824, 58153.4421296, 1101.12810359, 6.7908080025, 16.8387389432, 0.991470658336, 0.548341071495, 0.0684883270434, 0.0152617052621, 0.175437366273, 0.0706042184234, 20.9015643658, 0.0519452126049, 0.321595971206, 0.0876542113749, 1.18905949304, 0, 0.000000
9, 163.673135224, 10.9434122612, 163.661536074, 10.9400746752, 0.000976377111441, 0.000951940000736, 0.717469284463, 0.000836677190883, 0.000797215346111, 0.253037786655, 58153.4417824, 58153.4421296, 1677.75500555, 3.9410440165, 42.1784699838, 1.65161475262, 6.50080546182, 0.247133408976, 0.0212462281381, 0.310829835236, 0.212260053882, 20.2900661507, 0.0535107276977, -0.0650680098006, 0.218901184219, 1.30941902381, 0, 0.001000
10, 163.707675536, 10.9323386, 163.697496805, 10.9297309592, 0.000120262044288, 0.000115207444718, 0.460057568562, 0.000120262043769, 0.000115207442621, 0.460057511092, 58153.4417824, 58153.4421296, 1619.49246585, 6.82855988202, 36.7090351971, 1.34374962092, 0.843418792538, 0.0842502820528, 0.00833420774413, 0.0681739095594, 0.0622919678948, 10.6013089045, 0.102415297445, -0.479257032015, 0.119871524621, 1.06384767212, 0, 0.000000
11, 163.711436374, 10.9294121806, 163.704299494, 10.927137468, 0.000163972085157, 0.000152846905864, 0.542835463864, 0.000163972086027, 0.000152846906715, 0.54283547577, 58153.4417824, 58153.4421296, 1748.65827843, 4.5788546326, 26.1845245375, 1.54942932812, 1.14347128315, 0.145012494778, 0.0204758755198, 0.237205641688, 0.0984187343849, 21.1071225223, 0.0514393282936, 0.000796886338293, 0.111050672097, 1.17451575045, 0, 0.000000
12, 163.688088757, 10.9273381864, 163.684664484, 10.9256073287, 0.000227795187738, 0.000194143361676, 0.691792647634, 0.000227795162065, 0.000194143318884, 0.691792445503, 58153.4417824, 58153.4421296, 1267.28662314, 5.34933702558, 13.4403300309, 2.13275394554, 1.59725844458, 0.300412740516, 0.0983062662712, 0.397640142068, 0.163882868888, 15.7135213989, 0.0690956646317, 0.0107651675927, 0.177853326047, 1.13185884706, 0, 0.000000
13, 163.684411592, 10.9203841237, 163.665414641, 10.9151217977, 0.00022745081511, 0.000207638840091, 0.2850716498, 0.000251890365387, 0.000237189580172, 0.642211197221, 58153.4417824, 58153.4421296, 11635.0490165, 2.32483920977, 68.883929682, 4.38444712998, 1.68044618363, 0.195962605084, 0.0104679843121, 0.12473493171, 0.0493965281442, 68.7270263132, 0.0157978056523, -0.0119266654063, 0.0518612346183, 1.21098473397, 1, 0.015000
14, 163.374731374, 10.8162513585, 163.364858368, 10.8146437043, 1.02809109223e-05, 9.85468133606e-06, 0.299357954453, 1.02808922501e-05, 9.85465932574e-06, 0.299345897975, 58153.4417824, 58153.4421296, 14588.5062469, 0.856153327687, 34.9464544464, 1.12643810588, 0.0720435439949, 0.00676089809734, 0.000699245036439, 0.0624797448973, 0.00590988090918, 120.292132343, 0.00902582890181, 0.0522568811663, 0.0107885253731, 1.43596150795, 0, 0.720000
