\
\ strid, ra1, dec1, ra2, dec2, ra1_err, dec1_err, corr1, ra2_err, dec2_err, corr2, start_mjd, end_mjd, flux, bg, length, sigma, length_err, sigma_err, pa_err, bg_err, fit_mag_err, ap_snr, ap_mag_err, dmag, dmag_err, chi2, numfit, prob
\ null, deg, deg, deg, deg, deg, deg, null, deg, deg, null, days, days, dn, dn, pixels, pixels, pixels, pixels, deg, dn, mag, null, mag, mag, mag, null, null, null
\
1, 202.631499442, 46.6614667047, 202.61963273, 46.6752264453, 3.85206334747e-05, 3.75896120585e-05, 0.829904701584, 3.85205762046e-05, 3.75895571827e-05, 0.829903723322, 58218.3520949, 58218.3524421, 2724.64802912, -0.0359483784615, 56.8380664828, 1.20661095567, 0.27168550357, 0.0208420503092, 0.00130367412801, 0.0187934448893, 0.0167973952217, 54.560372107, 0.0198997214064, 0.0740370675567, 0.0260413401784, 1.29864599947, 0, 0.243000
2, 202.601073442, 46.4818797386, 202.58973491, 46.4783184635, 0.00248605386827, 0.00244904498069, 0.609392873549, 0.00273425972682, 0.00274793615707, 0.760768265736, 58218.3520949, 58218.3524421, 335.235147206, -1.81932988346, 30.5145357336, 1.15758038717, 18.7406971067, 1.79656842622, 0.209490045701, 0.949481693861, 1.62051115554, 214.024192854, 0.0050729601653, 1.56242576919, 1.62051909589, 25.3759419176, 6, 0.015000
3, 202.619775967, 46.2553878932, 202.609265797, 46.268594019, 0.000186609688208, 0.000209587083682, 0.00566395812468, 0.000426151128214, 0.000406937186678, 0.96582044247, 58218.3520949, 58218.3524421, 7890.47359126, -1.9209552318, 53.5950574715, 4.42253936547, 2.37401204026, 0.173844409876, 0.0126841473543, 0.129757976404, 0.0591957232248, 585.222739445, 0.00185525293461, -0.0996853992615, 0.0592247888267, 1.17518002374, 0, 0.010000
4, 202.695002461, 46.2067528864, 202.660806213, 46.2169772736, 0.000176764130219, 0.000157801887809, 0.700417897857, 0.000176764131237, 0.000157801888768, 0.700417904884, 58218.3520949, 58218.3524421, 21777.4887056, -1.23876838326, 91.6568444681, 6.860396125, 1.21502269665, 0.171141439227, 0.00708229566914, 0.0510878928337, 0.0266865377336, 343.720794138, 0.00315877370026, -0.0441419145256, 0.0268728328893, 1.6860867782, 0, 0.001000
5, 202.743321183, 46.1945555888, 202.721195936, 46.2033123484, 8.73083916402e-05, 7.93151225778e-05, 0.813720316393, 8.73083921213e-05, 7.93151230181e-05, 0.813720319677, 58218.3520949, 58218.3524421, 14183.05792, -0.754075448352, 62.7239322842, 4.72308886027, 0.604211015077, 0.0844564155755, 0.00517645054943, 0.0381633843848, 0.0187151775163, 178.919471006, 0.00606829541051, 0.180748777865, 0.0196744016086, 1.4575007696, 0, 0.008000
6, 202.857376042, 46.2017760467, 202.855392764, 46.1989113381, 8.18031384807e-05, 8.98167595768e-05, 0.759115625817, 8.09969701173e-05, 8.84102820349e-05, 0.7513164847, 58218.3520949, 58218.3524421, 230.963377948, 2.9877187519, 11.2966024402, 0.66516513902, 0.615328571469, 0.0760163295278, 0.0253058062496, 0.129583996976, 0.11682795727, 10.1704651267, 0.106753839794, 0.374613533634, 0.158256607794, 1.15832886806, 0, 0.000000
7, 202.658397289, 46.1906298411, 202.6561891, 46.1773934149, 3.17123464012e-05, 3.36171941025e-05, 0.266429274491, 3.17123463403e-05, 3.36171940372e-05, 0.266429259736, 58218.3520949, 58218.3524421, 6106.76526441, -2.18737827722, 47.3864115088, 1.47307191546, 0.233804144499, 0.0215809207217, 0.00164167149267, 0.0388025922521, 0.0144335220304, 125.261754829, 0.00866773905759, 0.0686690578701, 0.0168361592583, 1.41125938854, 0, 0.532000
8, 202.745872295, 46.182460065, 202.730586173, 46.1936662042, 0.000215366687393, 0.000210199885284, 0.882690737225, 0.000215366600194, 0.000210199814879, 0.882690642217, 58218.3520949, 58218.3524421, 7829.62767661, 1.0088868467, 54.8041303061, 5.86619331029, 1.56490908673, 0.259100270192, 0.0186689457669, 0.0775602898368, 0.050052807672, 62.458502376, 0.0173833211405, 0.0516503228367, 0.0529855018824, 1.18840202134, 0, 0.025000
9, 202.642473319, 46.1438565543, 202.63527309, 46.1504278611, 0.000494987554683, 0.000521084250514, 0.812077032036, 0.000476885213721, 0.000509586648908, 0.795640529485, 58218.3520949, 58218.3524421, 1884.21931908, 1.20923014359, 29.3364899993, 5.00432027401, 3.84510549083, 0.773720031053, 0.109864414044, 0.209719352626, 0.20338090897, 44.1369937415, 0.0245992332672, 0.672078813746, 0.204863165091, 2.24193223677, 0, 0.001000
10, 202.676089548, 46.1280829153, 202.661878724, 46.1449876255, 0.00207839047438, 0.00197637689455, 0.99941150234, 0.000586999260874, 0.000619136614543, 0.931831313091, 58218.3520949, 58218.3524421, 3051.2458351, 3.62027043596, 69.5674050906, 1.48194524204, 10.6471310808, 0.0658370706559, 0.00348628615472, 0.0595809449325, 0.167213337163, 41.7115970091, 0.0260296004615, 0.4220642049, 0.169227185243, 1.43970093559, 0, 0.177000
11, 202.679871895, 46.1153272029, 202.665727096, 46.1357050702, 3.27110154867e-05, 3.20954052555e-05, 0.733391148613, 3.27110153156e-05, 3.20954050998e-05, 0.733391142615, 58218.3520949, 58218.3524421, 5566.3249902, 0.726496374483, 80.4140725601, 1.41945993312, 0.231155131161, 0.0161829409841, 0.000712805818267, 0.0125532876505, 0.0110083290482, 95.7739520388, 0.0113364456791, 0.71386013454, 0.0158018451159, 1.22377322719, 3, 0.234000
12, 202.68733748, 46.1335243217, 202.684479794, 46.1376704794, 0.000116658192073, 0.000120463248597, 0.696468700386, 0.000116661925415, 0.000120468792415, 0.696502035485, 58218.3520949, 58218.3524421, 533.939228266, 0.584468943088, 16.3390701518, 1.02169745336, 0.856298368113, 0.111121714389, 0.0253415318485, 0.195900006298, 0.114325263458, 19.2135082742, 0.0565090034189, 0.0548940545093, 0.127528558888, 1.11783362739, 0, 0.000000
13, 202.682258667, 46.1239817105, 202.676100441, 46.131635727, 0.000338934950989, 0.000345632907459, 0.80346921553, 0.000303077797699, 0.000317939543102, 0.709047143314, 58218.3520949, 58218.3524421, 1218.79930461, 1.97595472369, 31.1629190978, 2.48720664796, 2.38635124636, 0.335374974367, 0.0397372393999, 0.188974616071, 0.155401587985, 18.3072430716, 0.0593063740135, -0.0259841616763, 0.166333699372, 1.2518109756, 0, 0.000000
14, 202.732454673, 46.0553376505, 202.701073871, 46.0762277949, 0.000108066232776, 0.000103643862444, 0.878234501344, 0.000108066232787, 0.000103643862436, 0.878234501347, 58218.3520949, 58218.3524421, 120557.462732, -1.20595936216, 107.29435989, 12.4407291133, 0.779151957655, 0.130067757108, 0.0050104149177, 0.0439522622096, 0.011379677715, 538.762323804, 0.00201524152077, -0.125462911203, 0.0115567410321, 3.88401043012, 0, 0.002000
15, 202.678602988, 46.0639343174, 202.676685884, 46.0740151745, 4.07098959822e-05, 4.15215500892e-05, 0.202244926588, 4.07434478263e-05, 4.15167030012e-05, 0.208253359589, 58218.3520949, 58218.3524421, 938.382354779, 3.27476314189, 36.1633517224, 0.730125098444, 0.293577859053, 0.0221417095036, 0.00213984078656, 0.0258006130821, 0.0291722220765, 4.57904269362, 0.23710986715, -1.61581881938, 0.238897692832, 0.810235581774, 0, 0.001000
