\
\ strid, ra1, dec1, ra2, dec2, ra1_err, dec1_err, corr1, ra2_err, dec2_err, corr2, start_mjd, end_mjd, flux, bg, length, sigma, length_err, sigma_err, pa_err, bg_err, fit_mag_err, ap_snr, ap_mag_err, dmag, dmag_err, chi2, numfit, prob
\ null, deg, deg, deg, deg, deg, deg, null, deg, deg, null, days, days, dn, dn, pixels, pixels, pixels, pixels, deg, dn, mag, null, mag, mag, mag, null, null, null
\
1, 163.140077536, 10.7761941883, 163.130318291, 10.7745101519, 1.52505030317e-05, 1.46498074954e-05, 0.31552181209, 1.52504700376e-05, 1.46497693561e-05, 0.315508547517, 58153.4333912, 58153.4337384, 14058.7653817, -6.81434374636, 34.6120689215, 1.06992344472, 0.106964572296, 0.00985170714651, 0.00102522535477, 0.111517541929, 0.00908317343983, 161.303154953, 0.00673102894405, 0.0677764697731, 0.0113053434439, 1.09074454456, 0, 0.532000
2, 163.263680397, 10.7023321602, 163.258139593, 10.7040864522, 0.000126208434249, 0.000125747046961, 0.377894555018, 0.000214938523675, 0.000209666895176, 0.941233653194, 58153.4333912, 58153.4337384, 282.77630079, 16.1380843161, 20.3381662144, 0.329619171258, 1.24379145222, 0.0470252546406, 0.0080182437056, 0.16009556264, 0.141561963121, 5.14750027633, 0.210924943462, -0.102061379736, 0.254025827776, 1.27082588311, 0, 0.000000
3, 163.2597471, 10.6871374614, 163.256357786, 10.6920247642, 0.000117709878851, 0.000119762858367, 0.0174147362404, 0.000432845319284, 0.000428105316683, 0.997063885503, 58153.4333912, 58153.4337384, 246.345877971, 16.0509882761, 21.0274213542, 0.211218025368, 2.25023303704, 0.0187948158583, 0.00333115187112, 0.0892406645627, 0.140162924741, 9.34348221746, 0.116202522731, 0.503018851967, 0.182067766947, 1.391690637, 0, 0.000000
4, 163.329689083, 10.6814799585, 163.332419754, 10.6925846543, 0.000395419457806, 0.000410969720558, 0.440480079117, 0.000399166933424, 0.000414670478522, 0.471791178545, 58153.4333912, 58153.4337384, 834.207643672, 17.8248468484, 40.6146571595, 0.984091664204, 2.89608872226, 0.237779949485, 0.0205129795529, 0.295592664598, 0.244151442874, 8.27529953588, 0.131202042905, 0.167818999389, 0.277171252334, 1.17508487303, 2, 0.000000
5, 163.294500402, 10.6909525143, 163.291830101, 10.6872572659, 6.11469757822e-05, 6.24109316885e-05, 0.905979665979, 6.39602139124e-05, 6.53573046537e-05, 0.918289629177, 58153.4333912, 58153.4337384, 515.295171015, 18.8412075174, 16.1127570471, 0.446159064084, 0.450564815234, 0.0428381143186, 0.00976388404074, 0.204919837502, 0.0933014589628, 8.1870312887, 0.132616594034, -0.048902148643, 0.162149077265, 1.23351358745, 0, 0.000000
6, 163.273024572, 10.6826289513, 163.26948269, 10.6847155641, 9.29797216346e-05, 8.86830364373e-05, 0.734496899091, 0.000134048106743, 0.000129534950446, 0.937339868439, 58153.4333912, 58153.4337384, 329.633518219, 16.403280074, 14.4282658156, 0.412322838752, 0.812894247918, 0.0596556422104, 0.015773236747, 0.250254679192, 0.146856573111, 4.60857040219, 0.235590673464, -0.390086904252, 0.277614514191, 1.43759440069, 3, 0.000000
7, 163.322936435, 10.6844065559, 163.319409995, 10.6853132001, 6.67273450861e-05, 6.44522960093e-05, 0.343966382567, 0.000102501931295, 9.54749486747e-05, 0.895557168242, 58153.4333912, 58153.4337384, 318.021000169, 17.8350274998, 12.7350326771, 0.358817292688, 0.604320209134, 0.042651212328, 0.0130197001874, 0.23275855806, 0.117083532637, 5.56738481362, 0.195017273119, -0.222050411147, 0.227464921317, 1.10423332423, 8, 0.000000
8, 163.31527166, 10.6793908115, 163.31428332, 10.6848610517, 0.000123822629566, 0.000126061117122, 0.403340030454, 0.00015606785259, 0.000159725980591, 0.805747697821, 58153.4333912, 58153.4337384, 371.232536304, 17.2009108264, 19.7515302337, 0.394909245922, 1.0149698612, 0.0641604222807, 0.0121737460135, 0.270050744801, 0.159619000608, 4.06015380572, 0.267412580092, -0.564437135801, 0.31142850439, 1.31605082028, 0, 0.000000
9, 163.300933284, 10.6772359034, 163.298680269, 10.6802574292, 0.00037753025637, 0.000373642056074, 0.999103466156, 7.64207971103e-05, 8.03480134188e-05, 0.195248889995, 58153.4333912, 58153.4337384, 234.176807052, 17.5349655984, 13.3174126326, 0.175977378714, 1.93908147694, 0.0136873394272, 0.00354873801042, 0.12231109581, 0.166317515086, 7.10255696299, 0.152865539892, -0.0163498409359, 0.225896855026, 0.999315007046, 2, 0.000000
10, 163.272166758, 10.6804018987, 163.270127762, 10.6772031952, 9.10178850754e-05, 8.99717871309e-05, 0.943198920284, 6.03746565178e-05, 6.39826888762e-05, 0.71788447186, 58153.4333912, 58153.4337384, 354.366626231, 15.0947606209, 13.4191385358, 0.370037818001, 0.55231845854, 0.0485105276553, 0.0134875455758, 0.302704695741, 0.129009072864, 5.40898528117, 0.200728260167, -0.412253415088, 0.238610928733, 1.23227179171, 0, 0.000000
11, 163.380587634, 10.6739374035, 163.376907176, 10.6753927537, 7.87033980915e-05, 7.75618211889e-05, 0.962373047886, 3.80824891719e-05, 4.01227391716e-05, 0.357499749779, 58153.4333912, 58153.4337384, 322.017357973, 15.0655464423, 13.8599714267, 0.270765470856, 0.434036359257, 0.0213584848445, 0.00616572012112, 0.135070782449, 0.0790364614452, 8.81681502488, 0.123143811194, 0.0941529210239, 0.146325529123, 1.07304854969, 0, 0.000000
12, 163.319972588, 10.6718963129, 163.316938548, 10.6684350685, 6.88807028271e-05, 6.88412534926e-05, 0.972301741035, 4.15191188069e-05, 3.99806376235e-05, 0.906724499614, 58153.4333912, 58153.4337384, 290.714517075, 16.1878719638, 16.2416062318, 0.280693010756, 0.400726157503, 0.0347785678511, 0.00918582544677, 0.189813812632, 0.118957237215, 6.12421694366, 0.177285719096, -0.107131333384, 0.213497190804, 0.980579073443, 0, 0.000000
13, 163.995332427, 10.6424887333, 163.98827467, 10.6406301279, 0.000526982799919, 0.000495952421454, 0.466628387667, 0.00052698281448, 0.000495952430647, 0.466628438781, 58153.4333912, 58153.4337384, 537.95418605, 20.8682624842, 25.5243397496, 1.25525719871, 3.67798011592, 0.42409013581, 0.0612339741264, 0.243948448503, 0.343635663313, 10.3458184289, 0.104944448061, 1.07966221695, 0.359303223308, 1.22369648964, 1, 0.000000
14, 163.99090675, 10.63601175, 163.986210286, 10.6399919838, 0.000142579034614, 0.000140910698318, 0.9933287071, 0.000109285437884, 0.000106700683547, 0.979871668502, 58153.4333912, 58153.4337384, 331.521600443, 20.3853187858, 21.6619144482, 0.278390555814, 0.901536058216, 0.0221116233694, 0.00355205292199, 0.0781225649031, 0.0801723065915, 7.8738442298, 0.137891501669, 0.261143392256, 0.159504435602, 1.13868657681, 1, 0.000000
15, 163.978325347, 10.6374118379, 163.975376755, 10.6396237915, 0.000271318465333, 0.000259534023537, 0.881020134645, 0.000271324538299, 0.000259540571614, 0.881027703586, 58153.4333912, 58153.4337384, 451.828384463, 15.8961172877, 12.9570617174, 1.07225311114, 1.92730729231, 0.280000040582, 0.0844082094757, 0.349921471907, 0.274049870739, 6.64498632226, 0.163391789253, 0.32615268693, 0.319061449328, 1.2737903485, 2, 0.000000
16, 163.986994058, 10.6353862942, 163.984733186, 10.6387745698, 0.000297801911434, 0.000307056125285, 0.849534924572, 0.000297797200431, 0.000307039427902, 0.849534355714, 58153.4333912, 58153.4337384, 365.441614285, 18.5130016302, 14.4010360068, 0.930590653058, 2.18264863949, 0.284274888372, 0.0747995672539, 0.31874545448, 0.313880008688, 5.07170795524, 0.214077035654, 0.242881898517, 0.379933727179, 1.2945649535, 0, 0.000000
17, 163.472099062, 10.623776283, 163.469849756, 10.6267182104, 0.000147437980514, 0.000148983415008, 0.902319713381, 0.000146666045444, 0.000148672885319, 0.900439629209, 58153.4333912, 58153.4337384, 445.668912409, 11.0079301859, 13.0813523053, 0.687508750759, 1.06364130932, 0.126817588, 0.0358812408942, 0.36983123332, 0.187220842785, 4.32958872995, 0.250771210034, -0.664643609267, 0.312950225683, 1.33275607914, 0, 0.000000
18, 163.710164239, 9.95682965627, 163.709543425, 9.96039739273, 0.000233247335771, 0.000251250001455, 0.303481430574, 0.000233354654885, 0.000252826199112, 0.30507746263, 58153.4333912, 58153.4337384, 320.555453459, 15.982436365, 12.8743867497, 0.706744001704, 1.74731506685, 0.213985907963, 0.0620237256091, 0.469724514906, 0.310108524336, 5.96303092918, 0.182077909314, 0.261139981327, 0.359610430781, 1.19770435152, 0, 0.000000
19, 163.643747954, 9.95341072269, 163.639945881, 9.95758881812, 0.000370534036358, 0.0003702909783, 0.932274769064, 0.00037061400685, 0.000370361722192, 0.932307510544, 58153.4333912, 58153.4337384, 674.467113603, 12.5556461901, 19.9517591381, 1.1080719143, 2.67095024943, 0.330964154841, 0.0605425935128, 0.600669553907, 0.316592945829, 7.6324968114, 0.14225177312, -0.0399873527076, 0.347083074068, 1.18881623697, 1, 0.001000
20, 163.702968663, 9.9501119754, 163.698972836, 9.95320744277, 0.000350289271105, 0.000339526574132, 0.913692090592, 0.000350285947433, 0.000339524660311, 0.913691264851, 58153.4333912, 58153.4337384, 420.860536066, 17.4803410127, 17.804238346, 1.01462205862, 2.48409550007, 0.305861139974, 0.0642002371959, 0.282045838615, 0.308169747247, 8.73131989271, 0.12434960786, 0.796188531831, 0.332312229828, 1.27011124282, 0, 0.000000
