\
\ strid, ra1, dec1, ra2, dec2, ra1_err, dec1_err, corr1, ra2_err, dec2_err, corr2, start_mjd, end_mjd, flux, bg, length, sigma, length_err, sigma_err, pa_err, bg_err, fit_mag_err, ap_snr, ap_mag_err, dmag, dmag_err, chi2, numfit, prob
\ null, deg, deg, deg, deg, deg, deg, null, deg, deg, null, days, days, dn, dn, pixels, pixels, pixels, pixels, deg, dn, mag, null, mag, mag, mag, null, null, null
\
1, 163.730172145, 10.9921203127, 163.720756708, 10.9879010652, 0.000165082843367, 0.000153664985681, 0.689661887184, 0.00016508284336, 0.000153664985465, 0.689661885303, 58153.4393056, 58153.4396528, 6431.92464752, 3.17740738913, 36.1121808236, 2.72007551859, 1.15590959788, 0.162625436034, 0.0171716141765, 0.212685007688, 0.0634892836304, 60.8021416024, 0.0178568743821, 0.27927743667, 0.0659526883349, 1.49985888194, 3, 0.056000
2, 163.720163614, 10.9815593032, 163.696022661, 10.9794637978, 4.00398951795e-05, 3.81028364102e-05, 0.158604291284, 4.0039895149e-05, 3.81028363333e-05, 0.158604270079, 58153.4393056, 58153.4396528, 25566.8990602, 5.26697984268, 84.5640400878, 2.93725093383, 0.279756521981, 0.0271708609124, 0.00116745623455, 0.02324032485, 0.00910838647048, 83.2717536137, 0.0130384693205, -0.316435736354, 0.0159048541747, 1.12308629576, 0, 0.042000
3, 163.733469688, 10.9848849814, 163.725663134, 10.9840932492, 0.000133956586935, 0.000124893549539, 0.31613529532, 0.000144798793989, 0.000138555886765, 0.606857174087, 58153.4393056, 58153.4396528, 2182.49306564, 2.88042677476, 27.3838025296, 1.3159119467, 0.980206309095, 0.0818869876964, 0.0109801160193, 0.195220101892, 0.0676242496329, 26.2826288551, 0.0413100306953, -0.286154049382, 0.0792436607841, 1.09594438944, 1, 0.001000
4, 163.772426028, 10.9796622731, 163.730732973, 10.9699747773, 0.00028349768126, 0.000268471221949, 0.418582745232, 0.00028349768057, 0.000268471220885, 0.418582731501, 58153.4393056, 58153.4396528, 38943.4325089, 6.33255910173, 149.497022929, 6.4454429358, 1.98117571641, 0.214802707936, 0.00524052567631, 0.0585499261173, 0.0337118812696, 198.908135334, 0.00545848063447, 1.04947876102, 0.0341509289709, 2.82069035313, 0, 0.004000
5, 163.738759408, 10.9784506199, 163.732232969, 10.9763612646, 7.33010199641e-05, 6.88275458592e-05, 0.546877797369, 7.33010229751e-05, 6.8827546826e-05, 0.546877821875, 58153.4393056, 58153.4396528, 2911.57336502, 9.85871165262, 23.9525407847, 1.32576161441, 0.511721852023, 0.0621192161343, 0.00968087657468, 0.163018014266, 0.0476928780312, 33.3875607011, 0.0325191832515, 0.299442299495, 0.0577244133296, 1.2615534152, 0, 0.027000
6, 163.743984465, 10.9744100949, 163.741271741, 10.9726631166, 0.000135025173646, 0.000122301007521, 0.778155674235, 0.000135025173699, 0.000122301007177, 0.778155672528, 58153.4393056, 58153.4396528, 1596.49426621, 10.7787838918, 11.3201519877, 1.73067115709, 0.966023909743, 0.17639552644, 0.0694908316693, 0.355009324655, 0.113276206405, 13.1117906439, 0.0828060967599, -0.104536567112, 0.140315175937, 1.21143979977, 0, 0.000000
7, 163.711665379, 10.9670253805, 163.706426279, 10.9690532336, 9.98050554405e-05, 9.15031677714e-05, 0.640247713012, 9.98050540917e-05, 9.15031675129e-05, 0.640247711091, 58153.4393056, 58153.4396528, 2122.9335851, 6.33067110301, 19.651961873, 1.35470111922, 0.692037818819, 0.0929272450291, 0.0180088787278, 0.231798277054, 0.0711508854465, 31.1767499804, 0.0348251888167, 0.328701442578, 0.0792164268062, 1.32192535009, 0, 0.001000
8, 163.709939358, 10.9647557199, 163.704833687, 10.9661683207, 0.000112331197956, 0.00010293631245, 0.496928038553, 0.000112331063949, 0.00010293619477, 0.496925107646, 58153.4393056, 58153.4396528, 1073.56258044, 7.49978844751, 18.510730853, 1.13761393864, 0.776675736107, 0.0986996589876, 0.0201489745984, 0.152241143402, 0.0885140485126, 3.32632993598, 0.326406648064, -1.67705771263, 0.338195264137, 1.11238666274, 0, 0.000000
9, 163.77094259, 10.9631647638, 163.756934968, 10.9588528325, 0.000137680481713, 0.000131344956686, 0.536684429758, 0.000137680481556, 0.000131344956403, 0.536684424618, 58153.4393056, 58153.4396528, 4818.43749348, 2.65339596365, 51.2242793395, 2.16833486598, 0.96526252172, 0.103698344471, 0.00738358493635, 0.0865419116808, 0.048224064754, 10.956164025, 0.099098206478, -1.65993508913, 0.110208960382, 1.38221200012, 0, 0.023000
10, 163.683920472, 10.9569934485, 163.677481648, 10.9538422602, 0.00020574237049, 0.0001803269147, 0.690818017653, 0.000205742370486, 0.000180326914091, 0.69081801406, 58153.4393056, 58153.4396528, 4602.18189237, 1.60114186868, 25.1054685266, 3.3531064805, 1.43713965225, 0.254199959558, 0.042876852786, 0.232288118397, 0.0851074555263, 58.8678427761, 0.0184436213993, 0.366052388358, 0.0870829843108, 1.31025917612, 0, 0.049000
11, 163.661791341, 10.9472220647, 163.654051352, 10.9446497246, 0.000246210029377, 0.000226650052561, 0.363099422066, 0.000389227365426, 0.000387382410084, 0.933276735594, 58153.4393056, 58153.4396528, 2589.781831, 1.76205975159, 28.5159885886, 1.65618130801, 2.32398885115, 0.144809122068, 0.0186556406182, 0.440218612613, 0.118980927976, 39.9175703819, 0.0271994561385, -0.0267339932413, 0.122050283229, 1.08327302594, 7, 0.211000
12, 163.702857443, 10.9322512358, 163.698418724, 10.9298515957, 7.1172861162e-05, 6.87389011401e-05, 0.79014105448, 7.12048977938e-05, 6.87676197945e-05, 0.790443894243, 58153.4393056, 58153.4396528, 942.312638815, 5.39079658918, 17.6831361215, 0.946710143719, 0.503300686195, 0.0600048425661, 0.0126685194585, 0.11404922468, 0.064012218565, 15.0312502174, 0.0722319294174, -0.0508901960972, 0.0965143292624, 1.13494602141, 0, 0.000000
13, 163.687804842, 10.9281749487, 163.682457185, 10.9257511623, 0.000135184608218, 0.000126443302638, 0.697247849281, 0.000135184608145, 0.000126443302276, 0.697247845595, 58153.4393056, 58153.4396528, 1589.52837891, 3.41371513046, 20.5551576704, 1.47263689359, 0.947662503467, 0.130585662161, 0.0240426569134, 0.259436781619, 0.0940194320973, 21.3777345057, 0.0507881789095, -0.0786485531983, 0.10686015501, 1.24416263667, 0, 0.001000
