\
\ strid, ra1, dec1, ra2, dec2, ra1_err, dec1_err, corr1, ra2_err, dec2_err, corr2, start_mjd, end_mjd, flux, bg, length, sigma, length_err, sigma_err, pa_err, bg_err, fit_mag_err, ap_snr, ap_mag_err, dmag, dmag_err, chi2, numfit, prob
\ null, deg, deg, deg, deg, deg, deg, null, deg, deg, null, days, days, dn, dn, pixels, pixels, pixels, pixels, deg, dn, mag, null, mag, mag, mag, null, null, null
\
1, 155.102634961, 8.8606117373, 155.101809942, 8.86468642815, 3.66363468517e-05, 3.70420144023e-05, 0.205877049146, 3.89469746335e-05, 3.97207879674e-05, 0.477036684769, 58153.4141319, 58153.4144791, 228.262889815, 9.67207845464, 14.7737136049, 0.310886307395, 0.270982236552, 0.0215575513969, 0.00524790085719, 0.079189170704, 0.0676299858369, 7.18084895207, 0.15119886409, 0.115539677877, 0.165634874005, 1.0595638447, 0, 0.000000
2, 155.713160444, 8.86886800011, 155.706303459, 8.8627228652, 0.000413378236902, 0.000418166741527, 0.960825029848, 0.000413282266561, 0.000418067352377, 0.960803331706, 58153.4141319, 58153.4144791, 398.404921728, 13.9998663393, 32.5317574631, 0.966022562425, 2.974362565, 0.271158094212, 0.0296680145086, 0.174312455173, 0.281624043299, 6.18422942038, 0.175565317997, 0.462193560594, 0.331866362634, 1.24622318295, 5, 0.000000
3, 155.706330095, 8.86106579111, 155.698608478, 8.86410834955, 0.000547280887194, 0.000538817661369, 0.483831211026, 0.000690884758222, 0.000677519777043, 0.833959145213, 58153.4141319, 58153.4144791, 221.418286649, 13.7033397845, 29.2145234168, 0.224286764205, 4.41087341399, 0.0209203872171, 0.00245194526025, 0.0648401323967, 0.176334646906, 7.96234391807, 0.136358868184, 0.532076743875, 0.222907264645, 1.26900244173, 0, 0.000000
4, 155.720166985, 8.85907039708, 155.714465466, 8.86025877617, 6.99131736496e-05, 6.70664745781e-05, 0.167036931988, 8.70272455834e-05, 8.41851494879e-05, 0.775201983897, 58153.4141319, 58153.4144791, 272.630291505, 14.2929369506, 20.4798119357, 0.299229361877, 0.560246085072, 0.0179715726753, 0.00296448374048, 0.0509293728781, 0.0577474228261, 5.37410154608, 0.202031203811, -0.121083539291, 0.210122279058, 0.967720355666, 0, 0.000000
5, 154.884702106, 8.79058557194, 154.883725528, 8.79438877402, 0.000142708962759, 0.000142717277087, 0.707076045071, 0.000118970084401, 0.000120893325059, 0.0950801465064, 58153.4141319, 58153.4144791, 2114.59087788, -5.0192482142, 13.9504596756, 0.242933173169, 0.943260163958, 0.0339940005063, 0.00945631758484, 2.02148525559, 0.148552720624, 42.3571396034, 0.025632897191, -1.48725847459, 0.150747989118, 123.316336122, 5, 0.001000
6, 154.874631506, 8.03148026177, 154.873170114, 8.03765786724, 0.000225001673163, 0.000234646595139, 0.399085248612, 0.000229097310868, 0.000236584786908, 0.464271040616, 58153.4141319, 58153.4144791, 259.133961873, 14.9674621197, 22.5575225304, 0.348056647927, 1.68042224179, 0.0475782761602, 0.00730873425164, 0.113390603568, 0.13508814422, 5.13335833819, 0.211506022613, 0.032756813605, 0.250965344839, 1.14275172593, 8, 0.000000
7, 154.965510673, 8.01152198958, 154.922745854, 8.00967480555, 0.003390510987, 0.00230494693809, 0.384951131565, 0.00343432461435, 0.00243541512614, 0.509802622115, 58153.4141319, 58153.4144791, 186756.839747, -5.11196244096, 150.709615509, 22.6875859313, 24.268220491, 1.4756161307, 0.0216062473641, 1.34812280672, 0.234827457615, 330.743902859, 0.00328270965956, -1.05686941474, 0.234850401389, 1.36473916773, 8, 0.000000
