\
\ strid, ra1, dec1, ra2, dec2, ra1_err, dec1_err, corr1, ra2_err, dec2_err, corr2, start_mjd, end_mjd, flux, bg, length, sigma, length_err, sigma_err, pa_err, bg_err, fit_mag_err, ap_snr, ap_mag_err, dmag, dmag_err, chi2, numfit, prob
\ null, deg, deg, deg, deg, deg, deg, null, deg, deg, null, days, days, dn, dn, pixels, pixels, pixels, pixels, deg, dn, mag, null, mag, mag, mag, null, null, null
\
1, 163.279572862, 10.6539245824, 163.277386861, 10.6482612047, 0.000151962937878, 0.000165539944267, 0.626300566518, 0.000151962929356, 0.000165539937043, 0.626300475572, 58153.4368403, 58153.4371875, 602.529753891, 13.6183684396, 21.5331077928, 1.42987076234, 1.14802092425, 0.152165401509, 0.0266867202461, 0.100000346472, 0.110925487972, 5.06666213563, 0.214290232049, -0.0617538781464, 0.241298088334, 1.32699279676, 0, 0.000000
2, 163.272815651, 10.6453815528, 163.268212383, 10.6437021415, 0.000127756087774, 0.000123204130785, 0.556201526125, 0.000131691894495, 0.00012961318919, 0.652235299701, 58153.4368403, 58153.4371875, 210.754068697, 16.6164742781, 17.1573729878, 0.444372880355, 0.915430939843, 0.0967778039034, 0.0192284956979, 0.192639450568, 0.20754498576, 4.12217807241, 0.263388962264, 0.096344525986, 0.335333664514, 1.36443050362, 0, 0.000000
3, 163.240478456, 10.6377328859, 163.234937771, 10.6362548909, 0.000319190601947, 0.000318144610517, 0.952144742354, 0.000195849865011, 0.000198799211529, 0.669295332763, 58153.4368403, 58153.4371875, 332.247080073, 14.5461515797, 20.0615743818, 0.290999958136, 1.87670005052, 0.0665109825278, 0.0126151774405, 0.20948384577, 0.225475730953, 4.8775152287, 0.222600269574, -0.458951600585, 0.316844102459, 1.48395791526, 1, 0.000000
4, 163.264903186, 10.6369335039, 163.263141686, 10.6333364674, 8.83357434385e-05, 9.54516840242e-05, 0.752576767094, 9.12110693952e-05, 9.58887249783e-05, 0.788994699574, 58153.4368403, 58153.4371875, 211.168482588, 16.8865046441, 14.1916110211, 0.329281971342, 0.686581910721, 0.042138572526, 0.0114337390441, 0.156313783997, 0.128206327575, 5.66250192952, 0.191741427777, 0.195070822136, 0.23065480172, 1.05447310396, 0, 0.000000
5, 163.289681089, 10.635434513, 163.287395622, 10.6321945929, 0.00022814911034, 0.000229436904698, 0.999006199464, 4.82165179531e-05, 4.68629804059e-05, 0.45025745567, 58153.4368403, 58153.4371875, 217.753270962, 15.7916231281, 14.0156289977, 0.208382969363, 1.16770794173, 0.0196495483183, 0.00541894674416, 0.0880708043883, 0.118403730169, 9.07848789124, 0.119594388159, 0.438049458565, 0.168292189352, 1.24817401984, 0, 0.000000
6, 163.226355186, 10.6356979639, 163.222624073, 10.6329320866, 0.000282000819337, 0.000278358434466, 0.901267431909, 0.000282007409931, 0.000278357208173, 0.901262373698, 58153.4368403, 58153.4371875, 350.531151148, 12.8965959817, 16.3302627631, 0.873522251615, 2.01644746193, 0.241860522723, 0.0549075543484, 0.305608197782, 0.283730197387, 3.20613568844, 0.338643248529, -0.417560990137, 0.441794154198, 1.32404636952, 0, 0.000000
7, 163.217883763, 10.5355659045, 163.21391016, 10.5368644841, 4.01447389057e-05, 3.95687583368e-05, 0.746059407412, 3.38719018839e-05, 3.27936910812e-05, 0.335715292103, 58153.4368403, 58153.4371875, 326.154356661, 10.0892831726, 14.6363977196, 0.381471834625, 0.25912743479, 0.0275182878209, 0.00637429586667, 0.0870613505972, 0.0673176561456, 8.69053472948, 0.124933187491, 0.0949360043874, 0.141915355637, 0.772242766091, 0, 0.000000
8, 163.328049449, 10.5104643846, 163.324577633, 10.5152476046, 8.25820600207e-05, 8.32958076414e-05, 0.900051975339, 8.61828245759e-05, 8.51592240283e-05, 0.916914982165, 58153.4368403, 58153.4371875, 341.490553661, 11.8071858331, 20.8891190919, 0.467260327393, 0.600438466702, 0.0552630833311, 0.0092849063547, 0.104544999016, 0.11333835772, 4.6379254034, 0.234099540273, -0.361952015997, 0.260092633665, 1.24373216483, 0, 0.000000
9, 163.291455371, 10.505260241, 163.28604747, 10.5061239834, 0.000352315878676, 0.000319693000782, 0.307537744744, 0.000352315462252, 0.000319692915062, 0.307536488428, 58153.4368403, 58153.4371875, 414.528782265, 14.4795690342, 19.1529743669, 1.20599042426, 2.42692498389, 0.312909658905, 0.0616346145493, 0.192043556249, 0.267100934223, 3.11114832783, 0.348982462535, -0.300631714484, 0.439467482551, 1.30154996509, 0, 0.000000
10, 163.309459977, 10.5064075171, 163.305026983, 10.5041918731, 0.00068436517061, 0.000626628369757, 0.721667145402, 0.000684379146254, 0.000626646922344, 0.721695805627, 58153.4368403, 58153.4371875, 476.217830361, 13.187212253, 17.3848509476, 1.670115803, 4.80164157529, 0.760056237777, 0.169765558253, 0.52775391181, 0.508478329042, 4.16025630361, 0.260978200746, -0.0936824776531, 0.571541627854, 1.23578933434, 1, 0.000000
11, 163.347292059, 10.4984506038, 163.345059653, 10.5048857115, 0.00082883990476, 0.000841431999932, 0.83076627762, 0.00161276078238, 0.00159723954517, 0.988549739548, 58153.4368403, 58153.4371875, 265.301583273, 13.8222480696, 24.168754808, 0.185699269466, 9.1097749844, 0.0119886282291, 0.0029818376231, 0.068050936653, 0.399590364779, 7.86647010232, 0.138020762888, 0.169454619029, 0.422755473782, 1.40141025665, 2, 0.000000
12, 163.360855094, 10.5013566515, 163.355958771, 10.5028402669, 8.9531921726e-05, 8.87446901943e-05, 0.447483569806, 9.98348811698e-05, 9.67293898975e-05, 0.647623975366, 58153.4368403, 58153.4371875, 305.435795484, 14.1676146171, 17.9103954301, 0.441584100856, 0.667253793139, 0.0491800266892, 0.00960085578652, 0.093106691959, 0.106444074522, 5.08674351831, 0.213444259741, -0.130472611788, 0.238513716623, 1.22452890053, 1, 0.000000
13, 163.301238777, 10.5026774863, 163.294706162, 10.498380575, 0.000524678607834, 0.000517294434903, 0.880880603509, 0.000511204530034, 0.000502279714279, 0.868324717595, 58153.4368403, 58153.4371875, 536.081021324, 12.750965122, 27.4768589205, 1.22646108782, 3.6941830318, 0.40699524961, 0.0532995109845, 0.331948932341, 0.345902890997, 3.02747042484, 0.358628178776, -0.624263904277, 0.498259952848, 1.32328388274, 0, 0.000000
14, 163.334414215, 10.4927454232, 163.332460308, 10.4988459076, 7.60221703723e-05, 7.54761324616e-05, 0.817799209535, 5.63299976825e-05, 5.69942047638e-05, 0.0495115191114, 58153.4368403, 58153.4371875, 360.263484218, 12.8040916746, 22.7351638413, 0.340502831286, 0.474335705639, 0.0339044758699, 0.00506776884998, 0.12777560167, 0.0942440964202, 6.1308331132, 0.177094398871, -0.239213732535, 0.200610009275, 1.30522228181, 3, 0.000000
15, 163.384394689, 10.497093014, 163.381507036, 10.494847779, 6.62887483978e-05, 6.3982929372e-05, 0.910075460946, 8.12711885178e-05, 8.2556780906e-05, 0.962264024545, 58153.4368403, 58153.4371875, 206.351031159, 14.9682395793, 12.8694354383, 0.379969322164, 0.525005764221, 0.049113196103, 0.0126488579669, 0.119320921068, 0.11960181805, 5.87689096841, 0.184746698653, 0.271019577706, 0.220081661081, 1.20461691549, 0, 0.000000
16, 163.323188836, 10.4937763535, 163.320140976, 10.4966612882, 0.000220661573203, 0.000217580830452, 0.925087670269, 0.00022066469479, 0.000217589262707, 0.92509220104, 58153.4368403, 58153.4371875, 469.946336266, 12.4843018282, 14.787771812, 1.01137614745, 1.58332338695, 0.211657493881, 0.0545286560233, 0.26625701999, 0.216440529698, 7.39763305166, 0.14676805367, 0.265398486946, 0.261509778926, 1.24933602307, 0, 0.000000
17, 163.370440512, 10.4950738905, 163.365354742, 10.4865454928, 3.11954488937e-05, 3.20344624513e-05, 0.637362579539, 5.01006647194e-05, 4.99008708549e-05, 0.950027400633, 58153.4368403, 58153.4371875, 331.674458668, 16.2367650522, 35.1467950312, 0.29827671267, 0.297123249253, 0.0175164562513, 0.00178860032232, 0.0256194633564, 0.055552714496, 4.05153498858, 0.267981446, -0.357355079985, 0.273678935046, 1.11134045864, 2, 0.000000
18, 163.3815557, 10.490819816, 163.375058284, 10.4946092239, 5.95641934474e-05, 5.76302802566e-05, 0.875772876675, 5.87912244212e-05, 5.67885072246e-05, 0.868015567151, 58153.4368403, 58153.4371875, 458.043142478, 16.1747809868, 26.4070752178, 0.451319441347, 0.416136832341, 0.0279855493505, 0.00389930551505, 0.0457984672397, 0.0602714341375, 6.78805303034, 0.159948102925, -0.0106353118831, 0.170927006065, 1.0337581456, 2, 0.000000
19, 163.375925436, 10.4821910855, 163.36639722, 10.4963260523, 0.000957456366642, 0.00097347618706, 0.870079308748, 0.000972903008208, 0.000987385196727, 0.877045462958, 58153.4368403, 58153.4371875, 1203.05002727, 17.0052207447, 60.2813974757, 2.55674321763, 6.9883832918, 0.758459590263, 0.0449980979271, 0.152484493629, 0.309745514608, 5.83709082731, 0.186006392033, 0.164040686855, 0.361304112483, 1.29106315138, 0, 0.001000
20, 163.398873122, 10.4900615464, 163.393594291, 10.4923269729, 0.000661520503484, 0.000601557633581, 0.680032443129, 0.000661520503215, 0.000601557632901, 0.680032441628, 58153.4368403, 58153.4371875, 468.71843053, 15.3363904253, 20.1341191368, 1.61126531885, 4.58930620127, 0.661860013776, 0.126616097468, 0.306867454894, 0.436371636147, 5.21454083745, 0.208213194336, 0.382337223587, 0.483500712646, 1.26984154991, 0, 0.000000
21, 163.403238823, 10.4815345601, 163.399516705, 10.4882684367, 0.000143893799868, 0.000144064987198, 0.79194098983, 0.000153413439702, 0.000152886088177, 0.841398584795, 58153.4368403, 58153.4371875, 435.589579656, 17.4044596472, 27.2439071796, 0.475424757724, 1.0559635108, 0.0689030170207, 0.00888257161229, 0.174477526071, 0.141127916617, 3.02006132025, 0.35950799988, -0.779790977523, 0.386216378247, 1.31880457524, 3, 0.000000
22, 163.393883538, 10.4681715248, 163.38578531, 10.4817838722, 9.18776758971e-05, 9.11261002871e-05, 0.939892859009, 6.19198916845e-05, 6.14934009737e-05, 0.684173935668, 58153.4368403, 58153.4371875, 620.112275994, 16.2017872085, 56.0596171999, 0.382540040789, 0.555076003948, 0.0205222689494, 0.00130249989204, 0.0242383841155, 0.0514553912836, 10.2856405905, 0.10555844288, 0.379419096146, 0.117431861756, 1.24103602883, 1, 0.000000
23, 163.491838272, 10.4672913524, 163.489821416, 10.4623382544, 0.000422740005133, 0.000427696211708, 0.998429693806, 0.000183247610334, 0.000176162880814, 0.959519551801, 58153.4368403, 58153.4371875, 222.212288089, 11.5900268678, 18.9663612862, 0.212421594078, 2.3093770137, 0.0155424102826, 0.00324182093355, 0.0674054305328, 0.133999339335, 6.56502932376, 0.165381775345, 0.00797978398889, 0.212854303594, 1.16996260115, 2, 0.000000
24, 163.400441765, 10.4617170765, 163.394587151, 10.4627182663, 0.000248436814154, 0.000246192964262, 0.997794083504, 0.000172144569459, 0.000173156144807, 0.991370232551, 58153.4368403, 58153.4371875, 245.030426979, 14.0158847479, 20.776029734, 0.212687759618, 1.51731556463, 0.013636133505, 0.00239732843065, 0.0594398309928, 0.0894062031716, 6.96327881997, 0.155923126566, 0.0997331483974, 0.179737282064, 1.00548967245, 0, 0.000000
25, 163.424293049, 10.4536199454, 163.421719967, 10.4488408946, 0.000262739679579, 0.000273768545358, 0.79929952057, 0.000262972007477, 0.000273878871321, 0.800093292152, 58153.4368403, 58153.4371875, 333.801727993, 14.1501031014, 19.2240570962, 0.716313157509, 1.92384554465, 0.195469943993, 0.036590385763, 0.292139630969, 0.274294181011, 4.23922932921, 0.256116411839, -0.0953246098692, 0.375277116475, 1.36318734054, 1, 0.000000
26, 163.536137414, 10.4311049967, 163.527950307, 10.4445199921, 0.000866671804523, 0.000905226070352, 0.811561410254, 0.000866671803241, 0.000905226068306, 0.811561409512, 58153.4368403, 58153.4371875, 2518.22846962, 15.8993550153, 55.6152643412, 3.86258358728, 6.41295533935, 0.873002342923, 0.0590396985362, 0.153029459991, 0.239935263231, 9.25600204061, 0.117300774135, 0.185419826596, 0.267073776613, 1.27476744863, 0, 0.001000
27, 163.560056947, 10.4204901676, 163.556335696, 10.4334618532, 0.00192583015971, 0.00203223032392, 0.488845451259, 0.00192582918808, 0.00203222947674, 0.488844082723, 58153.4368403, 58153.4371875, 444.566065149, 16.0141652637, 47.9096656926, 2.08019226377, 14.2270398378, 1.57638103717, 0.117584056097, 0.22956409125, 0.79483511073, 4.25981992083, 0.254878427947, 0.609887829475, 0.834701064024, 1.29502544302, 3, 0.000000
28, 163.572225602, 10.4263074673, 163.563536328, 10.4294974563, 0.00016283046201, 0.000158576841262, 0.647451044248, 0.000164091403785, 0.000159183614113, 0.652859046596, 58153.4368403, 58153.4371875, 348.195405916, 14.228240242, 32.4259171583, 0.619085453835, 1.14953068001, 0.0838193224143, 0.00915031813351, 0.0599863787609, 0.131008773812, 3.68845972242, 0.294360325574, -0.183527107316, 0.322197610307, 1.30721251308, 0, 0.000000
29, 163.518860074, 10.4269454803, 163.513907076, 10.4292902374, 6.82587416198e-05, 6.64540376522e-05, 0.627570737005, 8.65782412533e-05, 8.3898241656e-05, 0.860834574824, 58153.4368403, 58153.4371875, 431.777684081, 16.4161735125, 19.2182305079, 0.480559331143, 0.549156832679, 0.0419162640743, 0.0075961351641, 0.109400346834, 0.0838272463561, 7.34353438728, 0.147849270869, 0.0639003809205, 0.169960036856, 1.10393628869, 0, 0.000000
30, 163.556705513, 10.4206244475, 163.55100008, 10.425442205, 0.000453197806122, 0.000443476797242, 0.938779209567, 0.000453197600539, 0.000443476598639, 0.93877914743, 58153.4368403, 58153.4371875, 414.887596142, 16.5099829685, 26.2898936828, 1.2378673359, 3.22032317767, 0.363258451748, 0.0508272234286, 0.149687243815, 0.296824795214, 3.60539846616, 0.301141805808, 0.0598548963309, 0.422837257416, 1.20544711264, 0, 0.000000
31, 163.57953426, 10.4138695171, 163.574996117, 10.4192323775, 9.32186369744e-05, 9.28354846745e-05, 0.964045605235, 8.26865860835e-05, 8.26156002101e-05, 0.949128440524, 58153.4368403, 58153.4371875, 408.60639548, 15.8918916569, 24.8017292472, 0.540033003793, 0.628319202238, 0.0497387633564, 0.00700458211529, 0.0766474738646, 0.0888574489617, 4.46697887493, 0.243058280587, -0.280853816171, 0.258791371567, 1.20634554927, 0, 0.000000
32, 163.552502198, 10.4160240864, 163.550497255, 10.413379224, 0.000412464243355, 0.00043928162974, 0.846061822623, 0.000412464234833, 0.000439281623212, 0.846061814859, 58153.4368403, 58153.4371875, 305.670002978, 15.1382539884, 11.7278155126, 1.35696857526, 3.13344954755, 0.520880406586, 0.184292208195, 0.303551687865, 0.414372660843, 2.97410895344, 0.365062686591, -0.00602064727126, 0.552245839455, 1.20132590838, 0, 0.000000
33, 163.64354998, 10.4131367246, 163.638824002, 10.418304457, 0.000189210520289, 0.000188082447287, 0.957938825773, 0.000190162269905, 0.000188931509416, 0.958453943598, 58153.4368403, 58153.4371875, 631.575003533, 9.79638847376, 24.7064684364, 0.778374230579, 1.35317784315, 0.126473973029, 0.0183563398241, 0.222923556328, 0.162003698817, 10.9168344684, 0.0994552228395, 0.252889098413, 0.190096132997, 1.36407101834, 0, 0.000000
34, 163.640003925, 10.4037192054, 163.631906677, 10.4131751167, 0.000493621988859, 0.00049314663191, 0.94227523223, 0.000493622411726, 0.000493147040599, 0.94227535943, 58153.4368403, 58153.4371875, 1111.21941948, 13.8836290436, 43.945161035, 1.65628051656, 3.53721502653, 0.362306080796, 0.02960399756, 0.177307908709, 0.222687157605, 9.91091747152, 0.109549515257, 0.359716791393, 0.248174669246, 1.2839706159, 1, 0.000000
35, 163.608351383, 10.3971797709, 163.594519239, 10.4079935029, 0.000255597795749, 0.000251192268702, 0.957851039545, 0.000255595243803, 0.000251189682605, 0.957849659091, 58153.4368403, 58153.4371875, 894.144999414, 15.2342651202, 61.7766492747, 1.07415971982, 1.80731951844, 0.125731265267, 0.00719818067639, 0.0403382965282, 0.113177594904, 17.0291612864, 0.0637574679399, 1.1650774348, 0.129900664765, 1.27211570766, 0, 0.001000
36, 163.587410372, 10.4092902112, 163.583185432, 10.3970977513, 0.00012839796014, 0.000127947704659, 0.128951133423, 0.000202305877533, 0.000205153552886, 0.918591987422, 58153.4368403, 58153.4371875, 515.180164525, 14.6872248163, 45.7897760491, 0.279189549199, 1.20974512535, 0.0162159888067, 0.00124849771835, 0.0449508399977, 0.0597864197966, 8.21544561922, 0.132157919982, 0.0114492911928, 0.145052169256, 1.25688914966, 0, 0.000000
37, 163.625674709, 10.3988454508, 163.620954157, 10.3991233283, 0.000188175559793, 0.000169133241302, 0.121034570365, 0.000188174648466, 0.000169133365485, 0.121045799111, 58153.4368403, 58153.4371875, 311.132010634, 17.5270357149, 16.5342351982, 1.11133415629, 1.29244127073, 0.171657231233, 0.0394119799668, 0.111530750601, 0.159988087818, 6.57424540171, 0.165149935607, 0.844661911419, 0.229936272638, 1.20781154881, 2, 0.000000
38, 163.580972563, 10.3973618563, 163.578955563, 10.3951503236, 0.000402567850075, 0.000413376288235, 0.890588354538, 0.000402571309765, 0.00041337708238, 0.890590089427, 58153.4368403, 58153.4371875, 235.086028681, 12.8163360823, 10.5615219397, 1.04331454569, 2.98024983265, 0.46694770203, 0.177259130826, 0.425041016953, 0.478616088315, 2.97335800086, 0.365154886981, -0.0503912647292, 0.602006188905, 1.27947587784, 0, 0.000000
39, 163.650292045, 10.3945427269, 163.643586219, 10.3909827661, 0.000258137854525, 0.0002545179966, 0.783600103631, 0.000271646052967, 0.000268694524322, 0.82590688066, 58153.4368403, 58153.4371875, 461.292116532, 15.8744942887, 26.6434992262, 0.720804711579, 1.88454165815, 0.158685473654, 0.0211492266338, 0.261936513301, 0.221221552428, 4.436899197, 0.244706078852, -0.269228939143, 0.32987882667, 1.25374893622, 5, 0.000000
40, 163.687668927, 10.3915842354, 163.691639854, 10.3885289779, 0.000247613090027, 0.000240761645318, 0.922684975019, 0.000247439167363, 0.000240560565799, 0.922499930401, 58153.4368403, 58153.4371875, 404.679802185, 13.2019074638, -17.6265510094, 0.832166247866, 1.75338976332, 0.198195465937, 0.0413482646458, 0.26474571272, 0.240962077994, 5.00064250098, 0.217119341074, -0.0729812317634, 0.32435093849, 1.24373346804, 8, 0.000000
41, 163.665176446, 10.3896452269, 163.663843238, 10.3817738327, 0.000116154979792, 0.000118414720544, 0.400157099742, 0.000112971761051, 0.000116278895165, 0.248839382926, 58153.4368403, 58153.4371875, 382.560187396, 16.4517221419, 28.3664004509, 0.508884147322, 0.825496136943, 0.0587253384383, 0.0071436091302, 0.0721011600036, 0.110272743847, 5.64154380049, 0.192453740174, 0.0802536756233, 0.221807394246, 1.255285767, 0, 0.000000
42, 163.656841323, 10.3832458221, 163.651673707, 10.3809025757, 2.68105730333e-05, 2.82393629301e-05, 0.499867116835, 3.81032941706e-05, 3.84084128305e-05, 0.876062852918, 58153.4368403, 58153.4371875, 325.575922065, 16.0227509184, 19.8962558939, 0.251480510856, 0.233735196948, 0.00959118834418, 0.00178579501725, 0.0260619135636, 0.0352923138608, 9.90212171001, 0.109646824848, 0.352304685468, 0.115186690276, 1.22951040882, 0, 0.000000
43, 163.719944759, 10.375786707, 163.714489485, 10.3743031109, 0.000110937260125, 0.000108630119129, 0.461605963863, 0.000114912936037, 0.000110929146137, 0.517635836621, 58153.4368403, 58153.4371875, 392.772544508, 14.7014458601, 19.7895299624, 0.554020153692, 0.796670022341, 0.0656526456058, 0.0119551068607, 0.120424201785, 0.116336063899, 7.11749581083, 0.152544691787, 0.183872262217, 0.191843589301, 1.11837619361, 4, 0.000000
44, 163.697225653, 10.3735062372, 163.696030657, 10.3665265827, 5.47875494667e-05, 5.625573137e-05, 0.205325736216, 5.75259510584e-05, 6.00534028987e-05, 0.458965451777, 58153.4368403, 58153.4371875, 348.833938445, 15.9776574829, 25.1604166508, 0.427301340763, 0.406947576189, 0.0327727008791, 0.00496996077334, 0.0424917390844, 0.0741351846817, 4.71356187578, 0.230343047015, -0.188211109774, 0.241979224141, 1.1615247402, 2, 0.000000
45, 163.744720139, 10.3607640955, 163.729781544, 10.3624973584, 0.00295626755948, 0.00261084981426, 0.737874249849, 0.00260715687085, 0.00220987492371, 0.459673863571, 58153.4368403, 58153.4371875, 2420.61084031, 14.7482034796, 52.595220988, 6.08856175343, 19.4271269386, 2.16638655701, 0.16390290323, 0.267861983524, 0.502166638214, 7.91710694588, 0.137137999042, -0.0935976880964, 0.520555629415, 1.28051031125, 0, 0.000000
46, 163.753277552, 10.3556808487, 163.752685711, 10.3603579029, 0.00053588247463, 0.00074062731362, 0.407810889168, 0.000498367893882, 0.000726214502947, 0.0151295895999, 58153.4368403, 58153.4371875, 1222.37676386, 12.3951201233, 16.754174197, 3.08552896312, 4.95900421145, 0.978510666582, 0.239667431534, 0.904688836794, 0.441067117549, 12.2981140348, 0.0882847729078, -0.0973818940485, 0.449815966046, 1.22101137188, 0, 0.000000
47, 163.767489877, 10.3521118751, 163.76539502, 10.3578044351, 0.000142337412636, 0.000146611870034, 0.608036528194, 0.00014265254648, 0.000146766701085, 0.612359769111, 58153.4368403, 58153.4371875, 493.907739448, 12.0161050468, 21.5207262015, 0.660929944758, 1.03488940203, 0.0950208483437, 0.015922856168, 0.178731246251, 0.142793546081, 9.72146433732, 0.111684430152, 0.334698114947, 0.18128267634, 1.28117537306, 0, 0.000000
48, 163.898400407, 10.3108754067, 163.894971351, 10.3129868474, 2.34453868219e-05, 2.29432719023e-05, 0.0757113382522, 6.82420439539e-05, 6.76123813951e-05, 0.988725281833, 58153.4368403, 58153.4371875, 236.436130117, 11.4168140577, 14.1472201254, 0.238303630922, 0.36017081626, 0.0183680051578, 0.00473135310262, 0.106014867214, 0.0730346132978, 7.26619281825, 0.149422982835, -0.0135609608911, 0.166316813759, 1.09895301192, 0, 0.000000
49, 163.988829697, 9.99462954396, 163.985595851, 9.99799836746, 0.000216291852229, 0.000214061379567, 0.961411049543, 0.000205400357075, 0.000202975828577, 0.957017672259, 58153.4368403, 58153.4371875, 272.495437983, 9.76208320035, 16.4849670495, 0.576499284997, 1.50237963093, 0.147970200679, 0.0321574918963, 0.305841686425, 0.255647317788, 5.79906752734, 0.187225997911, 0.0929192934242, 0.31687398976, 1.22783691212, 3, 0.000000
50, 163.319236613, 9.97568994764, 163.31455885, 9.96700929915, 0.000775852099524, 0.000788723725322, 0.979831893432, 0.000342290514298, 0.000343513490549, 0.082425623129, 58153.4368403, 58153.4371875, 380.525074546, 13.2479586218, 34.9657135664, 0.332050466817, 4.29724903669, 0.107328505568, 0.0105274969471, 0.374390296036, 0.320570053901, 6.82063269499, 0.159184089411, 0.0187998886281, 0.357917216378, 1.12936793037, 0, 0.000000
51, 163.357467928, 9.96271210997, 163.350666056, 9.96706561965, 0.000118415398148, 0.000116965207946, 0.532602431914, 0.000504874010219, 0.000498292128363, 0.998707901235, 58153.4368403, 58153.4371875, 271.149679699, 15.4925668032, 28.411332466, 0.196347994169, 2.59839692574, 0.0184166820222, 0.00199033004463, 0.0763348986138, 0.119569741655, 6.41937529335, 0.169134246736, 0.0265545511912, 0.207131157817, 1.22769817616, 1, 0.000000
52, 163.257687225, 9.95741092001, 163.255200339, 9.95125520884, 0.000268298990825, 0.00027717754767, 0.719930767529, 0.000255819767397, 0.000265956111996, 0.648590964919, 58153.4368403, 58153.4371875, 252.893039469, 16.8341203086, 23.574774879, 0.534715504097, 1.90922185738, 0.137299753042, 0.0211347664447, 0.18377641891, 0.25438557388, 6.29159175021, 0.17256939863, 0.619757732803, 0.307395864549, 1.274935906, 0, 0.000000
53, 163.304762365, 9.95219267959, 163.299126831, 9.95599805105, 0.000538726342317, 0.000514512597385, 0.871743726539, 0.00053872634506, 0.00051451259954, 0.871743727935, 58153.4368403, 58153.4371875, 470.344241648, 19.5956671256, 23.9324934711, 1.54849833367, 3.80175262928, 0.495720840245, 0.0784626131759, 0.16061896837, 0.329444471249, 3.06314146549, 0.354451864855, -0.0238509356634, 0.483910925828, 1.34697702936, 0, 0.000000
54, 163.4528987, 9.95579454704, 163.451310201, 9.95071254126, 0.000670782052267, 0.000664700523332, 0.937254959554, 0.00125488159385, 0.00127122824253, 0.995223459681, 58153.4368403, 58153.4371875, 253.632404227, 11.4019937875, 18.916310591, 0.193553243458, 7.18770727834, 0.0126182279238, 0.0023468403061, 0.083343566267, 0.41227225818, 9.43107198574, 0.115123307976, 0.246674807214, 0.428044145975, 1.07243230448, 0, 0.000000
55, 163.182544711, 9.95383738372, 163.179962308, 9.94803525718, 0.0002616880283, 0.000284656035565, 0.688680118324, 0.000261688027287, 0.000284656034986, 0.688680113328, 58153.4368403, 58153.4371875, 878.331788205, 13.7078551437, 22.5459598519, 1.61753917296, 1.97758076292, 0.269873437636, 0.0459221221025, 0.1572707642, 0.172817850311, 7.4320680816, 0.146088032676, 0.117627315976, 0.226291234204, 1.26257347951, 1, 0.000000
