\
\ strid, ra1, dec1, ra2, dec2, ra1_err, dec1_err, corr1, ra2_err, dec2_err, corr2, start_mjd, end_mjd, flux, bg, length, sigma, length_err, sigma_err, pa_err, bg_err, fit_mag_err, ap_snr, ap_mag_err, dmag, dmag_err, chi2, numfit, prob
\ null, deg, deg, deg, deg, deg, deg, null, deg, deg, null, days, days, dn, dn, pixels, pixels, pixels, pixels, deg, dn, mag, null, mag, mag, mag, null, null, null
\
1, 96.5498513128, 14.2059226673, 96.5471754138, 14.1997402192, 0.00047794730246, 0.00059755794769, 0.429265968615, 0.000639861628863, 0.000726045107455, 0.806174616008, 58183.1671181, 58183.1674653, 3588.2388691, 1.83146475103, 23.838913199, 3.14840783985, 4.6783454829, 0.769228494637, 0.118880165412, 1.61958842468, 0.351451674401, 56.6304992541, 0.019172287355, 0.191996433154, 0.351974226388, 1.62558138658, 1, 0.030000
2, 96.552419819, 14.1955221712, 96.5485817086, 14.2011950102, 0.000578534791633, 0.000607121406042, 0.810611981436, 0.000578180902138, 0.000606852673464, 0.8102744144, 58183.1671181, 58183.1674653, 2145.4875553, 5.64668323398, 24.117865666, 2.46630875707, 4.35281984122, 0.71101349123, 0.114752145312, 0.797443220295, 0.328248123211, 20.9520757864, 0.051819982699, 0.00356565385614, 0.332313317516, 1.53641726442, 0, 0.000000
3, 96.5280035656, 14.1799497336, 96.5233084068, 14.1840567598, 0.000138197268979, 0.000133434276636, 0.950692608045, 0.000138176672244, 0.000133417629461, 0.9506801337, 58183.1671181, 58183.1674653, 621.477522874, 11.4945770672, 21.7949123776, -0.919822422119, 0.974390658722, 0.104484277895, 0.0174906045597, 0.142432297174, 0.114358273208, 7.22636763342, 0.150246466805, -0.0560372376625, 0.188816883352, 1.20146974302, 1, 0.000000
4, 95.9629953286, 14.1220620683, 95.9596772453, 14.1252162635, 8.31797214837e-05, 7.64274053885e-05, 0.877167307136, 2.99813526501e-05, 3.15942451473e-05, 0.162816584951, 58183.1671181, 58183.1674653, 502.791558284, 17.5881534515, 16.0202102604, 0.290193667241, 0.407585089964, 0.0828627293233, 0.0071779665532, 0.160029914724, 0.0847584031801, 11.0051961978, 0.0986566877361, 0.044356174569, 0.130065863872, 1.12818723985, 0, 0.000000
5, 95.9575782154, 14.1101432249, 95.9537611313, 14.1128632671, 0.00016231312928, 0.00015870507802, 0.971593316459, 0.000129693231537, 0.000124268101877, 0.924901928563, 58183.1671181, 58183.1674653, 373.885701936, 15.2280346375, 16.3331394611, 0.283862556114, 1.04908626239, 0.0453799265401, 0.00956784980447, 0.333966663669, 0.15079593514, 5.32348078945, 0.203952310096, -0.574270360048, 0.253645340679, 1.00107166766, 8, 0.000000
6, 95.9628612449, 14.0962039838, 95.961613587, 14.1013919064, 0.000215992244354, 0.000215468770554, 0.69866410494, 0.000177987419871, 0.000187882627685, 0.0323434688021, 58183.1671181, 58183.1674653, 418.314635189, 15.7165709211, 18.9417919531, 0.396958337208, 1.43285832124, 0.117048739233, 0.0217031240652, 0.609744946905, 0.286594301693, 7.73293287579, 0.140404193622, 0.00755871112293, 0.319138890375, 1.31062726092, 0, 0.000000
7, 95.894632956, 14.0806101872, 95.8914021668, 14.0787592284, 3.51686963428e-05, 3.29241648025e-05, 0.114527645374, 8.1293223295e-05, 8.26168077213e-05, 0.981533628216, 58183.1671181, 58183.1674653, 513.573749681, 13.31169613, 12.9475482734, 0.306346872448, 0.451296971934, 0.0216676607578, 0.00650506780578, 0.231558965974, 0.0737314120602, 16.2315163008, 0.0668906209771, 0.354416470394, 0.0995523796757, 1.23930270838, 0, 0.000000
8, 95.8855207696, 14.076422725, 95.8812682687, 14.0797898147, 0.000245500196895, 0.000235016912555, 0.926372926076, 0.000245494752077, 0.000235010057757, 0.926367424754, 58183.1671181, 58183.1674653, 652.174723231, 12.2427410576, 18.9315655632, 1.04296158887, 1.72924272823, 0.209014087434, 0.0412981609551, 0.220826296234, 0.202973255156, 11.1846584199, 0.0970737025661, 0.470031461486, 0.22499210217, 1.23185082466, 0, 0.000000
9, 96.0087487511, 14.0440299278, 96.0034517713, 14.0398186559, 0.000260797238231, 0.000256640917988, 0.861623357113, 0.000260796101303, 0.000256639456631, 0.861621543212, 58183.1671181, 58183.1674653, 6298.84137921, 1.68151057432, 23.6336567943, 2.61297622986, 1.90668628088, 0.320430472893, 0.0537295543709, 0.925237335492, 0.140011591924, 65.9319210562, 0.0164675348051, 0.00107702704478, 0.140976684511, 1.97852352397, 0, 0.107000
10, 95.8787922669, 14.0042661761, 95.8753453008, 14.0078598824, 0.000119842199116, 0.000117601321326, 0.962031460685, 0.000112376986868, 0.000109594476696, 0.956514213266, 58183.1671181, 58183.1674653, 625.473614389, 17.4726855969, 17.4549076643, 0.553787783143, 0.821894041098, 0.076079993004, 0.0160134830942, 0.353564289889, 0.137982130438, 10.6960619263, 0.101508032792, 0.183439848868, 0.171297837235, 1.08033086349, 0, 0.000000
11, 96.5386871894, 13.9785541838, 96.5368269619, 13.9724634024, 0.000340233493136, 0.000418795741498, 0.535520105535, 0.0003291802087, 0.000410284307014, 0.464467905777, 58183.1671181, 58183.1674653, 5668.66849783, -7.11130273336, 22.5901405716, 2.97857049017, 2.82685437736, 0.520730516975, 0.0889281538674, 1.60526411041, 0.223249544436, 135.623855065, 0.00800549581958, -0.0160025120478, 0.22339303269, 2.49056905241, 0, 0.024000
12, 96.6450848655, 13.9150055979, 96.6411493987, 13.9192561411, 0.000454109031648, 0.000452338593282, 0.882752677908, 0.000465122680733, 0.000464515590521, 0.88853942016, 58183.1671181, 58183.1674653, 2827.1702389, 6.02053523229, 20.3180522272, 2.11179292443, 3.37329209515, 0.552315127067, 0.10575709561, 1.40189201235, 0.301056756271, 31.7118942066, 0.0342375071538, 0.0559271606986, 0.302997322418, 2.63452040846, 0, 0.007000
13, 96.4249871378, 13.8626720337, 96.4209851865, 13.8642727949, 0.000241836337735, 0.000221211925181, 0.676290894592, 0.000241817585391, 0.000221191917482, 0.676168538176, 58183.1671181, 58183.1674653, 633.027258948, 17.0495986953, 14.940210953, 0.938490364992, 1.67167507952, 0.215293474153, 0.0543697246535, 0.405610270748, 0.23543188437, 5.58304980517, 0.194470091195, -0.271955907363, 0.305363371326, 1.40783987846, 6, 0.000000
14, 96.3992470082, 13.864300249, 96.3958039724, 13.8558285882, 0.000534351353191, 0.000584986253038, 0.659810793852, 0.000533403742756, 0.000584108587827, 0.657205640373, 58183.1671181, 58183.1674653, 1779.93075421, 7.34927582861, 32.3968419192, 1.96489177746, 4.0443382449, 0.522209806331, 0.059141097246, 0.507320547658, 0.284483261731, 16.9193389877, 0.0641713134034, 0.11059341798, 0.291631074594, 1.59987750474, 0, 0.000000
15, 96.4125424473, 13.8455508679, 96.4105033011, 13.8414284116, 9.14726435277e-05, 9.49861517064e-05, 0.689289247615, 0.000107623183923, 0.000113787386168, 0.839705294114, 58183.1671181, 58183.1674653, 426.094000661, 17.6439225874, 16.2688187252, 0.46907851081, 0.73318212955, 0.0596373092164, 0.0130203507265, 0.181986290939, 0.123293136921, 6.23851848024, 0.174037507174, -0.145818862863, 0.213284438052, 1.28484539069, 0, 0.000000
16, 96.4597825958, 13.8368766614, 96.4565434537, 13.8275468969, 0.000196771498293, 0.000205235655156, 0.734456513606, 0.000174404415705, 0.000181409121248, 0.498272242667, 58183.1671181, 58183.1674653, 431.735082215, 18.4831986816, 35.0250508642, 0.377654853627, 1.36127627422, 0.0471239376399, 0.00488773970407, 0.0816989902542, 0.122102191965, 4.47394010143, 0.242680094088, -0.330196833016, 0.271666290417, 0.932526633246, 6, 0.000000
