\
\ strid, ra1, dec1, ra2, dec2, ra1_err, dec1_err, corr1, ra2_err, dec2_err, corr2, start_mjd, end_mjd, flux, bg, length, sigma, length_err, sigma_err, pa_err, bg_err, fit_mag_err, ap_snr, ap_mag_err, dmag, dmag_err, chi2, numfit, prob
\ null, deg, deg, deg, deg, deg, deg, null, deg, deg, null, days, days, dn, dn, pixels, pixels, pixels, pixels, deg, dn, mag, null, mag, mag, mag, null, null, null
\
1, 108.346056385, 44.306174248, 108.340492084, 44.3008928576, 0.000609968439751, 0.000655663892553, 0.894048493662, 0.00060996843598, 0.00065566388731, 0.894048492225, 58097.3739583, 58097.3743055, 1457.1391173, -0.676315473778, 23.5131624422, 1.7621006535, 4.59333441919, 0.649094448221, 0.10432099541, 0.811298621344, 0.396544992441, 58.1293640553, 0.0186779302062, -0.0256585713806, 0.39698462956, 9.47328193748, 3, 0.002000
2, 108.138372823, 44.2192656487, 108.13446318, 44.2229581641, 0.000618708639688, 0.000630621881779, 0.838394333335, 0.000618708636552, 0.000630621879217, 0.838394331288, 58097.3739583, 58097.3743055, 1625.42290406, -1.87618872154, 16.48078371, 1.85500757163, 4.59248793056, 0.760893522498, 0.188506425463, 1.14256345336, 0.449647451569, 51.6544867004, 0.0210192042185, -0.0858797426166, 0.450138464973, 14.435099632, 0, 0.004000
3, 108.137640806, 44.216903592, 108.132107946, 44.2191347212, 0.000642918477052, 0.000583028593768, 0.806419220843, 0.000642918301715, 0.000583028510821, 0.806419157135, 58097.3739583, 58097.3743055, 1042.88357333, -2.23762058482, 16.179252023, 1.24977269855, 4.44771828616, 0.627588139286, 0.149842184775, 1.09794439006, 0.525203574455, 10.5946939545, 0.102479241913, -1.12284885995, 0.535108203678, 24.7601085927, 0, 0.002000
4, 107.975919689, 44.2128286323, 107.967933142, 44.2102048715, 0.000922234805648, 0.000867884644026, 0.664290181608, 0.000922263791531, 0.000867922355482, 0.664345565353, 58097.3739583, 58097.3743055, 1238.62964472, -2.0390320116, 22.3964376294, 1.76883333456, 6.52355748233, 0.966185000619, 0.159394003911, 1.45770290642, 0.618133549334, 54.609620445, 0.0198817753339, -0.00860348984338, 0.618453207448, 11.2732600186, 0, 0.013000
5, 108.003734365, 44.1850616385, 108.003380133, 44.1907058974, 0.000915110529004, 0.00106869854203, 0.126925659592, 0.000907284523033, 0.00106995474851, 0.0459289780262, 58097.3739583, 58097.3743055, 1376.87193383, -2.46911957156, 20.0888440901, 1.94251676471, 7.29598898988, 1.12367279522, 0.213378670151, 1.70061665629, 0.669089533744, 53.0825625922, 0.020453726266, 0.0135397082099, 0.669402090738, 15.8902997134, 0, 0.003000
6, 107.661019521, 44.1675340299, 107.655213474, 44.1742466114, 0.000502057953416, 0.000503783403088, 0.815414724514, 0.000502057951171, 0.000503783400721, 0.815414721814, 58097.3739583, 58097.3743055, 2079.59949873, -3.78089275773, 28.0903880082, 1.53591467752, 3.6223420896, 0.441152627521, 0.0579624404878, 0.727992079135, 0.297669671484, 26.6277654017, 0.0407745895451, -0.333158629048, 0.300449330959, 17.5836438713, 2, 0.000000
7, 108.205724086, 44.1132408578, 108.190600661, 44.1181220175, 0.000203319049252, 0.00019016841085, 0.751022898599, 0.000203319047934, 0.000190168409737, 0.751022892581, 58097.3739583, 58097.3743055, 4576.24071468, 1.08442972016, 42.3334837948, 1.3646947032, 1.40847083746, 0.132020094877, 0.0112818127885, 0.195326258973, 0.095113176616, 70.9920202611, 0.0152937781002, 0.349740668678, 0.0963349158642, 36.8976354474, 0, 0.313000
8, 108.663085456, 44.1170633423, 108.658315099, 44.1133962644, 0.000610168700574, 0.000640744518373, 0.889749735231, 0.000611950976237, 0.000643657058325, 0.890523704303, 58097.3739583, 58097.3743055, 1395.26115427, -3.61219546487, 17.8360276209, -1.88896184604, 4.62698466163, 0.787706010076, 0.166484268156, 1.75045241922, 0.504662031514, 56.0622755087, 0.0193666096302, 0.00336021244393, 0.505033495543, 8.01114432809, 3, 0.010000
9, 108.385002249, 44.0724695078, 108.378724088, 44.0739052947, 0.00038207024713, 0.000331320600704, 0.554127620633, 0.000382070249333, 0.000331320602615, 0.554127632165, 58097.3739583, 58097.3743055, 1303.29526508, -1.55660150234, 16.8316832192, 1.51335833866, 2.60414204523, 0.393360599763, 0.0919546542201, 0.634694684677, 0.277065455025, 57.8973072308, 0.0187527927755, -0.155497764446, 0.277699358309, 9.66811986786, 0, 0.005000
10, 108.325738811, 44.0572051122, 108.321651189, 44.0502607617, 0.000547890556676, 0.000595974609346, 0.710284445413, 0.000547778692004, 0.00059586399033, 0.710030748432, 58097.3739583, 58097.3743055, 812.281702889, -1.21607221363, 26.8107750824, -1.24080082803, 4.11644982635, 0.469265895918, 0.0629059977335, 0.616849261959, 0.397328606528, 47.6063826488, 0.0228065260234, -0.132242023195, 0.397982611674, 6.46136509305, 0, 0.002000
11, 108.243180351, 44.0480875553, 108.239140047, 44.0513750276, 0.000519891915055, 0.000511866518287, 0.88480327792, 0.000519891915257, 0.000511866518167, 0.884803278026, 58097.3739583, 58097.3743055, 1115.68753186, -3.22611618519, 15.5979367369, 1.50366468053, 3.77432971214, 0.596225136337, 0.148970252131, 1.27672570996, 0.440560765206, 31.9232727852, 0.0340108049718, -0.0255386145813, 0.441871613361, 10.5028648939, 0, 0.000000
12, 108.0988365, 44.0116438145, 108.12135288, 44.0131703998, 0.000104649351946, 9.08378555963e-05, 0.172927390925, 0.000106796433091, 9.66949145375e-05, 0.414211782831, 58097.3739583, 58097.3743055, 56169.9498989, 5.0516244412, -57.8548304125, -4.99560171474, 0.732123269114, 0.0924532237774, 0.00619468158486, 0.219337714882, 0.0209181976795, 181.320975815, 0.00598792390059, 0.00603415547947, 0.021758359929, 5.07623864989, 0, 0.133000
