\
\ strid, ra1, dec1, ra2, dec2, ra1_err, dec1_err, corr1, ra2_err, dec2_err, corr2, start_mjd, end_mjd, flux, bg, length, sigma, length_err, sigma_err, pa_err, bg_err, fit_mag_err, ap_snr, ap_mag_err, dmag, dmag_err, chi2, numfit, prob
\ null, deg, deg, deg, deg, deg, deg, null, deg, deg, null, days, days, dn, dn, pixels, pixels, pixels, pixels, deg, dn, mag, null, mag, mag, mag, null, null, null
\
1, 162.771738419, 10.7119138002, 162.762353783, 10.7102439458, 1.16923740875e-05, 1.12411664489e-05, 0.321252657477, 1.16922757215e-05, 1.12410732467e-05, 0.321212609821, 58153.4200579, 58153.4204051, 14999.0754844, 0.55575904489, 33.316612685, 1.0828836785, 0.082064084888, 0.0077316709021, 0.000839114615439, 0.0838242278831, 0.00703357228847, 124.922745451, 0.00869126115376, 0.0781139193084, 0.0111807495089, 1.25386036611, 0, 0.617000
2, 162.199609689, 10.6372185481, 162.196289834, 10.639950378, 3.82937037774e-05, 3.66369551547e-05, 0.927639060539, 5.99561819084e-05, 5.86922695975e-05, 0.979596339857, 58153.4200579, 58153.4204051, 364.069923755, 15.8888943474, 15.1299434206, 0.338070612859, 0.352054282635, 0.0311809797338, 0.00606718310828, 0.173823861065, 0.0808357606225, 10.4643369124, 0.103755853223, 0.343527597372, 0.131528313581, 0.972277462695, 1, 0.000000
3, 162.199131738, 10.6290677781, 162.189159232, 10.6320829115, 0.000755631582764, 0.000297706945126, 0.220065855811, 0.000870063662942, 0.000512001372763, 0.806091704166, 58153.4200579, 58153.4204051, 47800.5177342, -10.5473195708, 36.4569884472, 12.7100124804, 5.72056808795, 1.68578761449, 0.148237813498, 3.08787321319, 0.308058874249, 222.162426243, 0.00488712795912, -0.842988813815, 0.308097637159, 0.899840382771, 8, 0.009000
4, 162.412878669, 10.6072664124, 162.411005183, 10.6046787531, 5.93933767502e-05, 6.4424101532e-05, 0.848851442152, 9.19645105434e-05, 9.78324287333e-05, 0.960195385018, 58153.4200579, 58153.4204051, 271.205129624, 12.7593828067, 11.2896735172, 0.393176547973, 0.580279997799, 0.0571554982592, 0.0168361264024, 0.257548958889, 0.136963810985, 10.7452138459, 0.101043703767, 0.600657076309, 0.17020257222, 1.27512570962, 0, 0.000000
5, 162.418748466, 10.5969247641, 162.418119633, 10.6013127777, 0.000306331929426, 0.000331862917965, 0.240933427889, 0.000306382909891, 0.000331718267013, 0.242027282994, 58153.4200579, 58153.4204051, 347.653702623, 15.5372072617, 15.7531539883, 0.881498149644, 2.30009030879, 0.28204081915, 0.0664938588167, 0.379634030991, 0.329686542505, 3.82083876447, 0.284161743452, -0.12804814505, 0.435248334575, 1.39500378905, 8, 0.000000
6, 162.424144845, 10.593589064, 162.420234896, 10.5904742607, 2.04891461127e-05, 2.05600518716e-05, 0.910630074757, 2.17380910106e-05, 2.17498923472e-05, 0.922264970644, 58153.4200579, 58153.4204051, 290.870394857, 18.0747207728, 17.5849258376, 0.252391369757, 0.149189736707, 0.0192506915232, 0.00365606120914, 0.10216878958, 0.0698036996875, 6.95054590898, 0.156208766761, 0.0478349492834, 0.171095690487, 1.32083567874, 1, 0.000000
7, 162.444042742, 10.5898065728, 162.442371392, 10.5870059625, 0.000126071074768, 0.000129850918821, 0.830786392785, 0.000134569374673, 0.000136315120083, 0.871771989024, 58153.4200579, 58153.4204051, 224.277232016, 17.6030383232, 11.5418980699, 0.380313768109, 0.94937608259, 0.0703142724829, 0.02268303135, 0.371714582244, 0.185273685783, 4.81304936003, 0.225581772291, -0.0218387372643, 0.291913471141, 0.955587992082, 1, 0.000000
8, 162.449076919, 10.5884401792, 162.445015124, 10.5858112441, 0.000215859149731, 0.000215139719083, 0.882614218398, 0.000205515528077, 0.000204933418519, 0.861803669757, 58153.4200579, 58153.4204051, 293.091176028, 16.6441601088, 16.9928489063, 0.617346511292, 1.50702705782, 0.150662547527, 0.0320220867165, 0.261357722654, 0.243527955816, 6.1765893862, 0.17578248073, 0.40361779001, 0.300342047998, 1.36998325451, 1, 0.000000
9, 162.452049167, 10.5342056491, 162.443913306, 10.5377330347, 0.000134507252042, 0.000131383379213, 0.722176640623, 0.000137978902839, 0.000134805404825, 0.752836355138, 58153.4200579, 58153.4204051, 252.778348059, 18.5661072624, 31.0768709979, 0.394354382386, 0.960428780684, 0.0572961538228, 0.00631770873605, 0.061161091501, 0.137291771198, 4.51445288575, 0.240502278401, 0.231888621118, 0.276930273453, 1.32641428682, 3, 0.000000
10, 162.481790446, 10.5246105897, 162.479174076, 10.5287082269, 6.14407216527e-05, 5.7939950834e-05, 0.179018835052, 0.000159703514445, 0.000153818205293, 0.990212209837, 58153.4200579, 58153.4204051, 255.647014987, 15.5942374852, 17.1997554726, 0.254196214943, 0.825150616159, 0.020432374744, 0.00432290358299, 0.100606725919, 0.0841355391091, 10.2290706707, 0.106142213668, 0.587267270878, 0.135443561913, 0.923210779538, 1, 0.000000
11, 162.47586767, 10.5239438749, 162.472769394, 10.5254966629, 0.000382546910753, 0.00031391613087, 0.69383410426, 0.00038254691258, 0.000313916133017, 0.693834110176, 58153.4200579, 58153.4204051, 585.790218622, 15.3581862163, 12.1547185906, 2.11693906531, 2.66815380861, 0.511373312553, 0.192071024328, 0.327330228579, 0.281130750943, 5.79774420953, 0.187268731686, 0.240175094703, 0.337792949887, 1.37416048781, 5, 0.000000
12, 162.426101631, 10.5122436258, 162.419643042, 10.5096188238, 0.000264789356533, 0.000254139672894, 0.654278123661, 0.000264789096069, 0.000254139434416, 0.654276776826, 58153.4200579, 58153.4204051, 536.444852327, 20.0189616481, 24.4247719478, 1.20449910401, 1.86482189626, 0.214550554884, 0.0324978001748, 0.118620404703, 0.179887240556, 3.85157741958, 0.281893906439, -0.0861953062725, 0.334400349585, 1.27223693017, 0, 0.000000
13, 162.434916022, 10.5100502134, 162.430014511, 10.5071895081, 0.000351618588371, 0.000338663351388, 0.802845240523, 0.000351618588838, 0.000338663351372, 0.802845240234, 58153.4200579, 58153.4204051, 621.864542749, 18.1989409267, 19.9214098089, 1.38582144952, 2.49558677281, 0.336730223212, 0.0644371069338, 0.236306552971, 0.252379349894, 2.28966914025, 0.47418912439, -0.823005142745, 0.537169118567, 1.46244498321, 0, 0.000000
14, 162.47850523, 10.507838815, 162.474637017, 10.5130136708, 0.00017950529635, 0.000176081474162, 0.980516206165, 0.00010577435946, 0.000104241447217, 0.841406606718, 58153.4200579, 58153.4204051, 340.414023225, 17.0143604068, 22.8311988299, 0.256036342233, 1.04172853545, 0.0281412451928, 0.00437751406842, 0.192858599594, 0.111938044917, 7.80459579443, 0.139114982166, 0.106584684148, 0.178558405468, 1.30086805862, 1, 0.000000
15, 162.429802851, 10.5086763317, 162.426394323, 10.5080591987, 5.96680999013e-05, 5.88819619961e-05, 0.570945492147, 5.14028864675e-05, 5.28453901955e-05, 0.0319256420246, 58153.4200579, 58153.4204051, 229.520539438, 19.1800376501, 12.113247225, 0.25809730355, 0.39400262912, 0.0248132201818, 0.0077530556868, 0.170856587788, 0.0918146950785, 6.34942479368, 0.170997569077, 0.108669963645, 0.194087884379, 1.05961835235, 0, 0.000000
16, 162.432214541, 10.5037370192, 162.431158649, 10.4965777344, 4.64926594439e-05, 4.75120007582e-05, 0.274345818452, 5.43310304913e-05, 5.64225307777e-05, 0.710279607482, 58153.4200579, 58153.4204051, 493.06168482, 15.3500193378, 25.7165075206, 0.35969310109, 0.367177474087, 0.0231175082938, 0.00317267081066, 0.0787991788093, 0.0618666529947, 7.26260530719, 0.149496793345, -0.183551328484, 0.161792379219, 0.972787926923, 0, 0.000000
17, 162.526417002, 10.4903008857, 162.525723661, 10.4935586166, 0.000149107686116, 0.000162373918409, 0.362324792665, 0.00014868454896, 0.000161868872788, 0.351258901106, 58153.4200579, 58153.4204051, 344.103048175, 12.1063254673, 11.8322450831, 0.765778957978, 1.12313947491, 0.147380643899, 0.0464865208662, 0.239643948048, 0.194756209987, 5.24330654846, 0.20707089977, -0.0665123955188, 0.284268075696, 1.27383679054, 0, 0.000000
18, 162.226209024, 10.4756945103, 162.22809491, 10.4818490557, 0.00104700098386, 0.00114569018214, 0.827167810147, 0.000734116598797, 0.000876441699877, 0.0175926861386, 58153.4200579, 58153.4204051, 1097.02971539, 12.2950367898, 22.8497463669, 2.42835614045, 7.15510945938, 0.853248045586, 0.142983355694, 0.765214263423, 0.480270927077, 9.89294729755, 0.109748507912, -0.0774962586074, 0.492650888951, 1.29781288496, 6, 0.000000
19, 162.214162305, 10.4683809925, 162.211063017, 10.465448298, 4.28405430076e-05, 4.51479321334e-05, 0.975859812259, 3.98137703411e-05, 4.12852770998e-05, 0.969453568169, 58153.4200579, 58153.4204051, 272.791819408, 14.1848949323, 15.0341620898, 0.368802248479, 0.306156982508, 0.0199793142535, 0.00568414930042, 0.045056387287, 0.0533122143655, 5.05616770098, 0.214735006623, -0.203958598708, 0.221253961027, 1.12944211947, 5, 0.000000
20, 162.219771816, 10.4609359961, 162.214006635, 10.46273992, 0.00028789921453, 0.000274171384625, 0.595318442436, 0.000282486435566, 0.000269129501963, 0.555198674986, 58153.4200579, 58153.4204051, 258.809504781, 14.7505283012, 21.1494852528, 0.644405953661, 1.99079308248, 0.186743621634, 0.0314166060108, 0.201392599102, 0.285227889523, 2.92994909755, 0.370564869426, -0.24310339629, 0.467625139845, 1.32741294474, 1, 0.000000
21, 162.23427269, 10.4410070947, 162.229153927, 10.4363610631, 0.000466140260052, 0.000468879625106, 0.906886584473, 0.000466140258948, 0.000468879623897, 0.906886583974, 58153.4200579, 58153.4204051, 1004.46408928, 13.3057856652, 24.349792689, 1.99588226475, 3.39603472553, 0.49507302351, 0.0784502185976, 0.273421151495, 0.264783018842, 5.97215851818, 0.181799629305, -0.114756529633, 0.321187098562, 1.27023893509, 0, 0.000000
