\
\ strid, ra1, dec1, ra2, dec2, ra1_err, dec1_err, corr1, ra2_err, dec2_err, corr2, start_mjd, end_mjd, flux, bg, length, sigma, length_err, sigma_err, pa_err, bg_err, fit_mag_err, ap_snr, ap_mag_err, dmag, dmag_err, chi2, numfit, prob
\ null, deg, deg, deg, deg, deg, deg, null, deg, deg, null, days, days, dn, dn, pixels, pixels, pixels, pixels, deg, dn, mag, null, mag, mag, mag, null, null, null
\
1, 163.746160913, 10.9961859527, 163.73624429, 10.9927195683, 0.000336397615846, 0.000254751312089, 0.168409795164, 0.000414166409169, 0.000368419214333, 0.81323401802, 58153.4432523, 58153.4435995, 8059.22347482, -2.22319580324, 36.7273967331, 5.20785696866, 2.6939982286, 0.42334346792, 0.0387226076149, 0.640298651957, 0.137572113254, 109.253992729, 0.0099377256395, -0.141232687822, 0.137930579408, 1.04734670841, 0, 0.017000
2, 163.781727924, 10.9962593186, 163.771752239, 10.9932151538, 0.00033799944482, 0.000309061280586, 0.444838773461, 0.000356483955199, 0.000331422188567, 0.604663015544, 58153.4432523, 58153.4435995, 2741.81208633, 0.915917576948, 36.4478578704, 2.46099253661, 2.44981179747, 0.277493816531, 0.0268600573874, 0.377752614041, 0.137218892947, 42.7299836851, 0.0254092351816, -0.0453354239451, 0.139551617024, 1.14936973375, 6, 0.095000
3, 163.730162528, 10.9888106556, 163.715394845, 10.9783095636, 0.000194342129977, 0.000174476734316, 0.666465537131, 0.000317197818116, 0.000324308575762, 0.94205369761, 58153.4432523, 58153.4435995, 34454.2957921, 1.69128467508, 63.6244549564, 8.30752436969, 1.9525770808, 0.250689625628, 0.0170351567912, 0.179494378512, 0.0416700208501, 143.260813632, 0.00757873822736, -0.118833308912, 0.0423536056407, 1.22072330674, 0, 0.017000
4, 163.732432445, 10.9889765025, 163.728701053, 10.9880818716, 0.000108766811654, 0.00010225446132, 0.452362739582, 0.000105414794733, 0.00010080223678, 0.408550611309, 58153.4432523, 58153.4435995, 279.706516101, 9.27115567782, 13.4019152103, 0.588922973039, 0.747301262669, 0.0830845271871, 0.0228377264824, 0.154664854614, 0.140590646456, 12.4746806677, 0.0870351902127, 0.587901091479, 0.165350700653, 0.955092266955, 0, 0.000000
5, 163.724289302, 10.9782197854, 163.700724673, 10.9763507463, 3.5544870267e-05, 3.35622371245e-05, 0.143659167972, 3.55448702517e-05, 3.35622370422e-05, 0.143659139901, 58153.4432523, 58153.4435995, 28195.7067582, 7.00882739657, 82.4915681653, 3.27403836338, 0.24770008623, 0.0256007945071, 0.00113774844035, 0.0172763978135, 0.00772277468696, 78.2735129923, 0.0138710550128, -0.322740321018, 0.0158760012608, 1.26545606874, 0, 0.036000
6, 163.752360777, 10.9886582711, 163.747159128, 10.9861912554, 0.000295812720417, 0.000272192028417, 0.707631165129, 0.00029581682691, 0.00027219734644, 0.707651959989, 58153.4432523, 58153.4435995, 975.754030511, 3.00212082469, 20.1561386589, 1.75703982795, 2.0734958323, 0.316084162781, 0.059676919453, 0.365800993627, 0.200485846223, 18.6489718693, 0.0582196279969, 0.202738435123, 0.208768052201, 1.23893076612, 0, 0.000000
7, 163.774160282, 10.9788922002, 163.732301879, 10.9694008982, 0.000256150978762, 0.000241825410122, 0.408545605075, 0.000256150978389, 0.000241825409447, 0.408545595089, 58153.4432523, 58153.4435995, 44778.8764907, 8.24769312522, 149.899395371, 6.75820703076, 1.78815698018, 0.197678438969, 0.00483292775527, 0.0527669359317, 0.0295592988459, 216.613924046, 0.00501231030986, 1.15252932638, 0.0299812508563, 2.93836294333, 0, 0.006000
8, 163.685921037, 10.9796759336, 163.672087151, 10.9743974006, 0.00177809804041, 0.0017780291856, 0.984474023186, 0.000930025606186, 0.000810956673909, 0.730098901551, 58153.4432523, 58153.4435995, 11042.4341162, -3.89667861264, 51.7885514038, 5.5912303693, 10.2280286069, 0.445243227992, 0.0306127182652, 0.601050745159, 0.2323675945, 177.728256559, 0.00610896784664, -0.278028131242, 0.232447883324, 1.10519010613, 4, 0.001000
9, 163.72663808, 10.9718261718, 163.721586482, 10.9709321877, 0.000435473303386, 0.000363983761951, 0.305475682546, 0.000435473300547, 0.000363983755561, 0.305475607402, 58153.4432523, 58153.4435995, 864.015305058, 8.04292350741, 17.9107312823, 2.03673550513, 2.9565638969, 0.497579578425, 0.112104789567, 0.376312661215, 0.274473427868, 8.47862266427, 0.128055728831, 0.0118310239194, 0.302876100563, 1.25612526758, 0, 0.000000
10, 163.711912339, 10.9644370666, 163.707235034, 10.9660393212, 0.000160086895795, 0.000144665692197, 0.580510352854, 0.000160086897601, 0.000144665694055, 0.580510376512, 58153.4432523, 58153.4435995, 1063.46717271, 9.64545647345, 17.286366834, 1.31891042905, 1.10524860898, 0.155003205998, 0.0346176299424, 0.223883422743, 0.122543804754, 7.49371338394, 0.144886273217, -0.486993767845, 0.189760418028, 1.20944754816, 0, 0.000000
11, 163.665787434, 10.9452142234, 163.652468507, 10.9403588262, 0.000167457524833, 0.000157803458581, 0.104800428254, 0.000260392434154, 0.00025996343414, 0.916137982058, 58153.4432523, 58153.4435995, 5371.59942129, 1.8352050475, 49.5800062502, 2.11047598723, 1.56132128184, 0.0958895430884, 0.00710901351604, 0.13379828215, 0.0527309282819, 58.6587148375, 0.0185093759344, 0.106204933701, 0.0558851303564, 1.12890807147, 1, 0.087000
12, 163.679310391, 10.9448729799, 163.673706073, 10.9431460294, 0.000100979522713, 9.44150995408e-05, 0.528472929041, 0.000100979562874, 9.44152258672e-05, 0.528476124299, 58153.4432523, 58153.4435995, 1279.42486877, 6.61877313657, 20.4979752125, 1.17638643893, 0.704020048976, 0.0869779527697, 0.0158691150098, 0.158307396673, 0.0756279312514, 20.3560496606, 0.053337274317, 0.270275071826, 0.0925443073178, 1.08900585381, 0, 0.000000
13, 163.66000555, 10.9485522834, 163.646799598, 10.9434456165, 0.00094510891747, 0.000956712697873, 0.992728774721, 0.000448513344383, 0.000431096334154, 0.846680322875, 58153.4432523, 58153.4435995, 5789.59651684, 1.33031173488, 49.5305205866, 2.23632502533, 5.29311450505, 0.112310637145, 0.00865694895859, 0.174756078046, 0.119524509934, 60.0665509334, 0.0180755543291, -0.0281502119852, 0.120883556116, 1.15487802374, 1, 0.038000
14, 163.706540502, 10.9394358708, 163.701492813, 10.9354869937, 7.40455822917e-05, 7.45534905528e-05, 0.942207514905, 7.38787040529e-05, 7.43852804473e-05, 0.941822173529, 58153.4432523, 58153.4435995, 418.178086864, 12.4242999163, 22.5232083316, 0.589338498282, 0.530646389416, 0.0453446951805, 0.00723339519714, 0.0593284581628, 0.0752088317644, 4.61401029375, 0.235312913417, -0.458829011495, 0.247039542576, 0.741693369188, 1, 0.000000
15, 163.684963817, 10.9193262718, 163.663054305, 10.9145226994, 0.000247941800208, 0.000223616108247, 0.371291099003, 0.000249420503684, 0.000225512028244, 0.401266257851, 58153.4432523, 58153.4435995, 15383.8856925, 1.48315857969, 78.3471572861, 5.60319373985, 1.71884122973, 0.23897732158, 0.0112888395894, 0.113259123151, 0.0469003856048, 86.1693073561, 0.0126000340269, -0.0101570748104, 0.0485634330269, 1.21291685086, 0, 0.009000
16, 163.416064263, 10.8240114011, 163.406077163, 10.8222033559, 1.24519038049e-05, 1.18808907712e-05, 0.331101726744, 1.24519028508e-05, 1.18808903268e-05, 0.331101555641, 58153.4432523, 58153.4435995, 15048.7740964, 0.685306139474, 35.4579685261, 1.27475076889, 0.0871465204486, 0.00862561491466, 0.000883039264385, 0.0713389582692, 0.00670901130952, 123.20995665, 0.00881208170409, 0.0653255396445, 0.0110753607937, 1.27950998367, 0, 0.811000
