\
\ strid, ra1, dec1, ra2, dec2, ra1_err, dec1_err, corr1, ra2_err, dec2_err, corr2, start_mjd, end_mjd, flux, bg, length, sigma, length_err, sigma_err, pa_err, bg_err, fit_mag_err, ap_snr, ap_mag_err, dmag, dmag_err, chi2, numfit, prob
\ null, deg, deg, deg, deg, deg, deg, null, deg, deg, null, days, days, dn, dn, pixels, pixels, pixels, pixels, deg, dn, mag, null, mag, mag, mag, null, null, null
\
1, 163.754925704, 10.9937395885, 163.745610388, 10.9908600436, 0.000304250888897, 0.000255276851581, 0.43881951692, 0.000317007952884, 0.000273182789236, 0.581044784635, 58153.4556134, 58153.4559606, 4656.24439759, 0.855836379596, 34.0735465381, 3.87484632634, 2.15966588714, 0.369151743147, 0.038470249458, 0.453874963345, 0.128468259312, 59.3265846244, 0.0183010063976, -0.0397937311733, 0.129765251457, 1.14025517991, 0, 0.104000
2, 163.735661271, 10.9874262474, 163.73202277, 10.9860596966, 8.42329627539e-05, 7.25132732119e-05, 0.5817457119, 8.42329626148e-05, 7.25132726067e-05, 0.58174569824, 58153.4556134, 58153.4559606, 2460.29900253, 9.76761094904, 13.5921208297, 1.69777497846, 0.579933478553, 0.0986055573209, 0.0308605609184, 0.194187771614, 0.0623447767398, 38.3628793987, 0.0283017391233, 0.701725317476, 0.0684679459612, 1.19873298514, 0, 0.017000
3, 163.734525584, 10.9754005836, 163.710587297, 10.973401794, 3.50718247926e-05, 3.31568555286e-05, 0.15183386839, 3.50718247709e-05, 3.31568554465e-05, 0.151833841508, 58153.4556134, 58153.4559606, 29477.6271174, 7.47425329013, 83.8259599774, -3.2672535793, 0.244499269845, 0.025058760448, 0.00109444583918, 0.0179752839998, 0.00757237775864, 70.9811089494, 0.0152961290804, -0.461119855451, 0.0170678783029, 1.11828557718, 0, 0.223000
4, 163.76011803, 10.9637074249, 163.710762434, 10.9444948205, 8.95300647396e-05, 7.93811387864e-05, 0.575269369103, 9.24178009127e-05, 8.31986833997e-05, 0.646880860218, 58153.4556134, 58153.4559606, 463065.666209, 3.20821250265, 185.264559564, 18.6929395164, 0.632713883638, 0.0985269244157, 0.00210291515422, 0.0438914036573, 0.00584900257922, 573.756107545, 0.00189233053989, 0.119729172036, 0.0061474991699, 1.55367841123, 0, 0.001000
5, 163.782828835, 10.9608247123, 163.768872114, 10.9561878603, 0.000216205294579, 0.000201501696879, 0.596764182163, 0.000210583703964, 0.000194727054636, 0.527630191334, 58153.4556134, 58153.4559606, 7310.31387583, 1.61482295474, 51.411755211, 3.24444781747, 1.49552462194, 0.19069995203, 0.0131243750763, 0.254754540482, 0.0675708929215, 66.3696352052, 0.0163589298239, -0.0168509660832, 0.0695229469685, 1.09036239361, 0, 0.130000
6, 163.675859357, 10.9419085039, 163.670032518, 10.9398528117, 0.000905576285408, 0.000868948247591, 0.955220987539, 0.00180880415252, 0.0018322228109, 0.997069655705, 58153.4556134, 58153.4559606, 1636.06394848, 3.34272390903, 21.6065538015, 1.5681582291, 10.2351135323, 0.159801390396, 0.0317573057335, 0.286658387907, 0.501972489217, 24.6103615567, 0.0441170359182, -0.0162192372628, 0.50390742482, 1.06204831626, 3, 0.001000
7, 163.671021801, 10.9447004807, 163.657763057, 10.9397482689, 0.000426751824093, 0.000427176583601, 0.939978808242, 0.000256281847203, 0.000241241857958, 0.225466974034, 58153.4556134, 58153.4559606, 5277.61177831, 1.59070482336, 49.5034122987, 2.09551271419, 2.5170317913, 0.128088222672, 0.00927837238843, 0.274311555981, 0.079281148046, 58.4843762898, 0.018564551315, -0.00782883430669, 0.0814256900555, 1.08489420715, 1, 0.106000
8, 163.714673533, 10.9355792926, 163.708277214, 10.9320563895, 0.000321755278182, 0.000313944565013, 0.807794126968, 0.00032175875931, 0.000313948023933, 0.807801852829, 58153.4556134, 58153.4559606, 371.652259753, 11.9551801246, 25.5932804457, 1.09618652056, 2.28021267692, 0.245633516542, 0.0351188549848, 0.110135646259, 0.225020014196, 10.1831099495, 0.106621278779, 0.963659965669, 0.249002216611, 0.884482561763, 2, 0.000000
9, 163.745726996, 10.9337792254, 163.735652989, 10.9310549942, 0.000523779210508, 0.000473001488081, 0.494498264571, 0.000759406719192, 0.000745757377356, 0.919939679765, 58153.4556134, 58153.4559606, 3314.68851076, 2.27264337352, 36.4636453828, 2.61040250854, 4.651211618, 0.285362573151, 0.0285038170668, 0.453682579379, 0.172714090538, 40.0929140204, 0.027080501163, -0.104581723029, 0.174824227765, 1.1075486161, 1, 0.090000
10, 163.764126237, 10.8837116352, 163.754344766, 10.8820150605, 1.1989639803e-05, 1.14389061012e-05, 0.319936238172, 1.19896401852e-05, 1.14389059282e-05, 0.319936157426, 58153.4556134, 58153.4559606, 14575.3149202, 0.0332358229312, 34.667510328, 1.23920805197, 0.0839013700784, 0.00828182143922, 0.000866900437196, 0.0717987567944, 0.0066249278845, 122.826397002, 0.00883959988454, 0.0403059092774, 0.011046637298, 1.11872852715, 0, 0.992000
