\
\ strid, ra1, dec1, ra2, dec2, ra1_err, dec1_err, corr1, ra2_err, dec2_err, corr2, start_mjd, end_mjd, flux, bg, length, sigma, length_err, sigma_err, pa_err, bg_err, fit_mag_err, ap_snr, ap_mag_err, dmag, dmag_err, chi2, numfit, prob
\ null, deg, deg, deg, deg, deg, deg, null, deg, deg, null, days, days, dn, dn, pixels, pixels, pixels, pixels, deg, dn, mag, null, mag, mag, mag, null, null, null
\
1, 138.39675183, 15.8276871539, 138.393042449, 15.831674643, 0.000154942268077, 0.000156981154143, 0.930148927188, 0.000154940924489, 0.000156979718023, 0.930147642281, 58155.2950231, 58155.2953703, 444.521409193, 1.45968159974, 19.0224796846, 1.11746769357, 1.12451574666, 0.141418388239, 0.0276304611518, 0.13771431903, 0.131638247747, 14.9541667406, 0.0726042596418, 0.306640564085, 0.150332986361, 1.29502441058, 0, 0.000000
2, 138.406422265, 15.8150121334, 138.402105668, 15.8173565432, 9.58936224393e-05, 9.22530054504e-05, 0.807377083332, 9.58302991876e-05, 9.22174084526e-05, 0.807176868933, 58155.2950231, 58155.2953703, 311.551265864, 1.70436427566, 16.9551114764, 0.873041249588, 0.676343271588, 0.0793296825387, 0.0173747690845, 0.0693204066904, 0.0919807013545, 11.7465796499, 0.0924299870359, 0.259950686306, 0.130398435286, 1.31900439797, 0, 0.000000
3, 138.635688738, 15.797028506, 138.63315085, 15.8050288185, 0.000167936627294, 0.000183926660991, 0.0435721590765, 0.000229578768776, 0.000239556249029, 0.818216524723, 58155.2950231, 58155.2953703, 1596.60522646, -0.653197155362, 29.7313560994, 1.75206507797, 1.50702253429, 0.138335539834, 0.0166241176885, 0.237933510483, 0.095429434232, 49.0690347854, 0.0221267080045, -0.0413466558128, 0.0979610541233, 1.06815104185, 3, 0.010000
4, 138.635199162, 15.7741598962, 138.63041616, 15.7821846603, 0.000277389399873, 0.000298136772418, 0.787617190277, 0.000277389398427, 0.000298136770947, 0.787617186777, 58155.2950231, 58155.2953703, 2816.86316813, 1.55671037059, 32.8824509634, 2.8134209424, 2.09428614779, 0.310781750037, 0.0367399352805, 0.17629966644, 0.118117791027, 36.204142517, 0.0299892810401, 0.187330693819, 0.121865374633, 4.02711246188, 0, 0.000000
5, 138.633167037, 15.7630061216, 138.630278627, 15.7755192652, 0.000286499815751, 0.000305138240697, 0.410106263945, 0.000286053297859, 0.000304733877389, 0.404393757381, 58155.2950231, 58155.2953703, 2426.17996098, 1.7281253705, 45.5610278194, 1.9952736953, 2.12370021667, 0.232946599699, 0.0185477953818, 0.163357567598, 0.119543147386, 26.9965407308, 0.0402176047511, -0.176521520566, 0.12612699877, 6.63260761883, 0, 0.004000
6, 138.644925648, 15.7666982387, 138.642375756, 15.7723202362, 0.000111411368981, 0.000118271647297, 0.693092359933, 0.000111411457328, 0.000118271766678, 0.693093287556, 58155.2950231, 58155.2953703, 708.645485996, 2.01701225273, 21.8034993182, 1.19081624175, 0.826957012564, 0.0999690490403, 0.0170499920507, 0.0961984388733, 0.085795554637, 21.1032775829, 0.0514487003497, 0.465816516876, 0.100039222124, 1.19745043174, 0, 0.000000
