\
\ strid, ra1, dec1, ra2, dec2, ra1_err, dec1_err, corr1, ra2_err, dec2_err, corr2, start_mjd, end_mjd, flux, bg, length, sigma, length_err, sigma_err, pa_err, bg_err, fit_mag_err, ap_snr, ap_mag_err, dmag, dmag_err, chi2, numfit, prob
\ null, deg, deg, deg, deg, deg, deg, null, deg, deg, null, days, days, dn, dn, pixels, pixels, pixels, pixels, deg, dn, mag, null, mag, mag, mag, null, null, null
\
1, 163.886585406, 11.6189547762, 163.881655882, 11.6103776572, 0.00028473497744, 0.000340414972373, 0.774865711292, 0.000271031072684, 0.000331603639005, 0.74169831973, 58153.4536458, 58153.453993, 8393.0480849, -3.25091670387, 34.9967484118, 5.96448554847, 2.44301132394, 0.562426157748, 0.0521738624125, 0.744049906802, 0.160656994334, 140.181844603, 0.00774519844444, -0.0860195368456, 0.160843582176, 1.1130319727, 0, 0.032000
2, 163.734924343, 10.9883175393, 163.728373256, 10.9802611291, 0.000113804151183, 0.000121627152383, 0.83170391269, 0.000113798891622, 0.000121622236411, 0.831687287395, 58153.4536458, 58153.453993, 13531.5540634, 4.98016528006, 36.6398115167, 5.51765137139, 0.884034271991, 0.163336649524, 0.0193776162037, 0.121881619724, 0.0340516576387, 54.2279098331, 0.0200217232805, -0.167418880688, 0.0395017061791, 1.37325367479, 0, 0.036000
3, 163.730954585, 10.9778867366, 163.707076211, 10.9759043453, 4.12229681624e-05, 3.90105618841e-05, 0.151032278232, 4.12229681429e-05, 3.90105618078e-05, 0.15103225683, 58153.4536458, 58153.453993, 28708.3961186, 8.14234732519, 83.6170494349, -3.19727188854, 0.287490105469, 0.0292322492854, 0.00127678622767, 0.0250639172453, 0.00904271384875, 57.4022429927, 0.0189145257773, -0.673291305041, 0.0209649698099, 1.0205257321, 0, 0.252000
4, 163.735464202, 10.9786767239, 163.731481538, 10.9750944326, 0.00013046395159, 0.000129834067999, 0.887891700413, 0.000130463951582, 0.000129834068037, 0.887891700469, 58153.4536458, 58153.453993, 1649.052931, 11.9096420481, 18.8478953138, 1.90934340528, 0.950749016334, 0.14962851183, 0.0322075583486, 0.124706461487, 0.0829259079424, 17.3712795097, 0.0625017981058, 0.27251764798, 0.103842096351, 0.970034021013, 0, 0.000000
5, 163.672841057, 10.9429988741, 163.662259273, 10.9395676017, 0.00029427205019, 0.000274245413862, 0.551084993506, 0.000488172336968, 0.000488785053611, 0.955713433759, 58153.4536458, 58153.453993, 4264.44802904, 2.52986465288, 38.8894074799, 2.17295188982, 2.87837015966, 0.140581985467, 0.0137369097167, 0.220264069952, 0.0951173274284, 43.0493215217, 0.0252207506734, -0.0509382051312, 0.0984042287793, 1.17656708469, 0, 0.125000
6, 163.667717614, 10.945062705, 163.656654246, 10.9406843917, 0.000360949167787, 0.000359935171648, 0.928474788307, 0.000223332224354, 0.000206268248629, 0.0734517049963, 58153.4536458, 58153.453993, 4967.29136525, 1.62723302779, 41.6263838226, 2.30585259248, 2.14483246462, 0.149347621687, 0.0131955566382, 0.282885714912, 0.0817029728982, 54.2069736092, 0.0200294562206, -0.0378173191133, 0.0841222616012, 1.11011279523, 0, 0.188000
7, 163.748716918, 10.9348895795, 163.738911746, 10.9322424299, 0.00101937745629, 0.000926474543675, 0.574614139766, 0.00152098902738, 0.00149608889834, 0.938260083678, 58153.4536458, 58153.453993, 2621.71484152, 2.29764931817, 35.4886476413, 2.53654833927, 9.26206695013, 0.339439625416, 0.0357083074317, 0.509594212614, 0.302487702326, 34.1206669814, 0.0318204859639, -0.171176296974, 0.304156790793, 1.15887084851, 1, 0.058000
8, 163.708204069, 10.8742981878, 163.69851038, 10.8726896408, 1.34000929442e-05, 1.27443087619e-05, 0.305635572101, 1.34000929128e-05, 1.27443087034e-05, 0.305635548076, 58153.4536458, 58153.453993, 14700.857504, -0.154969405887, 34.3155272081, 1.28639850031, 0.0936747722987, 0.00946623904179, 0.00100272738695, 0.0830404399617, 0.00732276775719, 124.399002239, 0.00872785299893, 0.0419761151955, 0.0113929076884, 1.12490995985, 0, 0.990000
