\
\ strid, ra1, dec1, ra2, dec2, ra1_err, dec1_err, corr1, ra2_err, dec2_err, corr2, start_mjd, end_mjd, flux, bg, length, sigma, length_err, sigma_err, pa_err, bg_err, fit_mag_err, ap_snr, ap_mag_err, dmag, dmag_err, chi2, numfit, prob
\ null, deg, deg, deg, deg, deg, deg, null, deg, deg, null, days, days, dn, dn, pixels, pixels, pixels, pixels, deg, dn, mag, null, mag, mag, mag, null, null, null
\
1, 132.870770418, 43.803655988, 132.866073798, 43.801693074, 7.86030566328e-05, 8.31731141268e-05, 0.829806007054, 6.7956682882e-05, 7.20646352747e-05, 0.714679096384, 58154.3221991, 58154.3225463, 272.964103438, 11.2049246807, 13.926228135, 0.509047578295, 0.541463899558, 0.0542430880974, 0.0140693165379, 0.101409262474, 0.104310023897, 5.07030361399, 0.214136329383, -0.129908465925, 0.238190991952, 1.28048737535, 0, 0.000000
2, 132.860022448, 43.7858469294, 132.85469266, 43.7764741796, 8.86680229299e-05, 9.82098351753e-05, 0.743737052712, 9.02368559409e-05, 9.93912161199e-05, 0.766186101813, 58154.3221991, 58154.3225463, 545.405137257, 11.1655321029, 36.0314004103, 0.548085666847, 0.671767978445, 0.0432646392009, 0.00421448494683, 0.0504320346237, 0.0755748205707, 16.1002117758, 0.0674361443114, 0.874115176291, 0.101287645169, 1.34124236916, 4, 0.000000
3, 132.474894838, 43.7487720776, 132.471448015, 43.7443678388, 1.43537551387e-05, 1.60432238614e-05, 0.880690787738, 1.44179168291e-05, 1.58389685227e-05, 0.887231427964, 58154.3221991, 58154.3225463, 4559.58295196, 0.660357490559, 17.9910851561, 0.39570284967, 0.108822386093, 0.00759625872012, 0.00146126497105, 0.30234552022, 0.0181925019807, 65.2398717855, 0.0166422185551, -0.0468689789949, 0.0246562480266, 7.8413946011, 0, 0.000000
4, 132.869020837, 43.6627874985, 132.857010993, 43.6678366778, 0.000249930235938, 0.000221509424701, 0.880410552645, 0.000249928678882, 0.000221508207239, 0.880408343937, 58154.3221991, 58154.3225463, 688.290700928, 11.5189884505, 35.7281265885, 1.13958352173, 1.6904640075, 0.158309229069, 0.0159505807367, 0.0834097843349, 0.137627811951, 13.3809091844, 0.0811406900532, 0.852262263082, 0.159766161013, 1.15964332996, 1, 0.000000
5, 132.862669849, 43.6632731719, 132.85953595, 43.6578223479, 0.000337540361409, 0.000397639841458, 0.702745066553, 0.000337540361054, 0.000397639840805, 0.702745065471, 58154.3221991, 58154.3225463, 559.219270554, 12.0694597861, 20.991292415, 1.73125850772, 2.67743011981, 0.388018959152, 0.0722760487933, 0.134275798985, 0.234418011465, 5.17845436251, 0.209664144695, 0.167755652094, 0.314500966088, 1.27340337813, 0, 0.000000
6, 132.887992778, 43.64511599, 132.886487792, 43.6505574729, 0.000109552801262, 0.000110510680502, 0.26694408809, 0.000110679358293, 0.000111830896813, 0.311956722789, 58154.3221991, 58154.3225463, 371.141299527, 14.2657196217, 19.7341818612, 0.549480756518, 0.792471771461, 0.0656019271019, 0.012419216586, 0.134405720684, 0.118334284684, 9.20147932916, 0.117995831531, 0.505624779363, 0.167110799143, 1.0608787273, 2, 0.000000
7, 132.897038809, 43.6369464146, 132.890826521, 43.6453696774, 0.000113417480015, 0.000106122109586, 0.746423547491, 0.000114577184599, 0.000107178511932, 0.756408150245, 58154.3221991, 58154.3225463, 615.804301834, 12.1790436553, 33.9526538079, 0.709294980287, 0.788300536123, 0.0597183959358, 0.00624540550336, 0.0552089467955, 0.0816813165808, 15.7787136345, 0.0688101850321, 0.886668677997, 0.106802055423, 0.889767195032, 2, 0.000000
