\
\ strid, ra1, dec1, ra2, dec2, ra1_err, dec1_err, corr1, ra2_err, dec2_err, corr2, start_mjd, end_mjd, flux, bg, length, sigma, length_err, sigma_err, pa_err, bg_err, fit_mag_err, ap_snr, ap_mag_err, dmag, dmag_err, chi2, numfit, prob
\ null, deg, deg, deg, deg, deg, deg, null, deg, deg, null, days, days, dn, dn, pixels, pixels, pixels, pixels, deg, dn, mag, null, mag, mag, mag, null, null, null
\
1, 212.749195103, 70.0709163228, 212.73944552, 70.0716003709, 0.00013698136124, 0.000125818881188, 0.419417381841, 0.000136856444876, 0.000125374838481, 0.405433406398, 58232.1801389, 58232.1804861, 381.037317031, 24.7965065434, 12.0574174042, 0.602747322854, 0.942519890539, 0.107752334071, 0.0344665225801, 0.281942906747, 0.181526488984, 3.1939174573, 0.339938717663, -0.537207230994, 0.38537020898, 1.15200569285, 1, 0.000000
2, 212.751341973, 70.0648343617, 212.747546462, 70.0685510138, 0.000136846708394, 0.000142059926049, 0.549203205281, 0.000138055839569, 0.000143933116914, 0.566130974868, 58232.1801389, 58232.1804861, 692.719843309, 26.0136309846, 13.9872398526, 0.689502082538, 1.00797847818, 0.115156775175, 0.030572272145, 0.471318626045, 0.169669030104, 13.103724411, 0.0828570695401, 0.590625121845, 0.18881968581, 1.28706693484, 0, 0.000000
3, 212.686194547, 70.0679687794, 212.667396882, 70.069381236, 0.000962426070079, 0.00073304641994, 0.383206472749, 0.000966819331583, 0.000738915237256, 0.406815637208, 58232.1801389, 58232.1804861, 2225.36587454, 24.1260805016, 23.3191359551, 3.62876004524, 6.48308017094, 1.23334500219, 0.224456324188, 0.743537134107, 0.413313267752, 9.98552522195, 0.108731006194, -0.00825594609379, 0.427376051046, 1.32044005864, 1, 0.000000
4, 212.77008908, 70.0669185058, 212.760574562, 70.0674285528, 0.00010970968645, 9.79465403879e-05, 0.322951641964, 0.000109304825006, 9.77933361811e-05, 0.315161598326, 58232.1801389, 58232.1804861, 658.633194837, 22.1888112343, 11.6688999949, 0.793793778783, 0.749755649943, 0.0992164663665, 0.0326189702439, 0.25205657386, 0.127662248635, 3.14782904895, 0.34491587309, -1.00512958386, 0.367783372702, 1.14175028275, 1, 0.000000
5, 212.681835167, 70.0539537325, 212.670333644, 70.0513028573, 5.30678855549e-05, 5.32174206363e-05, 0.755422227218, 7.03537466052e-05, 7.57929667992e-05, 0.941227978406, 58232.1801389, 58232.1804861, 357.212851828, 22.2382651154, 16.8261190198, 0.325378039666, 0.450357057986, 0.0364428088474, 0.0081204693387, 0.18903328648, 0.107997991941, 4.27281155959, 0.254103460828, -0.486536754568, 0.276101675236, 1.23708478362, 0, 0.000000
6, 212.339369351, 69.6314475837, 212.329438266, 69.6278903436, 0.000108052041829, 0.000113507208103, 0.961853074826, 0.000112443003819, 0.0001180176235, 0.96476501966, 58232.1801389, 58232.1804861, 450.636626841, 25.9836720749, 17.6296858527, 0.460893945317, 0.813767732997, 0.0589819390225, 0.0154064574218, 0.175698419546, 0.144178649183, 8.95404795309, 0.121256465282, 0.406786025948, 0.188389525327, 1.12773254579, 0, 0.000000
