\
\ strid, ra1, dec1, ra2, dec2, ra1_err, dec1_err, corr1, ra2_err, dec2_err, corr2, start_mjd, end_mjd, flux, bg, length, sigma, length_err, sigma_err, pa_err, bg_err, fit_mag_err, ap_snr, ap_mag_err, dmag, dmag_err, chi2, numfit, prob
\ null, deg, deg, deg, deg, deg, deg, null, deg, deg, null, days, days, dn, dn, pixels, pixels, pixels, pixels, deg, dn, mag, null, mag, mag, mag, null, null, null
\
1, 144.465429499, 29.8710688163, 144.458803909, 29.8816332081, 0.000422630717263, 0.000437749604282, 0.815776627672, 0.000422630714415, 0.000437749601316, 0.815776622969, 58101.4237963, 58101.4241435, 2329.79008014, 1.00413652705, 42.7347227262, 1.44715902257, 3.07967888305, 0.295974229046, 0.0250877341036, 0.223463577128, 0.20188367926, 80.3981166831, 0.0135044979852, 0.192268191607, 0.202334849735, 60.8295145041, 5, 0.016000
2, 143.695662803, 29.8705099633, 143.688023077, 29.8732448971, 0.000490776847917, 0.000455363590685, 0.655753621393, 0.000489856220189, 0.000454245947509, 0.652283103246, 58101.4237963, 58101.4241435, 1408.46650157, -1.27473909814, 25.5085816086, 1.76761606836, 3.42931676269, 0.475119189156, 0.0683750779123, 0.666341070337, 0.296928435988, 151.741955719, 0.00715514835439, -0.00372167323058, 0.297014633051, 8.10749562716, 0, 0.022000
3, 144.582507052, 29.7974168581, 144.578624333, 29.7919457813, 0.000453746425987, 0.000468089708513, 0.836334067449, 0.000453745761555, 0.000468089172182, 0.836333205657, 58101.4237963, 58101.4241435, 825.780810133, -2.24825811349, 22.8353831878, 1.17791432783, 3.32066222618, 0.398715713283, 0.0631728217339, 0.708695235134, 0.358674749964, 23.7436350324, 0.0457274635192, -0.235857847737, 0.361577899189, 10.26253079, 5, 0.000000
4, 144.486723195, 29.7840917027, 144.478022852, 29.7882724348, 0.00220878886162, 0.00217614508487, 0.931240911508, 0.00147728473683, 0.00127442297674, 0.481583228089, 58101.4237963, 58101.4241435, 2979.04939601, -5.42824389994, 30.6889600304, 3.21941187859, 13.7136081181, 1.44447810724, 0.171482330265, 2.28160173811, 0.733623878974, 73.6967624077, 0.0147324817168, -0.1861195409, 0.733771791376, 12.6109158762, 1, 0.012000
5, 143.789018152, 29.7291536271, 143.780538977, 29.7269116947, 0.000798861969429, 0.000726326026343, 0.17408007702, 0.000977626010885, 0.00092319614927, 0.76342221878, 58101.4237963, 58101.4241435, 863.591826482, -1.96156374819, 27.3792080705, 1.66525892596, 6.27092626697, 0.645964023128, 0.0840001714879, 0.726873720558, 0.460408465995, 32.9736803729, 0.032927358805, -0.0341419832875, 0.461584408876, 6.35148620817, 6, 0.000000
6, 143.896007399, 29.7116093949, 143.894041171, 29.7065562262, 0.000359641447037, 0.000396412357519, 0.555249997517, 0.000359641446166, 0.000396412357065, 0.555249992617, 58101.4237963, 58101.4241435, 1004.91464621, -1.36688076119, 18.9588090588, 1.49635976585, 2.74742120963, 0.395251267779, 0.0797791144719, 0.533068459294, 0.282779034708, 46.9804398708, 0.0231103882327, -0.121461249332, 0.283721822415, 10.0179463465, 0, 0.002000
7, 144.479015544, 29.672734748, 144.468085389, 29.6760764563, 0.00341795156677, 0.0031989753191, 0.843372898214, 0.00260914362862, 0.00218517206705, 0.096838674164, 58101.4237963, 58101.4241435, 3453.29725404, -4.34462524643, 35.7982109163, 3.67080112976, 21.7781272853, 2.2232108523, 0.219767663227, 2.56005858143, 0.970808587123, 79.7299906128, 0.0136176637726, -0.146643980028, 0.970904090834, 20.5029497442, 1, 0.001000
8, 144.311689066, 29.3654254775, 144.307726189, 29.3519519474, 0.000184493744245, 0.000197206253503, 0.076592233627, 0.000225454416621, 0.000233242017146, 0.716410801866, 58101.4237963, 58101.4241435, 2644.22511434, -0.863623473375, 49.437342008, 2.20409950172, 1.5227776931, 0.135149115076, 0.00971184196511, 0.118975031702, 0.0680018159539, 93.0434718023, 0.0116691282443, -0.0393475863385, 0.0689957645584, 1.01375291214, 1, 0.014000
9, 144.317163652, 29.3572705369, 144.311441706, 29.3420943148, 7.14198817152e-05, 7.45457865885e-05, 0.559664165948, 7.14198814923e-05, 7.45457864339e-05, 0.559664159012, 58101.4237963, 58101.4241435, 5064.28433688, 0.862715659816, 56.7792449965, 2.198931502, 0.523107520958, 0.0536384127908, 0.00344368936035, 0.031537056848, 0.024260487341, 83.1054992845, 0.0130645530573, 0.637940620701, 0.027554560287, 1.47254308658, 0, 0.007000
10, 144.302726143, 29.3284183122, 144.294829898, 29.339509937, 7.62407130832e-05, 7.8865985791e-05, 0.862773673028, 7.62407126337e-05, 7.88659853388e-05, 0.86277367021, 58101.4237963, 58101.4241435, 2965.95644972, 1.10205454411, 46.4022098283, 1.7931056899, 0.555811951259, 0.0568887633681, 0.00447224725883, 0.0340267095732, 0.0315037811002, 31.8691286791, 0.0340685876822, -0.34179364306, 0.0464021216139, 1.85453574634, 2, 0.006000
11, 144.316605548, 29.3220449327, 144.307252221, 29.3392251887, 0.000114046667383, 0.000122621727646, 0.726713515222, 0.000114046666717, 0.000122621726953, 0.726713509273, 58101.4237963, 58101.4241435, 12045.4179861, 0.875303701293, 67.5962969554, 4.49030389534, 0.855348440525, 0.113139905846, 0.00633752448161, 0.0446228557113, 0.0261443158602, 114.122487745, 0.00951377967844, 0.500627901459, 0.0278215250403, 1.9451241478, 0, 0.004000
12, 144.331322607, 29.3152045098, 144.326500417, 29.325301804, 0.000112178893385, 0.000116434127585, 0.708089185319, 0.000110060425513, 0.000114411868098, 0.681993435241, 58101.4237963, 58101.4241435, 1249.20911903, 0.421107020072, 38.8771020697, 1.14339417641, 0.810826769052, 0.0729079854063, 0.00664617311967, 0.096135961054, 0.0643824834462, 35.9530926482, 0.030198687367, 0.283264839426, 0.071113043061, 1.13337920512, 0, 0.001000
13, 144.328190006, 29.3146158737, 144.322964987, 29.325181661, 0.000239426897406, 0.00025737796771, 0.704329169658, 0.000233211190958, 0.000251895930971, 0.670763331864, 58101.4237963, 58101.4241435, 2123.45264905, 0.753725223934, 40.897629417, 2.53893899567, 1.77747395567, 0.230937586257, 0.0205224260344, 0.145709090863, 0.099527638476, 34.1880421089, 0.0317577766314, 0.00422445976884, 0.104471561667, 1.21633678907, 0, 0.001000
14, 144.324790183, 29.3023680647, 144.317874447, 29.3176997685, 3.39654604049e-05, 3.48084862555e-05, 0.677160372273, 3.39671802223e-05, 3.48103990867e-05, 0.677236267507, 58101.4237963, 58101.4241435, 2262.45140338, 0.404950779238, 58.5588153351, 0.971781001127, 0.245256814156, 0.016666477183, 0.00100608052128, 0.0161387301728, 0.0165504018601, 25.5262381373, 0.042534125041, -0.899699126517, 0.0456406353454, 1.08464609551, 0, 0.016000
15, 144.317404059, 29.3044716352, 144.311571422, 29.3172686015, 0.00019600962999, 0.000207756999521, 0.218600523799, 0.000293981463608, 0.000301498772815, 0.886928628466, 58101.4237963, 58101.4241435, 2457.16050383, -0.10624658754, 48.9461851, 1.95162403728, 1.83187533028, 0.134561807133, 0.00979668087955, 0.137219593509, 0.0774110770277, 51.5589497099, 0.0210581520932, -0.00714986503157, 0.0802241897196, 1.27779627307, 0, 0.099000
16, 144.346053203, 29.2634220143, 144.332979827, 29.3098919471, 4.40899426411e-05, 4.54003131609e-05, 0.463702390391, 4.40899424932e-05, 4.54003130006e-05, 0.463702379484, 58101.4237963, 58101.4241435, 25384.7459192, -0.0813820521108, 170.066460623, 3.19509731927, 0.319271479272, 0.0230563301492, 0.000480741472046, 0.00826483114257, 0.0069847282121, 131.707517714, 0.00824354010769, -0.483653129557, 0.010804738854, 2.02043981784, 0, 0.002000
17, 144.359248337, 29.2761104356, 144.342602413, 29.3003065799, 0.000106881035997, 0.000108814300505, 0.893268389887, 9.75253855051e-05, 9.96417290305e-05, 0.846403304303, 58101.4237963, 58101.4241435, 5769.26699488, 0.975603461262, 100.299805632, 1.77780603788, 0.737583479639, 0.0494454555114, 0.00173375866564, 0.0357308883767, 0.0273064417798, 83.9145529761, 0.0129385924879, 0.553830349238, 0.0302166996583, 1.93931788128, 0, 0.307000
18, 144.288140881, 29.237101919, 144.273568808, 29.2404982496, 6.7581657368e-05, 6.30119579475e-05, 0.460790646307, 6.75816577064e-05, 6.30119582663e-05, 0.460790660826, 58101.4237963, 58101.4241435, 4942.4712891, 0.753518490333, 46.7901142471, 2.58484746666, 0.470268053549, 0.057005561517, 0.00454933346064, 0.0333412304402, 0.022423730113, 69.1623018, 0.0156983815822, 0.342052838752, 0.0273726662289, 1.44825070266, 0, 0.011000
19, 144.385146823, 29.0859992222, 144.381339058, 29.0832215659, 0.000196413214362, 0.000190519702137, 0.897794828789, 0.000196413193113, 0.000190519677343, 0.897794798653, 58101.4237963, 58101.4241435, 410.281608592, 3.10838160234, 15.4088341311, 1.28229434984, 1.40579268164, 0.205832925471, 0.0518601753514, 0.165608440749, 0.170519764522, 7.48937066717, 0.144970285623, -0.0825129122681, 0.223815490542, 1.42912448353, 0, 0.000000
20, 144.361696882, 29.0801138258, 144.337829726, 29.0734080281, 0.00137527771358, 0.00134189624522, 0.972344387826, 0.000799251240326, 0.000711704507544, 0.720495124695, 58101.4237963, 58101.4241435, 9849.75057528, 0.772935552856, 77.8931094627, 8.46938949688, 8.02042148358, 0.473843825068, 0.0233973335018, 0.122814462551, 0.122698004155, 73.9178320338, 0.014688420573, -0.175959873769, 0.123574066545, 1.18666925476, 0, 0.002000
21, 144.343079487, 29.0730530609, 144.330294373, 29.0718736348, 0.000397354851224, 0.000385728288632, 0.873329955189, 0.000332087782309, 0.000322689522924, 0.72184204348, 58101.4237963, 58101.4241435, 1405.19190615, 1.22071054735, 39.9464903603, 1.53068561527, 2.59306531633, 0.11694935637, 0.0104706958032, 0.134793513811, 0.0983827614693, 26.109761709, 0.0415835355703, -0.0425478011238, 0.106809916135, 1.20715749298, 0, 0.000000
