\
\ strid, ra1, dec1, ra2, dec2, ra1_err, dec1_err, corr1, ra2_err, dec2_err, corr2, start_mjd, end_mjd, flux, bg, length, sigma, length_err, sigma_err, pa_err, bg_err, fit_mag_err, ap_snr, ap_mag_err, dmag, dmag_err, chi2, numfit, prob
\ null, deg, deg, deg, deg, deg, deg, null, deg, deg, null, days, days, dn, dn, pixels, pixels, pixels, pixels, deg, dn, mag, null, mag, mag, mag, null, null, null
\
1, 152.219126815, 34.2459312419, 152.216590253, 34.2411641267, 0.000334363176638, 0.000342644406949, 0.658625786204, 0.000334343967747, 0.000342623205317, 0.658548072866, 58183.2615509, 58183.2618981, 264.520462967, 7.93067913986, 18.5098368744, 0.966592599406, 2.43557413324, 0.288853469554, 0.0577442178868, 0.197550905348, 0.305665419662, 3.39632752225, 0.319679476624, -0.18896792318, 0.442296638639, 1.33701525843, 6, 0.000000
2, 152.168451988, 34.2350595158, 152.161676032, 34.2327015702, 0.00014252279942, 0.000131756545858, 0.718401725111, 0.000142558175923, 0.00013179188551, 0.718729180146, 58183.2615509, 58183.2618981, 490.544308253, 11.2235604237, 21.6024854871, 0.888708195648, 0.984331635216, 0.103780765989, 0.0175931606105, 0.0985862357205, 0.116627727119, 6.59841609014, 0.164544974116, 0.0540011684777, 0.201685585107, 1.14973476202, 0, 0.000000
3, 152.16213896, 34.2189094132, 152.159383336, 34.2241630407, 0.00011766525048, 0.000125906335348, 0.746183677783, 0.000118568472183, 0.000125363002674, 0.758118397561, 58183.2615509, 58183.2618981, 213.840591978, 10.3068551247, 20.356119095, 0.465605869461, 0.869440266292, 0.0662113392413, 0.011899434747, 0.0890142488495, 0.139957872946, 4.28078853269, 0.253629955432, -0.0322561985076, 0.289683207128, 1.24677508108, 0, 0.000000
4, 152.018860878, 33.6099262955, 152.016715246, 33.6072750146, 3.29027439208e-05, 3.75797777356e-05, 0.33608662774, 0.000126648944069, 0.000119218825652, 0.994368604479, 58183.2615509, 58183.2618981, 245.426236502, 3.09262659564, 11.3686298412, 0.242354738287, 0.654890469901, 0.023566133205, 0.00749272654545, 0.155947127291, 0.0974795978823, 28.2663044804, 0.0384109711092, 0.343804194461, 0.104774399091, 5.41170292283, 1, 0.000000
5, 152.167491796, 33.5169182367, 152.165303457, 33.5127914126, 0.000548032797377, 0.000599380886064, 0.633316928057, 0.000547827467422, 0.000599240332507, 0.632809208246, 58183.2615509, 58183.2618981, 360.810703334, 7.11223545708, 16.0439325057, 1.62410575848, 4.21116018888, 0.68121382174, 0.166103090466, 0.417117308726, 0.472093961642, 4.90110525792, 0.221528848621, -0.0235688162334, 0.521486087437, 1.16449926711, 5, 0.000000
6, 152.087711764, 33.5138653492, 152.083052479, 33.5177162306, 0.000110995160981, 0.00011473704143, 0.969246455041, 9.76090861175e-05, 0.000103905296752, 0.962887945821, 58183.2615509, 58183.2618981, 265.395057127, 8.77300676786, 19.4452581616, 0.472713857717, 0.762939642541, 0.0661365379814, 0.0122411298, 0.129662801151, 0.138043617519, 5.79167130884, 0.187465093729, -0.0100128381323, 0.232807220044, 1.41358472653, 0, 0.000000
7, 152.149073752, 33.5001296404, 152.145430246, 33.5075238415, 0.000212424662089, 0.000223908860464, 0.921084055968, 0.000135761323413, 0.000137139613722, 0.272565304824, 58183.2615509, 58183.2618981, 259.950607602, 10.3063601619, 28.4220841008, 0.346260867429, 1.29457204476, 0.0389885476653, 0.00486372467094, 0.0882904432362, 0.112140799478, 5.27268587662, 0.205917103762, -0.0394098643415, 0.234472626396, 1.17100651918, 4, 0.000000
8, 152.108296554, 33.5077377382, 152.101624005, 33.4978386761, 0.000678894718515, 0.000674032797379, 0.790510111994, 0.000678896752186, 0.000674034499666, 0.790512545301, 58183.2615509, 58183.2618981, 533.45761955, 10.586961378, 40.3783893036, 1.50381322059, 4.8534833417, 0.499737894925, 0.0438898573547, 0.195002981333, 0.345342952466, 3.19595853628, 0.339721617922, -0.377203981997, 0.48443011106, 1.33588251072, 5, 0.000000
9, 152.143312098, 33.4927047251, 152.140411815, 33.4974246142, 0.00058384434823, 0.000649743704158, 0.775211857465, 0.000583845118505, 0.000649744909439, 0.775212760596, 58183.2615509, 58183.2618981, 313.159392387, 10.6154100797, 18.8558101557, 1.41204972615, 4.48526966277, 0.640000485866, 0.126608387116, 0.389968294003, 0.497854208247, 4.2836014352, 0.253463404844, 0.136540957886, 0.558661355621, 1.29898796978, 4, 0.000000
