\
\ strid, ra1, dec1, ra2, dec2, ra1_err, dec1_err, corr1, ra2_err, dec2_err, corr2, start_mjd, end_mjd, flux, bg, length, sigma, length_err, sigma_err, pa_err, bg_err, fit_mag_err, ap_snr, ap_mag_err, dmag, dmag_err, chi2, numfit, prob
\ null, deg, deg, deg, deg, deg, deg, null, deg, deg, null, days, days, dn, dn, pixels, pixels, pixels, pixels, deg, dn, mag, null, mag, mag, mag, null, null, null
\
1, 248.239040941, 41.252660184, 248.230249605, 41.2311127444, 9.68389178636e-05, 9.16977286598e-05, 0.648726409998, 8.37446205374e-05, 8.29959474306e-05, 0.240290798169, 58226.4626852, 58226.4630324, 1962.56892862, 0.211274757454, 80.1250605675, 0.858862332634, 0.635519764706, 0.026372630946, 0.00114627680996, 0.0354930509364, 0.0302253900023, 45.2546821631, 0.0239916877738, 0.165099710328, 0.0385898339336, 1.40941104745, 8, 0.028000
2, 248.224843907, 41.2161362245, 248.21591488, 41.1935486933, 0.0014261440565, 0.00157240642582, 0.898687864676, 0.00252533088447, 0.00229164873109, 0.985418517386, 58226.4626852, 58226.4630324, 2418.64222224, 0.123694562723, 83.7754456058, 1.02748043389, 14.3116237576, 0.030853882147, 0.0013234307891, 0.0377842445119, 0.184895048673, 46.3742833231, 0.0234124632653, -0.0434936885225, 0.186371463641, 1.16472893168, 0, 0.068000
3, 248.214986812, 41.1882634945, 248.212125636, 41.1808791597, 8.98398910772e-05, 9.04620213169e-05, 0.301618474229, 9.80694458199e-05, 9.57703408604e-05, 0.558691153759, 58226.4626852, 58226.4630324, 684.651367252, 0.213313353795, 27.3449899126, 0.716577293624, 0.670486062207, 0.0532521161024, 0.0068210355365, 0.160019134826, 0.0760493056648, 23.2238000647, 0.0467510141206, -0.125234245849, 0.089270119376, 1.20807449452, 3, 0.000000
4, 248.215099441, 41.1863853849, 248.211247919, 41.1767914086, 9.65413155694e-05, 9.1637752508e-05, 0.6997708382, 7.88955462841e-05, 8.0341589679e-05, 0.122079104438, 58226.4626852, 58226.4630324, 935.129525997, 0.396234564349, 35.6298135808, 0.749685074248, 0.623715957709, 0.0388508300389, 0.00380896511011, 0.0849790790579, 0.0519978714649, 28.5683809153, 0.0380048210635, 0.0669937294941, 0.0644060949053, 1.24499872983, 1, 0.000000
5, 248.213542402, 41.1823714758, 248.205451454, 41.1620462745, 0.000118205942037, 0.000110081007068, 0.797758473416, 8.73133777494e-05, 8.99444787086e-05, 0.103989788416, 58226.4626852, 58226.4630324, 2429.112653, 0.0473048285504, 75.4312777248, 1.04861733301, 0.729898859527, 0.0311895721588, 0.00144712312743, 0.0387213810816, 0.0297937951054, 49.8268595181, 0.0217901793382, 0.0549238885634, 0.0369118157556, 1.29398653142, 1, 0.112000
6, 248.204154375, 41.1574808817, 248.200442775, 41.148076662, 6.9946206886e-05, 6.69682490936e-05, 0.646569602716, 5.99310290488e-05, 6.05183172816e-05, 0.198142421739, 58226.4626852, 58226.4630324, 990.619993511, 0.1991690033, 34.877693348, 0.734489343078, 0.461290722191, 0.0300837854064, 0.00303656611062, 0.0694273461494, 0.0408758026275, 30.6066121674, 0.0354739099781, 0.0453402514243, 0.0541223570216, 1.18577841071, 1, 0.002000
7, 248.197624533, 41.1497539001, 248.194877037, 41.142389082, 7.2620617455e-05, 7.23215930484e-05, 0.409440379284, 7.31738846755e-05, 7.27753685193e-05, 0.432491502103, 58226.4626852, 58226.4630324, 646.083935866, 0.346445279125, 27.1960873838, 0.747771332128, 0.52002289452, 0.0454037935632, 0.00594151698879, 0.0876744187013, 0.060521597374, 26.3637840767, 0.041182866678, 0.265336642916, 0.0732044551685, 1.0888107724, 1, 0.000000
8, 248.199465566, 41.1458681435, 248.192411983, 41.1285935976, 0.000142897610865, 0.00013144490312, 0.884667253292, 9.4074691262e-05, 9.91318392077e-05, 0.357000030677, 58226.4626852, 58226.4630324, 1523.03477084, 0.117484537837, 64.2507442222, 0.801826789468, 0.847225815014, 0.0271309601628, 0.00147971113578, 0.0389773570186, 0.034480642003, 43.4819092255, 0.0249698374358, 0.297605915635, 0.0425723790093, 1.26774107867, 1, 0.008000
9, 248.174992819, 41.0894480135, 248.169236255, 41.0744736494, 0.000277613746337, 0.000270706374953, 0.461997690179, 0.000274517251479, 0.000268715587089, 0.428632963901, 58226.4626852, 58226.4630324, 1731.1609442, 0.203858635213, 55.4264157738, 1.00626969832, 1.96350124762, 0.0371272049758, 0.00238522491392, 0.0627044940527, 0.0495758163777, 36.9922555737, 0.0293503650405, -0.123740789877, 0.0576125463552, 1.03429685271, 0, 0.019000
10, 248.175027242, 41.0812266824, 248.167405928, 41.0619859124, 8.81248717028e-05, 8.20099453096e-05, 0.796771134492, 6.5210697836e-05, 6.70539486211e-05, 0.102520665922, 58226.4626852, 58226.4630324, 2009.33141451, 0.0853024046821, 71.3892480714, 0.903415030369, 0.544031538518, 0.0221212948411, 0.0010869609029, 0.0263803252657, 0.0242709335922, 50.4050124044, 0.0215402427847, 0.298618219032, 0.0324508902291, 1.14499232479, 0, 0.091000
11, 248.163061781, 41.0593502432, 248.157550492, 41.045360536, 0.000148728010747, 0.000144717378475, 0.50329875236, 0.000143610153351, 0.000141420598086, 0.402753359939, 58226.4626852, 58226.4630324, 1484.30225985, 0.134762500924, 51.8848684472, 1.0002481235, 1.03898865619, 0.047253761485, 0.00319013183202, 0.0748563937699, 0.0493585346015, 37.5849307962, 0.0288875403455, 0.0320747724676, 0.0571905142941, 1.20563461585, 0, 0.002000
12, 248.139338679, 40.9995841766, 248.134862258, 40.9883209798, 0.000178705177231, 0.000196723443146, 0.824214694337, 0.000312383203857, 0.000284022704389, 0.974001999745, 58226.4626852, 58226.4630324, 942.691282319, 0.32973314734, 41.8072885038, 0.685643151021, 1.77919170409, 0.031469705524, 0.00266641469194, 0.0700673020014, 0.0607438581201, 30.8713371496, 0.0351697174469, 0.177281471314, 0.0701906355906, 1.1547035599, 1, 0.000000
13, 248.120221048, 40.9499099141, 248.115901585, 40.9395843555, 0.000101773869589, 9.7558734773e-05, 0.616713454222, 9.09654549067e-05, 9.04512680481e-05, 0.319332879475, 58226.4626852, 58226.4630324, 806.252490307, 0.163656002757, 38.5008768703, 0.717250674308, 0.681521587019, 0.0438376518223, 0.00393491502803, 0.0946550661063, 0.0610537646972, 28.501855152, 0.0380935275605, 0.105990804351, 0.0719630393028, 1.16357674887, 0, 0.000000
