\
\ strid, ra1, dec1, ra2, dec2, ra1_err, dec1_err, corr1, ra2_err, dec2_err, corr2, start_mjd, end_mjd, flux, bg, length, sigma, length_err, sigma_err, pa_err, bg_err, fit_mag_err, ap_snr, ap_mag_err, dmag, dmag_err, chi2, numfit, prob
\ null, deg, deg, deg, deg, deg, deg, null, deg, deg, null, days, days, dn, dn, pixels, pixels, pixels, pixels, deg, dn, mag, null, mag, mag, mag, null, null, null
\
1, 163.860640715, 11.5502326974, 163.855280057, 11.5495273164, 0.000275475725071, 0.000259327812712, 0.245447971811, 0.000275105131357, 0.000259165315131, 0.241375627797, 58153.4551273, 58153.4554745, 1018.75177694, -1.94206186876, 18.835728851, -0.787238545554, 1.91872526006, 0.205918342491, 0.0397544907096, 0.956193683817, 0.268166865465, 51.5425863938, 0.021064837462, -0.569306487032, 0.268992927622, 6.88475898304, 7, 0.002000
2, 163.752882133, 10.9954895011, 163.741911465, 10.991196794, 0.00244488577623, 0.00245964407813, 0.991177447676, 0.00123550744271, 0.0010584376871, 0.840358096058, 58153.4551273, 58153.4554745, 9253.04565678, -2.80174306545, 41.2041082349, 5.73657058648, 13.9987371611, 0.673478228194, 0.0553176677028, 1.17727659211, 0.406730176748, 102.492233474, 0.0105933510077, -0.417267667366, 0.406868106102, 1.07503817234, 2, 0.002000
3, 163.733708987, 10.9757633168, 163.709718001, 10.9737397366, 3.28996276826e-05, 3.11441296011e-05, 0.153601936966, 3.2899627662e-05, 3.11441295219e-05, 0.15360190957, 58153.4551273, 58153.4554745, 30005.2766956, 7.26731863716, 84.0167756174, -3.20785815791, 0.229459454263, 0.023284277502, 0.00101360402873, 0.0169745743605, 0.00715734165013, 81.5767801336, 0.0133093780238, -0.327788991713, 0.0151118193106, 1.14324650905, 0, 0.250000
4, 163.761492589, 10.9632725177, 163.708840661, 10.9429712122, 9.32693131799e-05, 8.25681620414e-05, 0.570866363514, 9.62187004559e-05, 8.64755037744e-05, 0.642436964681, 58153.4551273, 58153.4554745, 513030.82526, 2.57056359766, 197.383268897, 20.0032367415, 0.658658211595, 0.102885287654, 0.00205995422225, 0.0424281390497, 0.00572249869054, 608.260331367, 0.00178498604753, 0.0804129208448, 0.00599442795045, 1.54737687807, 0, 0.004000
5, 163.721886288, 10.961325197, 163.717068188, 10.9628602114, 0.000112283964232, 0.000103830468545, 0.55941241741, 0.000112288872814, 0.000103834639099, 0.559495493749, 58153.4551273, 58153.4554745, 820.887153807, 13.6002021528, 17.6749199458, 1.01438172397, 0.778671258404, 0.0958731538506, 0.0203621398843, 0.143170274951, 0.0959197946156, 5.62952983715, 0.192864455144, -0.613798589751, 0.215400336715, 0.912547866176, 0, 0.000000
6, 163.786293899, 10.9614603261, 163.768457971, 10.9562643151, 0.000171712831568, 0.000163462579252, 0.410270308625, 0.000183329689281, 0.000176704643509, 0.607993835607, 58153.4551273, 58153.4554745, 6474.17553399, 2.57428426217, 64.9157555874, 2.51502181457, 1.25019860548, 0.122758144039, 0.00668280986292, 0.139756532336, 0.0516162001663, 30.7713988417, 0.0352839404651, -0.729512921903, 0.0625235041752, 0.946629169465, 1, 0.028000
7, 163.67190504, 10.9449984285, 163.658435967, 10.940051832, 0.000135032905605, 0.000129196220412, 0.617814528383, 0.000135032933277, 0.000129196252298, 0.617814959904, 58153.4551273, 58153.4554745, 5638.57320511, 1.77901522573, 50.1830459087, 2.16140482421, 0.949112854374, 0.104185744322, 0.00746367266668, 0.154459733435, 0.0500139253698, 60.2426624233, 0.0180227128265, 0.121526132754, 0.0531621191124, 1.15489358425, 0, 0.145000
8, 163.689130834, 10.9430193697, 163.681815275, 10.940761899, 0.000113292646535, 0.000108369165861, 0.53862003938, 0.000113293172245, 0.000108369793376, 0.538633538014, 58153.4551273, 58153.4554745, 1290.16944131, 7.04332654042, 26.7596723874, 1.07624827795, 0.794955370862, 0.0834917620796, 0.0113229926714, 0.154670042256, 0.0783122249749, 14.8131133595, 0.0732956116927, -0.0788946910751, 0.107261602048, 1.07837837205, 0, 0.000000
9, 163.680228121, 10.9393824292, 163.673007875, 10.9375730939, 0.00024258689792, 0.000224513637779, 0.441005647956, 0.000242586893342, 0.000224513631604, 0.441005563675, 58153.4551273, 58153.4554745, 1189.38570028, 5.5453554227, 26.0040055548, 1.5362048036, 1.6856454032, 0.213081316329, 0.0303906000546, 0.228744957273, 0.145042824333, 16.0359548183, 0.0677063646699, 0.176137502095, 0.160067400514, 1.26444169081, 0, 0.000000
10, 163.744720524, 10.9345207693, 163.730469753, 10.9307491636, 0.000236413405727, 0.00022615336756, 0.643318632953, 0.000212099725662, 0.000197714003493, 0.253402551343, 58153.4551273, 58153.4554745, 5374.11984455, 1.47045856375, 51.5043762468, 2.53063253607, 1.5784649364, 0.162627139491, 0.0112772031869, 0.207503172432, 0.0703945417913, 55.1112252439, 0.0197008177545, -0.0172884250683, 0.0730993415442, 1.1537861901, 0, 0.163000
11, 163.750227535, 10.8809911274, 163.740868988, 10.8791812923, 1.25991103982e-05, 1.19958059218e-05, 0.354451875395, 1.2599107415e-05, 1.19958040446e-05, 0.354451212207, 58153.4551273, 58153.4554745, 14899.7191268, -0.201256518894, 33.2898627071, 1.26344374401, 0.088128200441, 0.00895121663921, 0.000978908756757, 0.0806916209739, 0.00704250961112, 124.04028949, 0.00875309312181, 0.0175296627009, 0.0112344817781, 1.24927854781, 0, 0.979000
