\
\ strid, ra1, dec1, ra2, dec2, ra1_err, dec1_err, corr1, ra2_err, dec2_err, corr2, start_mjd, end_mjd, flux, bg, length, sigma, length_err, sigma_err, pa_err, bg_err, fit_mag_err, ap_snr, ap_mag_err, dmag, dmag_err, chi2, numfit, prob
\ null, deg, deg, deg, deg, deg, deg, null, deg, deg, null, days, days, dn, dn, pixels, pixels, pixels, pixels, deg, dn, mag, null, mag, mag, mag, null, null, null
\
1, 93.8130930927, 26.8246031457, 93.8099921822, 26.8263488827, 3.41216819429e-05, 3.48129819426e-05, 0.834123337077, 3.47444085928e-05, 3.51183092465e-05, 0.83700426919, 58101.3416088, 58101.341956, 1405.81973545, -2.08200162388, 11.6329639824, 0.440415140018, 0.247441036881, 0.0286047369888, 0.00862503331418, 0.492943791572, 0.0625853749843, 37.3817459825, 0.0290445557376, -0.371977226366, 0.068996488171, 21.8609291736, 0, 0.000000
2, 93.5258975033, 26.7463839965, 93.5230849181, 26.7481500492, 2.75638551835e-05, 2.71669104983e-05, 0.891477050215, 2.52883461218e-05, 2.55853584206e-05, 0.874858607784, 58101.3416088, 58101.341956, 1822.64287245, -1.49247287853, 10.9179305391, 0.5062579776, 0.18888481075, 0.0217050158997, 0.0074685363693, 0.415178742228, 0.0426216518376, 42.1088742742, 0.0257840235217, -0.221312811269, 0.0498138642782, 11.8466524586, 0, 0.000000
3, 94.292336893, 26.6821332671, 94.2895018541, 26.6805120191, 6.44691327075e-05, 6.08107214767e-05, 0.870550401222, 6.57542620048e-05, 6.16635352353e-05, 0.8750135011, 58101.3416088, 58101.341956, 894.513084836, -1.39539351632, 10.6901968839, 0.567980967358, 0.455257786988, 0.0520068043725, 0.0185120474721, 0.393044153218, 0.0932302859224, 34.5427344433, 0.0314316808515, -0.914015785923, 0.0983861614981, 14.5826899092, 0, 0.000000
4, 93.9940462247, 26.6523363052, 93.9924027553, 26.6495770789, 6.85328116788e-05, 7.06697202871e-05, 0.751354300036, 6.85556173022e-05, 7.06983877166e-05, 0.751629126968, 58101.3416088, 58101.341956, 2592.03506621, -2.35958204096, 11.1143724744, 0.710844607128, 0.501758952202, 0.066496656111, 0.0223872877564, 0.883092086376, 0.0942990602353, 51.0618057586, 0.0212631768232, -0.573154658873, 0.096666620143, 41.5628092345, 0, 0.008000
5, 93.5728568569, 26.5914578507, 93.5691963269, 26.5921579236, 4.45281192666e-05, 4.5593240677e-05, 0.916936819846, 3.31591100516e-05, 3.18604220096e-05, 0.656274640979, 58101.3416088, 58101.341956, 668.428462123, -0.391916308562, 11.9036570353, 0.203061369168, 0.280917616648, 0.00675423179411, 0.00241307155906, 0.184383244356, 0.0396087356777, 29.0355509283, 0.0373933392012, 0.223123445043, 0.054471219544, 9.33401668697, 0, 0.001000
6, 93.9139923202, 26.5741312896, 93.9108265826, 26.5762604397, 5.11470334235e-05, 5.21161201909e-05, 0.954646655429, 3.29946984046e-05, 3.56200592951e-05, 0.857547479646, 58101.3416088, 58101.341956, 1819.25503629, -1.49195015757, 12.5947791188, 0.308239662559, 0.31119984457, 0.0230874668856, 0.00754686662812, 0.737092167777, 0.0714481215072, 39.06549543, 0.0277927156128, -0.308032070517, 0.0766633491835, 84.802500701, 1, 0.000000
7, 93.8021802353, 26.5299769093, 93.7991640271, 26.5309610699, 4.89907114188e-05, 4.83955774497e-05, 0.601154397926, 5.09966645964e-05, 4.8072697095e-05, 0.578938792694, 58101.3416088, 58101.341956, 776.195876803, -1.19742940244, 10.2133117378, 0.503696882893, 0.352154704658, 0.0393297932119, 0.0146346231128, 0.359055866922, 0.0787695066093, 29.3668097279, 0.0369715408252, -0.282535692589, 0.0870145390291, 10.8845918112, 0, 0.000000
8, 93.763522171, 26.519613648, 93.7602952824, 26.5177756795, 5.40455805506e-05, 5.04480761871e-05, 0.881790355399, 5.19335780016e-05, 4.87275978103e-05, 0.868889332239, 58101.3416088, 58101.341956, 2300.5600406, -1.70043464668, 12.172750243, 0.55126208276, 0.368382106964, 0.0410002345128, 0.012594531353, 0.617340402406, 0.0743334533033, 42.7875848118, 0.0253750289841, -0.539949922394, 0.0785452377674, 71.1007885447, 7, 0.004000
9, 93.702116631, 26.4988715256, 93.6977569857, 26.5008580287, 3.04924178802e-05, 2.99769686687e-05, 0.792954852535, 2.96495931384e-05, 2.88925745121e-05, 0.758043052321, 58101.3416088, 58101.341956, 17026.4253528, -4.78789160981, 15.5674326478, -0.461585481685, 0.213848416876, 0.0187309237615, 0.00459908722097, 2.10966322964, 0.0399043014846, 126.474847319, 0.00858460182221, -0.134016058783, 0.040817259406, 119.007928838, 0, 0.013000
10, 93.8162519816, 26.3637471388, 93.8130947023, 26.3654743255, 5.46976428494e-05, 5.48821446506e-05, 0.836811988593, 5.41088189533e-05, 5.32207380527e-05, 0.814505791941, 58101.3416088, 58101.341956, 3225.7827265, -3.09343161705, 11.7850717038, 0.554434320142, 0.38829293318, 0.0458129530252, 0.0142174379699, 1.01366723169, 0.0815530015252, 53.0855426616, 0.0204525780527, -0.541277115149, 0.0840785347563, 83.8658566256, 6, 0.001000
11, 94.3296247882, 26.340241045, 94.3260494038, 26.3385058226, 4.11563394702e-05, 3.85927750149e-05, 0.806854156588, 4.20743037685e-05, 3.9584785642e-05, 0.824611995642, 58101.3416088, 58101.341956, 6505.38322481, -2.68496571955, 12.9527812035, 0.607880463006, 0.290123260179, 0.0321036444023, 0.00902903750568, 0.833934002743, 0.0516865598652, 66.2938734532, 0.0163776250836, -0.628169549068, 0.0542192500324, 118.831794133, 0, 0.000000
12, 93.5736539518, 26.3285085016, 93.57044459, 26.327355043, 6.62285300319e-05, 6.21753280015e-05, 0.671098693141, 6.84709161109e-05, 6.26012872525e-05, 0.674302736934, 58101.3416088, 58101.341956, 1177.33933586, -2.97073887574, 11.0245472195, -0.567608447921, 0.465996338828, 0.0542171140239, 0.0183873569028, 0.561554470805, 0.0959680617968, 47.2660685061, 0.0229707322626, -0.0503818816842, 0.0986788904767, 8.72720364643, 0, 0.000000
13, 94.137251477, 26.3167107385, 94.1340346254, 26.3157834313, 2.8348928585e-05, 2.59153889434e-05, 0.436715072745, 3.02728888662e-05, 2.85429239322e-05, 0.648049026587, 58101.3416088, 58101.341956, 873.353748385, -0.657841745064, 10.7690379281, -0.327038018718, 0.207192789793, 0.0204763526108, 0.00730788222443, 0.344784025862, 0.0600165194667, 28.3674904323, 0.0382739603755, -0.179364252664, 0.0711820107311, 25.6962854362, 0, 0.000000
14, 93.7580074673, 26.2441813035, 93.7546162906, 26.2457240081, 5.14386946948e-05, 5.05234553715e-05, 0.839274437166, 4.10841516355e-05, 4.13701612379e-05, 0.653286814781, 58101.3416088, 58101.341956, 655.250510303, -1.46976265475, 12.1274000101, 0.412254255251, 0.330266909023, 0.0319704205319, 0.00942685262101, 0.281191910893, 0.0745413458247, 28.3870334363, 0.0382476107337, -0.733250569121, 0.0837812148646, 10.9649343914, 0, 0.000000
