\
\ strid, ra1, dec1, ra2, dec2, ra1_err, dec1_err, corr1, ra2_err, dec2_err, corr2, start_mjd, end_mjd, flux, bg, length, sigma, length_err, sigma_err, pa_err, bg_err, fit_mag_err, ap_snr, ap_mag_err, dmag, dmag_err, chi2, numfit, prob
\ null, deg, deg, deg, deg, deg, deg, null, deg, deg, null, days, days, dn, dn, pixels, pixels, pixels, pixels, deg, dn, mag, null, mag, mag, mag, null, null, null
\
1, 177.515462045, 24.0686706208, 177.514232181, 24.0728962748, 6.28294030847e-05, 6.63083199075e-05, 0.948515371919, 3.93676349409e-05, 3.83240141723e-05, 0.595832787886, 58154.4393056, 58154.4396528, 612.331147552, 48.2785203806, 15.5460540096, 0.259111484683, 0.378588418537, 0.0181928139775, 0.00434561050859, 0.160688257859, 0.0694126090097, 11.2951916338, 0.0961237524744, 0.270971716283, 0.118565956662, 0.936867867135, 0, 0.000000
2, 177.522372884, 24.0389474234, 177.516681771, 24.0431378469, 1.85632846961e-05, 1.87880311174e-05, 0.977152031246, 1.02630732466e-05, 1.03313978427e-05, 0.860260861387, 58154.4393056, 58154.4396528, 1118.42502012, 50.3113456082, 23.7353783331, 0.251900578615, 0.108632818153, 0.00790043800777, 0.00117383935072, 0.0731610457007, 0.0293924120412, 13.8085536216, 0.0786278008915, 0.0387416036086, 0.0839419141945, 0.861083218681, 1, 0.000000
3, 177.519375415, 24.0233082109, 177.516428599, 24.0293208028, 0.000129309444387, 0.000137881681168, 0.759238856319, 0.000130212320496, 0.000139516573657, 0.765058759999, 58154.4393056, 58154.4396528, 1756.13836976, 55.1030341462, 23.4218906207, 0.62362328845, 0.960386998086, 0.0806831754399, 0.0123139713772, 0.595062734288, 0.127719495502, 13.9270240817, 0.0779589522059, 0.138182473509, 0.149632442205, 1.0610460379, 0, 0.000000
4, 177.513996625, 24.0007414603, 177.511441034, 24.0047283149, 2.07119292396e-05, 2.12088391411e-05, 0.847208495744, 2.05644848007e-05, 2.19396942721e-05, 0.834041453771, 58154.4393056, 58154.4396528, 725.299050668, 48.0950943941, 16.4265617711, 0.22311277962, 0.149663306203, 0.0178595127143, 0.00382856457166, 0.346456292977, 0.0739153798845, 10.9134613835, 0.0994859620245, -0.0315593111698, 0.123939259411, 0.990013487183, 0, 0.000000
5, 177.514279671, 23.9752790932, 177.509982632, 23.9743546635, 7.82200461231e-05, 8.27568998077e-05, 0.375532997764, 0.000119175060792, 0.000116381439744, 0.903351141422, 58154.4393056, 58154.4396528, 580.214668729, 40.3838101714, 14.3512667208, 0.315968135808, 0.704060646686, 0.027759626827, 0.00667766069701, 0.178411263022, 0.0880293484593, 6.73540379641, 0.161198383583, -0.272792509238, 0.183668410621, 0.911848301182, 3, 0.000000
6, 176.742050105, 23.7398389436, 176.737150024, 23.7360562486, 0.00020515922377, 0.000193379482545, 0.958343435674, 0.000209364130063, 0.000197321278005, 0.960247945642, 58154.4393056, 58154.4396528, 1415.32720572, 51.1772202912, 20.8642537501, 0.626542647708, 1.4406888045, 0.133887015943, 0.02267196736, 1.24022589963, 0.21478572395, 8.87111253865, 0.122390083547, -0.240851786123, 0.247208899038, 1.11055271804, 5, 0.000000
7, 176.776954292, 23.7326315461, 176.775709247, 23.7279894366, 0.000234613552378, 0.000247755451192, 0.397116695371, 0.00023452808371, 0.000247686082438, 0.39590535004, 58154.4393056, 58154.4396528, 1280.39904261, 47.9111347343, 16.9981345612, 0.920421239575, 1.73644151992, 0.209013501422, 0.0456992942299, 0.73008424782, 0.231065119638, 5.67396482671, 0.191354059801, -0.446793585538, 0.300012442601, 1.14603157107, 0, 0.000000
8, 176.732166754, 23.7292284244, 176.72982129, 23.7319306539, 5.34927553716e-05, 5.49667580088e-05, 0.930507423115, 4.73855792219e-05, 4.90663675227e-05, 0.904816441317, 58154.4393056, 58154.4396528, 641.861660721, 49.2136326298, 12.2692467207, 0.336213252968, 0.38501990746, 0.0381137198125, 0.0168393242233, 0.460129003001, 0.116672037778, 10.1902718797, 0.106546343177, 0.175215692154, 0.158001543168, 0.962987062058, 0, 0.000000
9, 176.73025532, 23.7126367666, 176.727959209, 23.7202906387, 0.00074613749417, 0.000836006118484, 0.469654908702, 0.000771404986794, 0.000861768677642, 0.555622896744, 58154.4393056, 58154.4396528, 1976.26379782, 51.6543453612, 28.2199739245, 1.80009853158, 5.82680664582, 0.747484484157, 0.097881072073, 1.06931031244, 0.44586851809, 8.69464022038, 0.124874195739, 0.134896190362, 0.463025161503, 1.25520915118, 0, 0.000000
