\
\ strid, ra1, dec1, ra2, dec2, ra1_err, dec1_err, corr1, ra2_err, dec2_err, corr2, start_mjd, end_mjd, flux, bg, length, sigma, length_err, sigma_err, pa_err, bg_err, fit_mag_err, ap_snr, ap_mag_err, dmag, dmag_err, chi2, numfit, prob
\ null, deg, deg, deg, deg, deg, deg, null, deg, deg, null, days, days, dn, dn, pixels, pixels, pixels, pixels, deg, dn, mag, null, mag, mag, mag, null, null, null
\
1, 198.902092645, 49.9856032029, 198.896577753, 50.0069630554, 2.7850619544e-05, 3.11901296384e-05, 0.389870222913, 2.78506194117e-05, 3.11901294193e-05, 0.389870201166, 58173.506875, 58173.5072222, 40390.7361338, -0.950639249852, 76.9880739205, 4.09459017612, 0.212643819042, 0.0252402697785, 0.00122542423085, 0.0224081066451, 0.00620349909357, 197.22764946, 0.00550498983146, -0.585747275233, 0.00829387207813, 3.55630810557, 0, 0.004000
2, 198.910503226, 49.980405335, 198.909741119, 49.9880789358, 9.76638136316e-05, 0.000104565287062, 0.218878592268, 9.76563389563e-05, 0.000104531726714, 0.217884837032, 58173.506875, 58173.5072222, 822.984157963, 1.83303018051, 27.3408542425, 0.861049767077, 0.72382613806, 0.0672834014447, 0.00885018649956, 0.0860870308262, 0.0770022648789, 70.7542374684, 0.0153451756899, 0.698234401162, 0.0785163881838, 0.947040991413, 0, 0.014000
3, 198.909445849, 49.9554807292, 198.906858304, 49.9776565858, 2.12779174094e-05, 2.22520215664e-05, 0.246240946414, 2.127792886e-05, 2.22520317725e-05, 0.246247270487, 58173.506875, 58173.5072222, 9453.00055898, 1.24333954013, 79.0741118512, 1.11984232713, 0.155190994365, 0.00974285332589, 0.0004347014123, 0.0169246715777, 0.00834859987536, 113.690470754, 0.00954993147235, 0.498140187137, 0.0126846486355, 5.07272573358, 0, 0.123000
4, 198.902995719, 49.9636751557, 198.899011873, 49.9586906376, 7.79403056792e-05, 7.58197085817e-05, 0.712941920761, 7.79817212988e-05, 7.58298938283e-05, 0.713605855828, 58173.506875, 58173.5072222, 442.798902046, 2.45199454954, 19.9287533192, 0.834551087065, 0.551660614511, 0.05899105492, 0.0107933525795, 0.0725987151753, 0.0709646009097, 6.53443265456, 0.166156154965, -0.66855110054, 0.180676070399, 0.594996406684, 0, 0.000000
5, 198.907183411, 49.95350552, 198.90488625, 49.9508907046, 0.000133201845384, 0.000160381728377, 0.681867660618, 0.000133201852606, 0.000160381731829, 0.681867703866, 58173.506875, 58173.5072222, 1194.05616673, 0.996999566564, 10.6799889798, 2.28257085269, 1.16080435686, 0.228028166457, 0.105771484093, 0.275636245353, 0.117796929803, 25.3943718874, 0.0427549934912, 2.28462062033e-05, 0.12531602507, 1.43527319108, 0, 0.000000
6, 198.908095624, 49.9341014225, 198.900619694, 49.9433868291, 0.000308046647895, 0.00034853586233, 0.881488900531, 0.000235381529683, 0.000276454085828, 0.692984255668, 58173.506875, 58173.5072222, 2245.70884594, -0.36223745991, 37.1853693905, 3.18475603447, 2.17727791612, 0.300800745609, 0.0281491126715, 0.239888056091, 0.124392034187, 52.4360497657, 0.020705911479, -0.0478705915623, 0.1261035802, 1.12062819423, 0, 0.017000
7, 198.909989173, 49.9216877055, 198.895442099, 49.9398087356, 5.38621729153e-05, 5.94802654857e-05, 0.851066097156, 5.38621726914e-05, 5.94802652303e-05, 0.851066094655, 58173.506875, 58173.5072222, 3306.92016427, 0.388495306327, 72.5273631124, 1.46582600874, 0.405022763405, 0.0304366484063, 0.00148453811161, 0.0229863410245, 0.0203065591014, 48.5567340234, 0.0223601571769, -0.0773153907716, 0.0302048501323, 1.19361700235, 0, 0.369000
8, 198.979425768, 49.9163360233, 198.970596319, 49.9222128611, 7.19606468585e-05, 7.86783824111e-05, 0.95045260932, 7.19607216271e-05, 7.8678466671e-05, 0.950452720393, 58173.506875, 58173.5072222, 1395.7045598, 0.725765312295, 29.0723222519, 1.22063677197, 0.54100534185, 0.0580174760744, 0.00725597483257, 0.0850203628521, 0.048130428501, 35.9226137393, 0.030224309752, 0.277575713174, 0.056833502863, 1.19772409186, 3, 0.000000
9, 198.928351348, 49.9127465288, 198.923307353, 49.9211356373, 0.000182603833716, 0.000205330693227, 0.70851954444, 0.000182603342949, 0.000205330156935, 0.708516045361, 58173.506875, 58173.5072222, 780.350966297, 1.04276591185, 31.9872815878, 1.4105145073, 1.39657067616, 0.15557565224, 0.0174360253652, 0.126059068595, 0.115429485874, 19.2470898735, 0.0564104086328, 0.089768832616, 0.128476069411, 1.1630330701, 0, 0.001000
10, 198.951455117, 49.8922803236, 198.940854508, 49.9074973513, 0.00028528737617, 0.000316579471531, 0.872299035653, 0.000224807814986, 0.000249542702348, 0.644794503678, 58173.506875, 58173.5072222, 4109.67645342, -3.50342739158, 59.3060100574, 2.19502967212, 1.95032280842, 0.169095078846, 0.0101681599629, 0.159001952778, 0.0813688524568, 78.3972976361, 0.0138491534466, 0.24755302394, 0.0825390162367, 1.90093984561, 1, 0.047000
11, 198.942205837, 49.8832420968, 198.938041444, 49.8968028013, 1.78649534042e-05, 1.98784345547e-05, 0.446992751048, 1.7864953297e-05, 1.98784343943e-05, 0.446992728822, 58173.506875, 58173.5072222, 15897.0011445, -1.47206552296, 49.1551246038, -2.2826210401, 0.135663729927, 0.0151003893486, 0.00113767442578, 0.0220607270788, 0.00658875372622, 138.565867793, 0.00783552415936, -0.573462691054, 0.0102375345917, 2.01211747139, 0, 0.049000
12, 199.001160628, 49.8810418614, 198.995284969, 49.8909420609, 0.001444097395, 0.00158772277312, 0.992003354472, 0.000630243381009, 0.000633416175111, 0.783130013265, 58173.506875, 58173.5072222, 2478.79529178, 0.767982076579, 37.6896309165, 3.54192110508, 8.37121488922, 0.294499797034, 0.0329687303105, 0.167332779896, 0.241879457875, 35.758449344, 0.0303630673219, -0.178739353295, 0.243777743035, 1.11777463939, 3, 0.007000
13, 198.810124215, 49.8832746164, 198.797284706, 49.8889284736, 4.269072214e-05, 4.46626941268e-05, 0.837419106499, 4.26907223892e-05, 4.46626944059e-05, 0.837419109784, 58173.506875, 58173.5072222, 3572.67018791, -0.0999789233986, 35.6248500229, 1.90482543579, 0.314271762668, 0.0374723798473, 0.00392340096877, 0.034838923137, 0.0198983163201, 61.1410358543, 0.0177578967969, -0.0193773960694, 0.0266699435887, 1.38057330487, 0, 0.021000
14, 198.929551847, 49.8614605474, 198.923392719, 49.8785793438, 3.67631761196e-05, 4.02939790831e-05, 0.509618759233, 3.67631759459e-05, 4.02939788364e-05, 0.509618744912, 58173.506875, 58173.5072222, 7059.22989237, 1.54095460162, 62.4880400357, 2.00788917277, 0.27597036065, 0.0258512516401, 0.00149547822767, 0.0198042091657, 0.0126692151902, 74.5673029181, 0.0145604864635, 0.226178547307, 0.0193006937593, 0.779148731757, 0, 0.127000
15, 198.944335874, 49.8562890832, 198.938962209, 49.8728355825, 3.80879191877e-05, 4.51357785291e-05, 0.440177468648, 3.80879188773e-05, 4.51357780606e-05, 0.440177441981, 58173.506875, 58173.5072222, 43117.6310025, -0.0424447428534, 60.1134703708, 5.4228114286, 0.303758578478, 0.045474673589, 0.00301718245586, 0.0310750490346, 0.00872943609779, 202.468432962, 0.00536249621176, -0.0704833824877, 0.0102449704834, 5.18382365051, 1, 0.047000
