\
\ strid, ra1, dec1, ra2, dec2, ra1_err, dec1_err, corr1, ra2_err, dec2_err, corr2, start_mjd, end_mjd, flux, bg, length, sigma, length_err, sigma_err, pa_err, bg_err, fit_mag_err, ap_snr, ap_mag_err, dmag, dmag_err, chi2, numfit, prob
\ null, deg, deg, deg, deg, deg, deg, null, deg, deg, null, days, days, dn, dn, pixels, pixels, pixels, pixels, deg, dn, mag, null, mag, mag, mag, null, null, null
\
1, 151.370357484, 34.7220750833, 151.366684134, 34.7185031439, 0.000196125234594, 0.000208795660443, 0.948588485964, 0.000195412693758, 0.000207996074766, 0.948184537229, 58183.2444792, 58183.2448264, 332.965328084, 15.5467636439, 16.6318618414, 0.690499860347, 1.45006335975, 0.155448620554, 0.0338818084909, 0.261258678864, 0.225605110672, 4.43004179801, 0.245084866975, -0.0670700420589, 0.333112980806, 1.17090087665, 5, 0.000000
2, 151.473085539, 34.7014787847, 151.469014048, 34.7044020372, 0.000149625099556, 0.000140749890061, 0.948068291403, 0.000152454657039, 0.000143423802791, 0.950081324379, 58183.2444792, 58183.2448264, 553.414409694, 8.01929949225, 15.8033298288, 0.685396083112, 1.05310810543, 0.11562329727, 0.0264736989108, 0.455057627223, 0.172712744282, 6.5382289606, 0.166059679357, -0.535520009447, 0.239594468103, 1.25798219956, 0, 0.000000
3, 151.344131459, 34.6668541093, 151.337644954, 34.6660513147, 0.000148046110967, 0.000142853047471, 0.242460893963, 0.000148320772543, 0.000142355682751, 0.220382283955, 58183.2444792, 58183.2448264, 336.862655526, 9.53013550085, 19.1811870607, 0.518925901102, 1.04486122439, 0.0885792661758, 0.0189334633801, 0.220129946538, 0.173469078527, 9.17915850923, 0.118282760197, 0.359912518191, 0.209957930465, 1.28170670374, 1, 0.000000
4, 151.3558238, 34.6620843895, 151.350257953, 34.6659468485, 0.00012484721277, 0.000117292136169, 0.99002131039, 0.000119582269538, 0.000113561277675, 0.989989098655, 58183.2444792, 58183.2448264, 274.063076991, 12.7714465602, 21.2995995087, 0.274416451891, 0.831404033719, 0.0308245426487, 0.0044478501146, 0.130412541923, 0.10453791135, 8.46385187415, 0.128279206785, 0.306802184162, 0.165480300346, 1.17891982106, 2, 0.000000
5, 151.369313216, 34.6531999604, 151.367406918, 34.6565619862, 7.23555671434e-05, 6.89166000874e-05, 0.891927627829, 4.78091343223e-05, 4.79573778779e-05, 0.303845223902, 58183.2444792, 58183.2448264, 243.100818661, 13.9579767698, 13.1933754235, 0.321526343421, 0.429418812183, 0.0292347688055, 0.00787835522452, 0.115683384412, 0.0885785567966, 5.77498126062, 0.188006879288, -0.060982443683, 0.207828649093, 0.936431948573, 0, 0.000000
6, 151.440974781, 34.6414813824, 151.43706787, 34.6455988345, 0.000362421197133, 0.000352607624498, 0.894869477983, 0.000362422037993, 0.000352608487992, 0.894870129841, 58183.2444792, 58183.2448264, 440.863857252, 9.24950075897, 18.5755441917, 1.02883233229, 2.57622516329, 0.315590371529, 0.0627614637973, 0.371396241912, 0.318152831182, 4.82592579424, 0.224979879727, -0.237737118459, 0.389662893115, 1.45293562127, 0, 0.000000
7, 151.487408377, 34.2848004159, 151.484152609, 34.2819894663, 0.000224256919719, 0.000237012394656, 0.965597702084, 0.000209962490244, 0.000223077557525, 0.961035190589, 58183.2444792, 58183.2448264, 213.163109712, 11.2744458799, 13.8320103059, 0.499814353044, 1.61414862693, 0.123725306613, 0.039674409853, 0.335582196739, 0.282574941399, 6.12454504422, 0.177276221649, 0.345359471071, 0.333579759981, 1.34627100539, 4, 0.000000
8, 151.480274568, 34.2773007404, 151.477812622, 34.2828929665, 0.00120001082764, 0.00134673901579, 0.673798369757, 0.00234203199621, 0.00222994452066, 0.970207031875, 58183.2444792, 58183.2448264, 581.251834244, 12.1553281417, 21.1570741312, 1.50115538124, 13.3645618109, 0.60806694948, 0.11409706596, 0.526812322691, 0.729641369371, 5.30714860763, 0.204579951501, -0.138877831091, 0.757779311181, 1.25433932317, 1, 0.000000
9, 151.471667722, 34.2789755185, 151.469279037, 34.2810412638, 0.000426454721467, 0.000414930581228, 0.85798583748, 0.000426454706121, 0.000414930570769, 0.857985827795, 58183.2444792, 58183.2448264, 347.063786865, 13.6528533853, 10.158173555, 1.35342767378, 3.12159874894, 0.546269091255, 0.23055006197, 0.436589631397, 0.442640390698, 5.00876969994, 0.216767044564, 0.321818180695, 0.492867595898, 1.28056201649, 4, 0.000000
10, 151.465649811, 34.2670312908, 151.45790831, 34.2751619138, 0.000235097820227, 0.000224675846242, 0.929112298248, 0.00023500966049, 0.000224607989928, 0.929014607214, 58183.2444792, 58183.2448264, 713.383378045, 15.8767231211, 36.7833927109, 0.89227660653, 1.64270845282, 0.13475522118, 0.0130510048725, 0.111259222449, 0.148145992677, 5.66839533329, 0.191542075123, -0.13808392085, 0.242147892184, 1.32165881882, 0, 0.000000
11, 151.452112838, 34.275475224, 151.446209274, 34.2659089768, 0.00053843341091, 0.000584294759731, 0.805194642221, 0.000544009829464, 0.0005899376296, 0.812967169695, 58183.2444792, 58183.2448264, 898.646443131, 14.4704747834, 38.1762291874, 1.45717838263, 4.05487891348, 0.424303550932, 0.0389416234582, 0.371013934488, 0.309487909636, 5.22448640672, 0.207816830256, -0.374329669305, 0.372787608631, 1.3523424767, 3, 0.000000
12, 151.510496486, 34.2548418861, 151.505385807, 34.2568475523, 0.000360097590854, 0.000327359732049, 0.76481467366, 0.000359922086065, 0.00032722379699, 0.764456701811, 58183.2444792, 58183.2448264, 339.718936341, 12.4238159074, 16.6254526517, 0.883772735237, 2.47730131577, 0.297610429315, 0.0659371003769, 0.410256298225, 0.34876363795, 3.60328051347, 0.301318812315, -0.273561708655, 0.460900316566, 1.19540209066, 0, 0.000000
13, 151.522826658, 34.236623569, 151.520692173, 34.2398703658, 0.000185015547148, 0.000186341928869, 0.755889036483, 0.000185486482785, 0.000186802311222, 0.758098991766, 58183.2444792, 58183.2448264, 358.63552444, 11.0918719715, 13.1383896023, 0.735667725802, 1.33967553113, 0.16169599708, 0.0463237731056, 0.345336005543, 0.226268172517, 6.29890100466, 0.172369148833, 0.0560430271959, 0.284444035556, 1.22253667778, 0, 0.000000
14, 151.512949136, 34.2365282401, 151.505166057, 34.2381346479, 0.000122830214889, 0.000116176560631, 0.488468712275, 0.000126365091119, 0.000118026093785, 0.532664429436, 58183.2444792, 58183.2448264, 428.845420018, 16.0151560287, 23.5787607067, 0.54441081788, 0.864514948888, 0.0669710835801, 0.0102762252329, 0.133462772165, 0.121453982864, 3.66782030972, 0.296016738301, -0.632862598338, 0.319964028147, 1.02694584626, 0, 0.000000
15, 152.107751624, 34.2387663056, 152.106644888, 34.2418178371, 0.000379391397327, 0.000424113986704, 0.464182940335, 0.000379391825817, 0.000424114271583, 0.464185643495, 58183.2444792, 58183.2448264, 255.805778699, 16.0012738541, 11.3275980888, 1.12359835768, 2.93947155587, 0.460395088948, 0.163395842871, 0.343451197003, 0.436655801986, 2.6119310631, 0.415683331041, -0.101116167464, 0.60287720235, 1.22987145275, 1, 0.000000
16, 152.103326535, 34.2384201868, 152.096523133, 34.2390255686, 0.000173274703385, 0.000164774171494, 0.374447191017, 0.000167839530922, 0.00016040466851, 0.13691878185, 58183.2444792, 58183.2448264, 331.289597651, 14.0847789737, 20.1196419025, 0.518419949294, 1.18879855834, 0.0922833381848, 0.0171486813883, 0.218101749501, 0.177977012566, 4.45367687839, 0.243784233658, -0.225946712193, 0.301838648258, 1.21365728934, 0, 0.000000
17, 152.108894977, 34.2363421167, 152.103794889, 34.2381309354, 0.000111986760864, 0.000105034371343, 0.755221558658, 0.000104927082718, 9.82683389436e-05, 0.671054657123, 58183.2444792, 58183.2448264, 292.363605212, 15.2210037162, 16.2897335875, 0.484020443557, 0.747606785383, 0.0795615992011, 0.0165199244767, 0.196005439796, 0.155744071547, 5.5408290669, 0.19595193998, 0.0628058068125, 0.250306569239, 1.16338101978, 1, 0.000000
18, 151.408044438, 34.2155051642, 151.406686087, 34.2212212046, 0.000544686494373, 0.000629598907639, 0.298267249037, 0.000544318102921, 0.000629411816237, 0.295478267642, 58183.2444792, 58183.2448264, 845.426626842, 9.24492265888, 20.7112655214, 2.06310522046, 4.32076016265, 0.70227233371, 0.130259020484, 0.554519407914, 0.391394709548, 11.5059150829, 0.0943633076495, 0.353330899347, 0.402609305025, 1.28882056145, 1, 0.000000
19, 152.108561618, 34.2212213474, 152.105202994, 34.2253396278, 9.61512741715e-05, 9.17263817985e-05, 0.890885183814, 8.88115860825e-05, 8.52520669105e-05, 0.854661702328, 58183.2444792, 58183.2448264, 309.753794193, 10.7525458605, 17.6636621017, 0.406922532788, 0.644712274182, 0.0593259453233, 0.0118016394121, 0.196081345648, 0.138613769691, 5.6941310114, 0.190676365294, -0.213683124353, 0.235735558263, 1.50692342561, 0, 0.000000
20, 151.513540456, 34.2041320713, 151.50952926, 34.2054931117, 0.000367391180196, 0.000325988622166, 0.684554039351, 0.000367437006257, 0.000326026301715, 0.68469657537, 58183.2444792, 58183.2448264, 250.46427426, 15.712137543, 12.7489354355, 0.939112042777, 2.51488210813, 0.348141612202, 0.104661859796, 0.337786186367, 0.386814681255, 3.61605594342, 0.300254260926, 0.124252755657, 0.489671541789, 1.25776155412, 2, 0.000000
21, 152.123264169, 34.2181737497, 152.118851191, 34.2211795234, 0.000251674911379, 0.000236792997976, 0.945810994684, 0.000268144209236, 0.000252615407901, 0.95375190975, 58183.2444792, 58183.2448264, 244.964485875, 16.4258064478, 16.8137371733, 0.568968472284, 1.80882607746, 0.177211652685, 0.0383251093402, 0.365820928156, 0.314483909971, 4.58025941343, 0.237046880265, 0.196005347471, 0.393816395131, 1.28882831639, 0, 0.000000
22, 151.427018922, 34.2042832033, 151.424276464, 34.2007073153, 9.91238665925e-05, 0.00010698298873, 0.962687278781, 5.72756418211e-05, 5.93706917824e-05, 0.749570120905, 58183.2444792, 58183.2448264, 328.896367334, 15.3995398919, 15.0543378522, 0.381405989947, 0.597025353671, 0.0438412303854, 0.0104008758658, 0.182913945427, 0.111473393076, 10.3847251904, 0.10455126976, 0.511836277604, 0.152830904506, 1.15861674728, 0, 0.000000
23, 151.425063996, 34.1979173503, 151.421004549, 34.1949200971, 0.000207173599631, 0.000214537231631, 0.90851874993, 0.000207174401844, 0.000214538039437, 0.908519521206, 58183.2444792, 58183.2448264, 377.555107242, 13.8717084337, 16.000714034, 1.13315184538, 1.52598661781, 0.208020725667, 0.0494689813147, 0.182015007186, 0.192112435504, 6.34272881777, 0.171178090054, 0.463323281019, 0.257311341355, 1.1852052657, 0, 0.000000
24, 151.448606953, 34.1687096445, 151.444793142, 34.1635541262, 0.00010015927552, 0.00010761610181, 0.921309419917, 9.05626856067e-05, 9.74590248987e-05, 0.883879903267, 58183.2444792, 58183.2448264, 463.090457578, 12.4627638776, 21.4894280852, 0.453577194778, 0.709041111482, 0.0455282773611, 0.00774823134171, 0.134577998007, 0.0993752185366, 10.0446439291, 0.108091059516, 0.230915457505, 0.146830212172, 1.32181266809, 1, 0.000000
