\
\ strid, ra1, dec1, ra2, dec2, ra1_err, dec1_err, corr1, ra2_err, dec2_err, corr2, start_mjd, end_mjd, flux, bg, length, sigma, length_err, sigma_err, pa_err, bg_err, fit_mag_err, ap_snr, ap_mag_err, dmag, dmag_err, chi2, numfit, prob
\ null, deg, deg, deg, deg, deg, deg, null, deg, deg, null, days, days, dn, dn, pixels, pixels, pixels, pixels, deg, dn, mag, null, mag, mag, mag, null, null, null
\
1, 207.877588263, 37.7481535222, 207.875330587, 37.7438773739, 0.000172739057058, 0.000179367185336, 0.856679685193, 0.000132139362555, 0.000139635889499, 0.489285023133, 58224.3364583, 58224.3368055, 517.888266822, 26.5673391129, 16.4722202399, 0.287684087613, 1.13972428116, 0.0413116215685, 0.0085123876239, 0.415279104486, 0.139082204761, 7.24634472432, 0.14983225972, -0.273576296945, 0.204434746886, 1.24055253736, 0, 0.000000
2, 207.844933056, 37.7390831737, 207.840940819, 37.7423969608, 6.20103697903e-05, 5.65385340851e-05, 0.955104931648, 6.8696472912e-05, 6.77192786474e-05, 0.960747720304, 58224.3364583, 58224.3368055, 584.065657997, 31.6922226398, 16.2729222883, 0.331132832509, 0.449903179385, 0.0420399723712, 0.00918260824676, 0.313996047919, 0.116903414458, 11.9539894974, 0.0908262639007, 0.341247861227, 0.148039922069, 1.20230874629, 0, 0.000000
3, 207.857253469, 37.7403054336, 207.853826248, 37.7411355987, 4.93614286006e-05, 4.97718126533e-05, 0.635439071277, 8.82691151034e-05, 8.62545830523e-05, 0.971101577658, 58224.3364583, 58224.3368055, 387.86435101, 36.9512027452, 10.0785646274, 0.223549746753, 0.501691461247, 0.0323070641814, 0.00848929132793, 0.348386607324, 0.117707855545, 9.30610877734, 0.116669193401, 0.140993288587, 0.165731228035, 0.971399782882, 0, 0.000000
4, 207.839253533, 37.7117577091, 207.832843685, 37.7177651622, 0.000113858453828, 0.00011105193889, 0.955857213789, 0.000111229548964, 0.000108439603937, 0.952914604544, 58224.3364583, 58224.3368055, 796.992737652, 34.2443790808, 27.9499123079, 0.652199353322, 0.79425673801, 0.0639119083619, 0.008130717041, 0.138309407645, 0.0958658655592, 14.1395557048, 0.0767871514088, 0.730590419524, 0.122827239653, 1.12494348896, 6, 0.000000
5, 207.891456173, 37.7089441608, 207.891133427, 37.7141677402, 3.70922772019e-05, 3.91955686119e-05, 0.147589864886, 3.79975670845e-05, 3.88152398347e-05, 0.311825185626, 58224.3364583, 58224.3368055, 858.514788409, 31.6262112411, 18.5910685072, 0.247362840408, 0.266895934046, 0.0199687512724, 0.0116189475043, 0.312612950174, 0.311959575721, 9.91970246727, 0.109452497022, -0.424469096314, 0.330603427067, 1.29664830638, 4, 0.000000
6, 207.883366801, 37.7131001367, 207.878392512, 37.7050147501, 7.1303507784e-05, 7.5521462921e-05, 0.395847848367, 0.0001205075868, 0.000126308399969, 0.942511457048, 58224.3364583, 58224.3368055, 1210.48927207, 36.4242159199, 31.965428438, 0.370546139893, 0.730570029605, 0.0341986511194, 0.00401987018225, 0.291762516315, 0.093156243973, 7.65263223108, 0.141877483717, -0.530809664669, 0.16972715215, 1.2847003416, 0, 0.000000
7, 207.851654076, 37.6991693081, 207.843778331, 37.7022018844, 0.000134054631479, 0.000127851737959, 0.778418083382, 0.000134799803181, 0.000128335771847, 0.781391763608, 58224.3364583, 58224.3368055, 1360.31177484, 29.4120330037, 24.6409579127, 0.64114280432, 0.938243372153, 0.0819102129202, 0.0117864924586, 0.35755438048, 0.124963488474, 18.1027981758, 0.0599761536428, 0.448922259465, 0.138611011314, 1.25588873453, 1, 0.000000
