\
\ strid, ra1, dec1, ra2, dec2, ra1_err, dec1_err, corr1, ra2_err, dec2_err, corr2, start_mjd, end_mjd, flux, bg, length, sigma, length_err, sigma_err, pa_err, bg_err, fit_mag_err, ap_snr, ap_mag_err, dmag, dmag_err, chi2, numfit, prob
\ null, deg, deg, deg, deg, deg, deg, null, deg, deg, null, days, days, dn, dn, pixels, pixels, pixels, pixels, deg, dn, mag, null, mag, mag, mag, null, null, null
\
1, 79.5980764422, 44.3553413985, 79.5936429501, 44.3581721772, 0.000689640755526, 0.000654989026827, 0.928317368845, 0.000689611424584, 0.000654968546283, 0.928312569709, 58068.4593056, 58068.4596528, 625.109216713, -0.067714545725, 15.110216951, 0.969193187189, 4.85445814299, 0.6323974409, 0.157756493225, 1.26531424847, 0.676424873897, 21.0565403407, 0.0515628962399, -0.467171042626, 0.678387309945, 33.0730777244, 0, 0.000000
2, 79.6573791545, 44.31826869, 79.6508440815, 44.3163494152, 0.000877312548639, 0.000825832169021, 0.613875391445, 0.000877418270782, 0.000825975285923, 0.614148609448, 58068.4593056, 58068.4596528, 446.238261939, 0.739963610091, 17.9749367546, 1.29879852859, 6.18720171642, 0.876984046334, 0.179509809071, 1.04798755042, 0.751291328016, 16.0747938466, 0.0675427762944, 0.0620378955646, 0.754321341459, 7.97346149209, 2, 0.000000
3, 79.4705861847, 44.2992032152, 79.4666260751, 44.3016647039, 0.000573588883242, 0.000543369789494, 0.92598095968, 0.000573797863517, 0.000543595701914, 0.926044702178, 58068.4593056, 58068.4596528, 516.687356998, -0.733684904751, 13.3481299518, 0.867134824986, 4.0343632291, 0.526656345609, 0.149376496157, 1.1641233903, 0.628458565253, 39.597388416, 0.027419389212, -0.37194686648, 0.629056429222, 31.6704759978, 2, 0.001000
4, 79.7014516207, 44.2715980579, 79.6981107189, 44.2742342082, 0.000465180569127, 0.000458625237833, 0.871936203425, 0.000465180567074, 0.000458625235539, 0.871936202223, 58068.4593056, 58068.4596528, 1975.17598015, -0.731098467002, 12.6557970127, 1.42956344949, 3.40079654371, 0.569780086897, 0.181797097547, 2.75054232613, 0.445930330709, 50.3912739836, 0.021546115407, -0.0116802707343, 0.446450551501, 11.6694053734, 0, 0.133000
5, 80.5450757418, 44.2602238577, 80.5361462463, 44.2622153018, 0.000615441906803, 0.000537894962966, 0.546568370402, 0.00061428225418, 0.000536659375094, 0.541570826902, 58068.4593056, 58068.4596528, 1352.30826972, -2.16481294637, 23.8115421452, 1.90765522816, 4.20292864623, 0.620548388865, 0.0973450217037, 0.770683971081, 0.363869414807, 43.530352476, 0.0249420494666, 0.0053610912261, 0.364723260656, 7.54909863367, 0, 0.000000
6, 79.7683975663, 44.2482789896, 79.7638274061, 44.2468210457, 0.000310655550433, 0.00028925380703, 0.644264292378, 0.000310655601362, 0.000289254096186, 0.644265723509, 58068.4593056, 58068.4596528, 943.503848208, -3.81426339968, 12.744470892, 1.13861032039, 2.18678756781, 0.331396767779, 0.101403954894, 1.06384424671, 0.314414920154, 27.2803250864, 0.0397992399768, -0.0680341420825, 0.316923841827, 9.79739280775, 0, 0.000000
7, 79.95964531, 44.2236027062, 79.955257145, 44.2209834294, 0.000248833976503, 0.000255684114435, 0.919594686454, 0.000250225671718, 0.000257701126736, 0.921447113516, 58068.4593056, 58068.4596528, 436.434281504, -1.59793568081, 14.5525168321, 0.720029684387, 1.81938158173, 0.209426180151, 0.0531703971061, 0.495790374518, 0.295295545358, 8.57549428202, 0.126609168994, -0.69869729895, 0.321293231771, 10.650305368, 1, 0.000000
8, 79.5103372106, 44.1935025168, 79.5061606012, 44.1954445576, 0.000401774674244, 0.00036321546262, 0.835259315986, 0.000401774715942, 0.000363215529344, 0.835259404257, 58068.4593056, 58068.4596528, 760.298434461, -2.41175959366, 12.692286335, 1.29249413863, 2.80503435, 0.449900853918, 0.140789761264, 0.967618411142, 0.38302091368, 26.7385399494, 0.0406056653361, -0.112123251982, 0.385167288816, 9.54727757662, 1, 0.000000
9, 79.4605542738, 44.1813773475, 79.4493087145, 44.1771083766, 0.000378155074479, 0.000381923922565, 0.763882007405, 0.000378195716207, 0.000381961577788, 0.76397102787, 58068.4593056, 58068.4596528, 1296.08272594, 0.115166065966, 32.4623330248, 0.994800822828, 2.71827718329, 0.249003995217, 0.0276594085562, 0.282583490469, 0.246014438901, 44.8442747683, 0.0242112557371, 0.420784583185, 0.247202930913, 27.6869617253, 2, 0.000000
10, 79.7229072961, 44.1756114055, 79.713311046, 44.1702207652, 0.000361600616644, 0.000371404482168, 0.911810499574, 0.000361600653746, 0.000371404516189, 0.911810521112, 58068.4593056, 58068.4596528, 2030.19095735, -1.058489504, 31.0930092507, 1.30268893283, 2.62862075731, 0.279763448965, 0.0329343920605, 0.358751039794, 0.214726538272, 358.797810021, 0.00302603910736, -0.594904951149, 0.21474785948, 35.9679343659, 3, 0.004000
11, 80.5460780025, 44.1806452137, 80.5395023466, 44.1791601547, 0.000523828084419, 0.000468763608741, 0.504955219376, 0.000522021977935, 0.000465997300619, 0.491999079837, 58068.4593056, 58068.4596528, 1306.68787566, -5.05794288569, 17.5768987453, 1.68026904983, 3.63476449166, 0.580476352306, 0.125603112517, 1.29170698499, 0.397404307199, 29.8852146143, 0.0363302127414, 0.0134340645997, 0.399061483656, 10.5875805591, 6, 0.000000
12, 79.716642958, 44.1415016739, 79.7122144363, 44.139001867, 0.000346873464039, 0.000351728171931, 0.888321564247, 0.00034687295613, 0.000351712850868, 0.888303943174, 58068.4593056, 58068.4596528, 544.073261872, -2.81463167891, 14.3808999539, 0.955529941046, 2.52411749023, 0.335251566743, 0.0878606627616, 0.702878714591, 0.367057704705, 9.72407620272, 0.111654431961, -0.643224818575, 0.383664007642, 9.7079729414, 0, 0.000000
13, 80.2943891816, 44.1433784038, 80.2892054719, 44.1443713417, 0.000376155124877, 0.000322186204831, 0.478173628161, 0.000376155144502, 0.000322186215967, 0.478173715434, 58068.4593056, 58068.4596528, 853.309700088, -0.933382545116, 13.6885684378, 1.30316578799, 2.55387814595, 0.393530432945, 0.114789665022, 0.600776053599, 0.320507652086, 18.8634068986, 0.0575578001679, -0.216698669349, 0.325634849803, 15.7044675426, 0, 0.000000
14, 80.5206895789, 44.1349303237, 80.5196014901, 44.1304256324, 8.07422438121e-05, 0.000226194922108, 0.451982397609, 8.07422417726e-05, 0.000226194924654, 0.451982354882, 58068.4593056, 58068.4596528, 34610.4886898, -1.34194063754, 16.2548202728, 7.07145141004, 1.5711653473, 0.213392457999, 0.105071020635, 0.218074072587, 0.0340332390162, 259.501451912, 0.00418393113702, 0.000998522117541, 0.0342894537387, 11.0375677627, 0, 0.014000
15, 79.6306897082, 44.1136937727, 79.6256837148, 44.1112134612, 0.000318475181961, 0.000317725688251, 0.84564553465, 0.000318466638396, 0.000317718587963, 0.845636136788, 58068.4593056, 58068.4596528, 727.987579175, -3.95657504844, 15.53318517, 1.06826679723, 2.29991982346, 0.309719123268, 0.0755811982989, 0.616547465731, 0.303082555199, 5.23814258906, 0.207275038107, -1.24100237192, 0.367181122456, 10.741233028, 0, 0.000000
16, 80.0868225004, 44.1166178943, 80.085176718, 44.1060197128, 0.000192849389699, 0.000206007142026, 0.252095091425, 0.000192849389556, 0.000206007143342, 0.252095084417, 58068.4593056, 58068.4596528, 5600.89679399, -0.289867657875, 37.916509871, 1.38247680608, 1.42894656411, 0.142187182301, 0.0136418225949, 0.311455787148, 0.101766373702, 87.142671204, 0.0124592945082, 0.266002468391, 0.102526234867, 48.0149268165, 0, 0.526000
17, 80.4578457948, 44.1207651654, 80.4528885335, 44.1232665045, 0.000372104397971, 0.0003405501043, 0.860013840572, 0.000372104386317, 0.000340550095877, 0.860013832411, 58068.4593056, 58068.4596528, 834.382958003, -2.99231426769, 15.4654586867, 1.41312952613, 2.60319057182, 0.401317733084, 0.10059595824, 0.705328455629, 0.312325799539, 25.2425234693, 0.0430121895729, 0.00750706440039, 0.315273616894, 5.3042080184, 1, 0.000000
18, 80.1917370727, 44.1118493629, 80.1873110513, 44.1078390578, 0.000194490495481, 0.000227436208235, 0.80691662576, 0.000194490494451, 0.000227436208923, 0.806916624629, 58068.4593056, 58068.4596528, 18299.321169, -0.387077600177, 18.1933896595, 5.4737373441, 1.80474180526, 0.320985042661, 0.107398612032, 0.372161371419, 0.0670188564369, 148.067613736, 0.00733270549422, -0.000994184989683, 0.0674188081174, 8.90080956229, 0, 0.035000
19, 80.0087379226, 44.1025145757, 80.0065423275, 44.098273771, 0.000573747495785, 0.000662265849157, 0.625246457396, 0.000572702233188, 0.000661328781488, 0.622403300912, 58068.4593056, 58068.4596528, 892.884923071, -3.53904192726, 16.0881014061, -1.44072977333, 4.53035314547, 0.710894471825, 0.164976967118, 1.70634147473, 0.570758935478, 34.6957776071, 0.0312930356268, 0.0380256849997, 0.571616144372, 15.4456714865, 5, 0.000000
20, 79.8001912222, 44.0958648917, 79.7954799906, 44.0935592481, 0.000292620655396, 0.000289315531672, 0.833922485998, 0.000292620546354, 0.000289315390853, 0.833922237855, 58068.4593056, 58068.4596528, 735.480024271, -1.49642037715, 14.5620085891, 1.14844599384, 2.11207260214, 0.303612016581, 0.0798849944338, 0.652813468885, 0.282483247855, 46.9096158127, 0.0231452802575, -0.118086853067, 0.283429866664, 6.13651911992, 0, 0.002000
21, 80.1815241059, 44.0979237094, 80.168525787, 44.0956517154, 0.000196872428063, 0.000191441511362, 0.405521654465, 0.000196872648195, 0.000191441692008, 0.405524826487, 58068.4593056, 58068.4596528, 4379.08707779, -1.15244000146, 34.1608310942, 1.20191434541, 1.39025266392, 0.136137414335, 0.0144525415869, 0.373982343826, 0.112179531128, 70.8423857636, 0.0153260818796, -0.522572434462, 0.113221623331, 35.7956246415, 1, 0.115000
22, 79.4238288351, 44.0804862178, 79.4166450274, 44.0733649165, 0.000210875760907, 0.000223776833307, 0.930814032211, 0.000210870789556, 0.000223771578465, 0.930809292015, 58068.4593056, 58068.4596528, 2997.59285963, 5.68692333554, 31.2872347646, 1.077025333, 1.55617841759, 0.150444487461, 0.0174653850162, 0.293766327091, 0.137440603677, 103.913385596, 0.0104484730099, 0.216041814601, 0.137837187026, 18.5581430295, 6, 0.041000
23, 80.0895417049, 44.0811816233, 80.0835690487, 44.0818991017, 0.000321752473559, 0.000281342106364, 0.334232167509, 0.000321752436348, 0.000281342108045, 0.334232213822, 58068.4593056, 58068.4596528, 1021.27731325, -2.31231121554, 15.4675258245, 1.21712842244, 2.19210379994, 0.313011055335, 0.0780169045404, 0.676724282428, 0.271605225626, 54.4413961805, 0.0199432101476, 0.081578524161, 0.272336428371, 8.23372173148, 1, 0.004000
24, 79.6805390299, 44.0666812983, 79.6748489466, 44.0742620185, 0.000326779676954, 0.000327710981928, 0.764828021844, 0.000326779673108, 0.000327710979913, 0.764828010308, 58068.4593056, 58068.4596528, 2383.93286951, -2.00686876841, 30.6255885787, -1.3613997916, 2.34844871695, 0.257390521486, 0.0308578196553, 0.387265438168, 0.189855731635, 14.2614764509, 0.0761307013683, -1.50791363149, 0.204550928929, 28.3324032568, 1, 0.002000
25, 79.7654559475, 44.0754696329, 79.7610400833, 44.0726039024, 0.000333308207292, 0.000343525700026, 0.918543936756, 0.000333256470767, 0.00034346755097, 0.918512551651, 58068.4593056, 58068.4596528, 582.746867022, -1.65157866803, 15.2054589365, 0.977368042263, 2.44362947039, 0.319310539179, 0.0789567366041, 0.628462364459, 0.34043374597, 11.0502199846, 0.0982547140484, -0.887688394158, 0.354329118515, 10.3996597344, 0, 0.000000
26, 79.6488010516, 44.0638364948, 79.6414231811, 44.0678529663, 0.000482174840488, 0.000400944678932, 0.812489408831, 0.000482174845121, 0.00040094468334, 0.812489412887, 58068.4593056, 58068.4596528, 23283.6314428, -1.52196800794, 23.6512642558, 7.60609891219, 3.8474337811, 0.666651454642, 0.177383730832, 0.46827587539, 0.10224987513, 290.877630918, 0.00373262186347, 0.000404509901415, 0.102317981949, 10.2826958887, 1, 0.013000
27, 80.3145383003, 44.074947335, 80.2979972501, 44.0639247159, 0.000207544065853, 0.000212309131776, 0.879349595977, 0.00020754406586, 0.000212309131773, 0.879349595974, 58068.4593056, 58068.4596528, 46211.5516064, -1.76381302457, 57.633692908, 6.29309865419, 1.54251309013, 0.254353981949, 0.0177698858178, 0.308917077995, 0.0447771276222, 303.862056558, 0.00357312201812, -0.000156977543268, 0.0449194652578, 10.0658707014, 0, 0.026000
28, 79.5517768247, 44.059497736, 79.5514542365, 44.0553796475, 0.000277748625596, 0.000310257274074, 0.154490876338, 0.000277759928422, 0.000310309484945, 0.155063605596, 58068.4593056, 58068.4596528, 586.097992877, -3.4970717937, 14.6686955316, 0.970169052212, 2.12639587625, 0.280315570125, 0.0724160287137, 0.498884563745, 0.298686516496, 7.55957637672, 0.143623948043, -0.813913606352, 0.331423405311, 10.1661020626, 0, 0.000000
29, 79.7401687854, 44.0359804459, 79.7365424863, 44.0321694393, 0.000443869534596, 0.00048183265009, 0.873821302391, 0.000443881678801, 0.000481843373219, 0.87383120662, 58068.4593056, 58068.4596528, 790.347236071, -3.30298935858, 16.4228764256, 1.22625655596, 3.36417017018, 0.479983695769, 0.108863621912, 1.14344053163, 0.430849429137, 25.8915907122, 0.0419339320178, -0.032411857019, 0.43288530264, 9.14709665475, 7, 0.000000
30, 80.383066323, 44.0448537118, 80.3784930742, 44.0416821371, 0.000350590994414, 0.000363803846242, 0.917689714668, 0.000350590920701, 0.000363803727288, 0.917689662182, 58068.4593056, 58068.4596528, 1033.1777747, -4.11616403798, 16.2413438845, 1.19129132915, 2.58763773875, 0.359491776307, 0.0842597495293, 0.847678135395, 0.318879395998, 16.5441129544, 0.0656267403246, -0.37074275245, 0.325562495134, 12.0816453502, 0, 0.000000
31, 80.3847213725, 44.0440334444, 80.3817208447, 44.0405244155, 0.000305920843954, 0.000334936987432, 0.83596979834, 0.000305914840597, 0.000334931177598, 0.835959651434, 58068.4593056, 58068.4596528, 819.435738626, -3.77142206801, 14.6454264864, 1.08358209867, 2.32184333277, 0.321449836907, 0.0843447512968, 0.639102103988, 0.309027234682, 7.547785327, 0.143848315462, -1.03515842732, 0.340866791631, 15.9592409097, 0, 0.000000
32, 79.6011846069, 44.0156754256, 79.5890714884, 44.0169592267, 0.000233571678692, 0.000217039365492, 0.325959529983, 0.000233571723403, 0.000217039377224, 0.325959812299, 58068.4593056, 58068.4596528, 3437.82335297, -2.43251680314, 31.3190916633, 1.25813218073, 1.6160450386, 0.168467578344, 0.019666427395, 0.353409205574, 0.133198347536, 70.9019516447, 0.0153132061893, -0.655227833987, 0.134075702758, 40.9822289675, 0, 0.153000
33, 79.6234509133, 44.0134138244, 79.6203212185, 44.0113352494, 2.43491820566e-05, 2.47094066098e-05, 0.861522516926, 2.43491818139e-05, 2.47094063892e-05, 0.861522514317, 58068.4593056, 58068.4596528, 11258.857348, 0.957453036178, 10.8986931795, 1.36607790443, 0.180911733427, 0.030617864648, 0.0120543157736, 0.230933733939, 0.023713244561, 147.802701589, 0.00734584816843, 0.7535506205, 0.0248249763932, 68.194538748, 1, 0.025000
34, 80.2185930962, 44.0293797097, 80.2130399298, 44.0229652167, 0.000423231986137, 0.000458316585927, 0.86082204202, 0.000423051580264, 0.000458144952101, 0.860623517439, 58068.4593056, 58068.4596528, 2070.24048017, -6.97614888189, 26.8670660372, 1.46512974968, 3.18472204199, 0.399190187448, 0.0528861941634, 1.22143696385, 0.29941697368, 34.9724721271, 0.0310454520004, -0.0317354977483, 0.301022165659, 10.3644259833, 0, 0.005000
35, 80.2124484455, 44.0274662678, 80.210979441, 44.0230701432, 0.000361419080322, 0.00040115507704, 0.457966451899, 0.000361471197121, 0.000401260202963, 0.458397811504, 58068.4593056, 58068.4596528, 671.494468245, -5.13316299665, 16.077233852, -0.953908769242, 2.75260503987, 0.346426761664, 0.0805011770753, 0.74123975724, 0.375215276771, 16.1145086815, 0.0673763144887, 0.00390491618668, 0.381216567946, 10.5164904389, 0, 0.000000
