\
\ strid, ra1, dec1, ra2, dec2, ra1_err, dec1_err, corr1, ra2_err, dec2_err, corr2, start_mjd, end_mjd, flux, bg, length, sigma, length_err, sigma_err, pa_err, bg_err, fit_mag_err, ap_snr, ap_mag_err, dmag, dmag_err, chi2, numfit, prob
\ null, deg, deg, deg, deg, deg, deg, null, deg, deg, null, days, days, dn, dn, pixels, pixels, pixels, pixels, deg, dn, mag, null, mag, mag, mag, null, null, null
\
1, 229.20480404, 46.7613638523, 229.203291209, 46.7642581425, 0.00010749366406, 0.000124256272136, 0.739312191069, 9.9696954041e-05, 0.000111186614096, 0.638885033497, 58230.2688542, 58230.2692014, 398.136568366, 14.9440446704, 10.9283570472, 0.490674007033, 0.800579093325, 0.0777795762282, 0.025353302276, 0.358021412116, 0.155382803505, 10.0091318602, 0.108474563021, 0.287209710135, 0.189500782182, 1.25178706892, 0, 0.000000
2, 228.352225621, 46.7724585754, 228.346019992, 46.7744661443, 0.000261131204156, 0.000273287025144, 0.66286599706, 0.000264118693912, 0.000276983889273, 0.680603566224, 58230.2688542, 58230.2692014, 305.700429571, 25.0075592394, 16.7037027645, 0.594532601826, 1.92743703122, 0.188930930115, 0.0400994014231, 0.359866480366, 0.310978594942, 4.07988662526, 0.266119209793, 0.0778732917483, 0.409300770012, 1.37598746392, 6, 0.000000
3, 228.370904699, 46.7707816653, 228.360729579, 46.7651964663, 0.000160528093736, 0.00014167468109, 0.97038231655, 0.000159495817953, 0.000140443534523, 0.969575654182, 58230.2688542, 58230.2692014, 1077.04623645, 22.1006047789, 31.7442505153, 0.669888205534, 1.076948831, 0.0830651395211, 0.00922162735331, 0.250399138468, 0.121765997148, 14.2938958061, 0.0759580326794, 0.374155042326, 0.143515089067, 1.12356539826, 0, 0.000000
4, 228.408196007, 46.7445889394, 228.404910681, 46.746519564, 0.00023402841376, 0.00024620675084, 0.841470437586, 0.000234028426225, 0.000246206762902, 0.841470454815, 58230.2688542, 58230.2692014, 838.972187077, 20.3539272203, 10.5400670979, 1.32054147981, 1.77574255668, 0.305702483118, 0.121676515104, 0.698380977967, 0.255360867582, 9.25086717594, 0.117365884096, 0.260017331217, 0.281040786082, 1.26034290804, 0, 0.000000
5, 228.430799095, 46.7404307789, 228.421828124, 46.7441163249, 0.000213394811392, 0.000226721838195, 0.784512078609, 0.000213394444365, 0.000226721560811, 0.784511268527, 58230.2688542, 58230.2692014, 1086.00580502, 17.7839752601, 25.4734980036, 1.11492599836, 1.57986336355, 0.172115129137, 0.0247399401759, 0.229082598698, 0.155415987268, 9.30673520035, 0.116661340565, 0.0366625295932, 0.194329610407, 1.22244611676, 0, 0.000000
6, 229.376491129, 46.7021027581, 229.370583498, 46.6999704554, 8.14723086122e-05, 7.1863380723e-05, 0.974142627823, 3.45759063272e-05, 3.37192969439e-05, 0.40398230172, 58230.2688542, 58230.2692014, 317.404498267, 23.7184192055, 16.2769198054, 0.247754734053, 0.422748314809, 0.021229553785, 0.00485215437971, 0.130542518966, 0.0828860017148, 4.84787387008, 0.223961314559, -0.369384458382, 0.238806950693, 1.02611102505, 0, 0.000000
7, 229.401190368, 46.6990647933, 229.39585879, 46.6933471816, 0.000212784896389, 0.000188805702373, 0.916153175207, 0.000150479546, 0.000141465404172, 0.656402651971, 58230.2688542, 58230.2692014, 608.031998436, 19.506674346, 24.1300780146, 0.345314370286, 1.26158060682, 0.0635583609124, 0.00894631683941, 0.422127117101, 0.172912466154, 10.7236719774, 0.101246681832, 0.117780563017, 0.200373679742, 1.19298634259, 4, 0.000000
8, 228.438739836, 46.7334619599, 228.43266542, 46.7367988873, 0.000381836511219, 0.000415417816078, 0.889223872369, 0.000381833081797, 0.000415413221776, 0.889220186814, 58230.2688542, 58230.2692014, 564.075802618, 17.8475528873, 18.9623682837, 1.02539914482, 2.87232203205, 0.347302163102, 0.0676870044777, 0.487953069231, 0.349409856482, 8.41278406622, 0.129057895248, 0.466220397633, 0.37248246688, 1.16554449337, 2, 0.000000
9, 229.353681394, 46.6953517922, 229.349024464, 46.6966054385, 0.000305666522294, 0.000329359858391, 0.535325866825, 0.000313881942805, 0.000340710529779, 0.60494171704, 58230.2688542, 58230.2692014, 264.170057802, 25.5897476908, 12.198740266, 0.194188158301, 2.28556441956, 0.0232130844501, 0.00660484794003, 0.259752460493, 0.216549504146, 8.58643334378, 0.126447869713, 0.274127248819, 0.250764334587, 1.40663237393, 2, 0.000000
