\
\ strid, ra1, dec1, ra2, dec2, ra1_err, dec1_err, corr1, ra2_err, dec2_err, corr2, start_mjd, end_mjd, flux, bg, length, sigma, length_err, sigma_err, pa_err, bg_err, fit_mag_err, ap_snr, ap_mag_err, dmag, dmag_err, chi2, numfit, prob
\ null, deg, deg, deg, deg, deg, deg, null, deg, deg, null, days, days, dn, dn, pixels, pixels, pixels, pixels, deg, dn, mag, null, mag, mag, mag, null, null, null
\
1, 163.136438583, 29.214085049, 163.133972079, 29.2272170968, 5.79392236233e-05, 6.94204396123e-05, 0.250683203242, 5.79392232936e-05, 6.94204392044e-05, 0.250683175698, 58158.3829398, 58158.383287, 18293.1586339, -0.768536403453, 47.3107585156, 5.63870079238, 0.470926858332, 0.0790058837405, 0.00699251635784, 0.0367120119232, 0.0151054420898, 198.951641394, 0.00545728699272, -0.154631140383, 0.0160610199567, 2.03902706738, 0, 0.007000
2, 163.13889357, 29.175928251, 163.135243182, 29.1682793744, 7.91779604245e-05, 8.42771298191e-05, 0.71975855187, 7.91569349645e-05, 8.42669347367e-05, 0.719386991093, 58158.3829398, 58158.383287, 920.807355563, -0.502420171859, 29.4645121651, 0.844688151786, 0.585004338167, 0.05230254227, 0.006328771412, 0.10425056989, 0.0618010089255, 39.9216859661, 0.0271966521073, 0.26707537959, 0.0675205345807, 1.57007460246, 0, 0.000000
3, 163.140838186, 29.154966348, 163.135718405, 29.1607730158, 0.00016201179332, 0.000161653270992, 0.80095975668, 0.000279577364306, 0.000266162421008, 0.967114979413, 58158.3829398, 58158.383287, 817.422341879, 1.3307996664, 26.0520373019, 1.25058583972, 1.61903132639, 0.134215641393, 0.0188832927327, 0.20046645919, 0.121560349051, 21.0136445756, 0.0516681530827, 0.0928135114537, 0.132085262252, 1.15859651363, 2, 0.000000
4, 163.139531073, 29.1461358902, 163.129773391, 29.1575042811, 0.00043795697728, 0.000457069804939, 0.408303638316, 0.00226889768918, 0.00216605581747, 0.999211359389, 58158.3829398, 58158.383287, 1941.50736547, -0.450746158751, 50.5068512679, 1.33026111903, 11.4096714729, 0.0743565355825, 0.00547723849997, 0.134449457853, 0.245948438848, 46.0811357889, 0.0235614028641, -0.279268972979, 0.247074430642, 0.963231215443, 1, 0.005000
5, 163.163137771, 29.1431977493, 163.15872408, 29.1513045665, 6.08738345038e-05, 6.05904374535e-05, 0.721148465224, 6.08929708958e-05, 6.0606730591e-05, 0.721521421605, 58158.3829398, 58158.383287, 1060.10464704, -0.333776262339, 31.9120369815, 0.886507467548, 0.434364409161, 0.0381611395033, 0.00426656320759, 0.0682495468321, 0.0427690968199, 38.0913234689, 0.0285035043648, 0.10442375104, 0.0513969396352, 1.2750456563, 0, 0.002000
6, 163.144441214, 29.1407259397, 163.136294777, 29.1507416978, 0.000887589781962, 0.000845026795124, 0.996921683844, 0.000216554181025, 0.000227215123403, 0.206781253184, 58158.3829398, 58158.383287, 1692.15157245, -0.656399796463, 43.6743977266, 1.60870453909, 4.51899937572, 0.109193200888, 0.00910931051867, 0.151302494856, 0.126720560597, 52.0302894153, 0.0208673873807, -0.234122169767, 0.128427210256, 1.05173396911, 1, 0.005000
7, 163.152072098, 29.1288694441, 163.144953201, 29.1423016427, 0.0001028847217, 0.000103767331702, 0.588030368145, 0.000121371204975, 0.000119600943452, 0.798479965399, 58158.3829398, 58158.383287, 2346.69933439, -0.492777273912, 52.6203045003, 1.58433313195, 0.804612464836, 0.0658434249756, 0.00445291750361, 0.0602548561962, 0.0423012384661, 60.9284310264, 0.0178198615403, -0.0566548545931, 0.0459014405121, 1.30961959981, 0, 0.129000
8, 163.147129821, 29.1314024118, 163.142752956, 29.1390268027, 0.000184289869575, 0.000199516453773, 0.0710209183189, 0.000389272360779, 0.000374189455513, 0.9621989456, 58158.3829398, 58158.383287, 1570.45225562, 0.1187643687, 30.3213176277, 1.68729802819, 2.18082271708, 0.130835745945, 0.0161112451215, 0.196902041011, 0.104100983963, 37.450323851, 0.0289913702503, -0.0391016998987, 0.108062548605, 1.078193416, 0, 0.002000
9, 163.161083831, 29.1147741366, 163.155845051, 29.1291557029, 0.000509217268716, 0.000489701293415, 0.969614360963, 0.000285849158648, 0.000302881205837, 0.719061140299, 58158.3829398, 58158.383287, 2268.96992101, -0.188199248928, 53.6549367258, 1.45522830381, 2.93352344153, 0.0647984885931, 0.00432726571483, 0.0883943580989, 0.0700611821713, 46.684026719, 0.02325712414, -0.204430347215, 0.0738204786662, 1.0796399102, 1, 0.031000
10, 163.15927302, 29.1078565438, 163.155476081, 29.1180780024, 0.000211862125732, 0.000205534131296, 0.875112527538, 0.000142674978574, 0.000147884475724, 0.150904926627, 58158.3829398, 58158.383287, 699.895447622, 1.68065552482, 38.2046157758, 0.780883423053, 1.28690390659, 0.0592312680829, 0.0054519439598, 0.0841405045104, 0.0789758675398, 21.3216143474, 0.0509218573729, 0.317024203874, 0.0939692673802, 1.13979330659, 0, 0.000000
11, 163.167595496, 29.1011930561, 163.1626092, 29.1150093849, 0.000103447196441, 0.000105036885483, 0.518976473963, 0.000103218188403, 0.00010485421801, 0.513506191359, 58158.3829398, 58158.383287, 1960.81525542, 0.935048693686, 51.5033387733, 1.55860910926, 0.7452345779, 0.0682760853896, 0.00473433815268, 0.0482460049568, 0.0437676663162, 41.6931412596, 0.0260411226393, 0.378417622762, 0.0509288590396, 1.32724676729, 0, 0.015000
12, 163.220006813, 29.0797420646, 163.211259936, 29.0745216501, 5.29818120194e-05, 5.38206242446e-05, 0.873492485442, 5.29818129341e-05, 5.38206258734e-05, 0.873492500633, 58158.3829398, 58158.383287, 1807.42157664, 0.512797420152, 32.9165183159, 1.28598675172, 0.382989902554, 0.0395762449392, 0.00436744736125, 0.0523385299353, 0.0308621372944, 40.2368415472, 0.0269836339784, 0.1511496359, 0.0409949755588, 0.911818319116, 0, 0.000000
13, 163.245044682, 29.0734285533, 163.226356846, 29.0604749883, 4.86856633918e-05, 4.97946987406e-05, 0.912341422792, 4.86856633637e-05, 4.97946986851e-05, 0.912341422448, 58158.3829398, 58158.383287, 14856.5221104, 0.499483629731, 74.1311518567, 3.44506339774, 0.353677186499, 0.0394458570428, 0.00196690533782, 0.0189926592729, 0.0114470496404, 135.719672442, 0.00799984398149, 0.406879358742, 0.0139654018631, 2.82127756199, 0, 0.000000
