\
\ strid, ra1, dec1, ra2, dec2, ra1_err, dec1_err, corr1, ra2_err, dec2_err, corr2, start_mjd, end_mjd, flux, bg, length, sigma, length_err, sigma_err, pa_err, bg_err, fit_mag_err, ap_snr, ap_mag_err, dmag, dmag_err, chi2, numfit, prob
\ null, deg, deg, deg, deg, deg, deg, null, deg, deg, null, days, days, dn, dn, pixels, pixels, pixels, pixels, deg, dn, mag, null, mag, mag, mag, null, null, null
\
1, 190.163671971, 24.0833361333, 190.1493056, 24.0756156324, 0.000132478105509, 0.000126133613983, 0.843688846856, 0.00013247810532, 0.000126133613765, 0.843688845847, 58105.5060532, 58105.5064004, 3091.62936071, 0.0254474382554, 54.1420414567, 2.33724021578, 0.928652661748, 0.101109122155, 0.00678641007592, 0.05180409446, 0.0440629674586, 60.3818756193, 0.0179811606318, 0.20586416684, 0.0475906213336, 1.28003926621, 0, 0.041000
2, 190.140282774, 24.0764998074, 190.126580203, 24.068848856, 4.50801420661e-05, 4.35075213079e-05, 0.874915296371, 4.50801414662e-05, 4.35075207441e-05, 0.874915290506, 58105.5060532, 58105.5064004, 3731.03163553, 0.0939898531637, 52.1669636382, 1.3432489255, 0.316641143729, 0.0267866750177, 0.00182939486109, 0.0402097862493, 0.0196675366324, 65.8422394463, 0.0164899647079, 0.201810833791, 0.0256657540948, 1.32122188125, 0, 0.260000
3, 190.2087795, 23.9570533365, 190.202920821, 23.985842978, 3.14402757195e-05, 3.23565254778e-05, 0.375267343407, 3.14402756139e-05, 3.2356525357e-05, 0.375267327933, 58105.5060532, 58105.5064004, 7408.93612968, -0.284656609784, 104.117291858, 1.57299297224, 0.227416986417, 0.0147533521291, 0.000500021118456, 0.00955165083138, 0.00903040308837, 97.6839833668, 0.0111147822533, 0.135104035086, 0.0143208437069, 1.45917245735, 0, 0.023000
4, 190.216935883, 23.9548385892, 190.215071205, 23.9654594134, 5.05419509629e-05, 5.50763267799e-05, 0.315214088629, 5.05419507393e-05, 5.50763264849e-05, 0.31521406572, 58105.5060532, 58105.5064004, 4552.41542434, -0.304676731224, 38.245722533, 2.08724340017, 0.380223494808, 0.0456742756623, 0.00447310792174, 0.0359375891265, 0.0220601646125, 34.0555952972, 0.0318812869158, -2.34823916693, 0.0387694121459, 1.83493652923, 0, 0.000000
5, 190.219896258, 23.9293893324, 190.215263646, 23.9432379425, 2.52683720194e-05, 2.82473142538e-05, 0.531328911623, 2.5268371714e-05, 2.82473139188e-05, 0.531328885117, 58105.5060532, 58105.5064004, 21866.7818487, 0.557304126021, 51.4829396748, 4.02212055349, 0.19405125125, 0.0272849166924, 0.00207302756529, 0.0158534213248, 0.0069546444765, 157.128840894, 0.00690984671293, 0.28367622229, 0.00980372691331, 2.48129765248, 0, 0.003000
6, 190.20877103, 23.9361891278, 190.207373672, 23.9421561262, 9.4433570231e-05, 0.000100955337465, 0.433037590075, 9.33593553727e-05, 9.9903286302e-05, 0.390037505586, 58105.5060532, 58105.5064004, 810.10606873, 0.633419994997, 21.6949045264, 0.893265260401, 0.698193339658, 0.0743260987447, 0.0122305846362, 0.231576830257, 0.0869293782763, 25.2945640299, 0.0429236971024, 0.0418937443731, 0.0969492680759, 1.01287283685, 0, 0.000000
7, 190.198501395, 23.80579559, 190.188003134, 23.8058868147, 0.000773725509772, 0.000454087612259, 0.550912228147, 0.000757840561491, 0.000460853984798, 0.573591113718, 58105.5060532, 58105.5064004, 5233.88429976, -0.933635237223, 34.1539806157, 7.42668874282, 5.34272679544, 1.02781929676, 0.086340902037, 0.750161519441, 0.308674468103, 68.1271454914, 0.0159369102716, -0.424719412972, 0.309085606859, 1.11843590127, 0, 0.019000
