\
\ strid, ra1, dec1, ra2, dec2, ra1_err, dec1_err, corr1, ra2_err, dec2_err, corr2, start_mjd, end_mjd, flux, bg, length, sigma, length_err, sigma_err, pa_err, bg_err, fit_mag_err, ap_snr, ap_mag_err, dmag, dmag_err, chi2, numfit, prob
\ null, deg, deg, deg, deg, deg, deg, null, deg, deg, null, days, days, dn, dn, pixels, pixels, pixels, pixels, deg, dn, mag, null, mag, mag, mag, null, null, null
\
1, 207.236501661, 9.74302335936, 207.231593469, 9.74112821795, 0.000128580403057, 0.000123339803085, 0.614816807966, 0.000134644662917, 0.000129770247783, 0.695255248551, 58232.2300463, 58232.2303935, 1610.94090844, 66.2379846788, 18.4781271198, 0.598321243675, 0.924634479949, 0.0851308274953, 0.0169663963482, 0.655605336533, 0.141745575799, 5.22737407723, 0.207702029493, -0.891129747306, 0.251459621637, 1.11910839344, 0, 0.000000
2, 207.247325495, 9.70599662223, 207.245626755, 9.70166478376, 0.000107360592074, 0.000106166098459, 0.650240767023, 0.000110964992157, 0.000114614507097, 0.69100238906, 58232.2300463, 58232.2303935, 1062.29202363, 78.059169485, 16.5166468748, 0.354587703922, 0.776634213184, 0.0503042433042, 0.0110540400019, 0.667446528413, 0.134985631066, 6.70849888114, 0.161844881246, -0.454941692366, 0.210748395438, 1.25718747974, 0, 0.000000
3, 207.25942816, 9.69724384841, 207.2585487, 9.70222663096, 0.000150175102609, 0.000159887730173, 0.233569441203, 0.000155713395076, 0.000166126365839, 0.412732427128, 58232.2300463, 58232.2303935, 1382.00982784, 48.661182383, 17.9907023831, 0.486290379051, 1.1444730663, 0.0993751934011, 0.0202565268586, 1.29372129215, 0.203259180026, 8.82555375136, 0.123021878892, -0.435259518998, 0.237589303107, 1.32093610184, 3, 0.000000
4, 207.244175904, 9.68838515809, 207.240554842, 9.68469466275, 0.000123868351048, 0.000123903740535, 0.954216556508, 0.000124283368073, 0.000124446144773, 0.954540904577, 58232.2300463, 58232.2303935, 1687.17666373, 65.2455229459, 18.2576971276, 0.733423410767, 0.88956247787, 0.0932221973705, 0.0186716024672, 0.458395925435, 0.126203593543, 5.8828456584, 0.184559695733, -0.696252353425, 0.223583604748, 1.04760062855, 0, 0.000000
5, 207.230643348, 9.67510185402, 207.229680071, 9.67916282117, 0.000351025855384, 0.000396354168653, 0.406257140787, 0.000351025829027, 0.000396354373925, 0.406256811555, 58232.2300463, 58232.2303935, 1973.40489545, 67.3645844679, 14.8353093658, 1.23331407617, 2.72025714523, 0.398430369817, 0.104148945427, 1.77363372957, 0.343782755205, 8.20842128152, 0.132271013819, -0.155418109512, 0.368350653417, 1.21010394944, 1, 0.000000
6, 207.227754562, 9.67372842051, 207.224278581, 9.67316615116, 4.18837596585e-05, 3.93082713914e-05, 0.108077866562, 4.41483691141e-05, 4.47471674859e-05, 0.630134012621, 58232.2300463, 58232.2303935, 1115.00170528, 60.9067156837, 12.3501734649, 0.350356038012, 0.30125944079, 0.0275957802811, 0.0090453274666, 0.37846807073, 0.077111682141, 18.767369091, 0.0578523393181, 0.440529897212, 0.0964007504493, 1.10908807091, 0, 0.000000
