\
\ strid, ra1, dec1, ra2, dec2, ra1_err, dec1_err, corr1, ra2_err, dec2_err, corr2, start_mjd, end_mjd, flux, bg, length, sigma, length_err, sigma_err, pa_err, bg_err, fit_mag_err, ap_snr, ap_mag_err, dmag, dmag_err, chi2, numfit, prob
\ null, deg, deg, deg, deg, deg, deg, null, deg, deg, null, days, days, dn, dn, pixels, pixels, pixels, pixels, deg, dn, mag, null, mag, mag, mag, null, null, null
\
1, 163.208581392, 29.8414881069, 163.207504896, 29.8441409548, 0.00073131065535, 0.000700349626374, 0.996122292653, 0.000362377595485, 0.00037044869974, 0.948376548533, 58158.3596875, 58158.3600347, 571.153058343, -0.905410790784, 10.0002281076, 0.236104097635, 4.02865911625, 0.0271463049494, 0.0126827047193, 0.687619290979, 0.423214811571, 21.961412315, 0.0494383598461, -0.318579422235, 0.426092628612, 6.85599746667, 2, 0.000000
2, 162.962633199, 29.3071933728, 162.956365719, 29.308956332, 0.000120107774287, 0.000109518013432, 0.587998298204, 0.000120106871888, 0.000109517201148, 0.587983660927, 58158.3596875, 58158.3600347, 515.211593867, 1.04841241164, 20.4143469986, 1.09723945832, 0.827237863239, 0.0993350944852, 0.0180651451798, 0.089014993447, 0.0925098432478, 19.093275386, 0.0568648481107, 0.364117939808, 0.108589511687, 1.25367960125, 0, 0.000000
3, 162.926329524, 29.3077282401, 162.919729615, 29.3055156703, 4.72715647984e-05, 4.52947537592e-05, 0.592559829358, 4.72715663044e-05, 4.52947518703e-05, 0.592559742787, 58158.3596875, 58158.3600347, 1345.12837637, 0.762754783511, 21.9235701151, 1.27314192492, 0.333548078034, 0.0413074798898, 0.0070797774738, 0.0534645665011, 0.0329870257738, 31.4192503448, 0.0345564007048, 0.0802476302009, 0.0477733052977, 1.2939621642, 0, 0.000000
4, 163.140015824, 29.1738297768, 163.136413199, 29.1682149946, 0.000113313875329, 0.000125991206962, 0.797044446496, 0.000113313236567, 0.000125990656762, 0.797040676528, 58158.3596875, 58158.3600347, 1527.4982168, -1.76174715201, 22.8852108321, 1.97246128292, 0.874256594795, 0.132697365304, 0.0220241312288, 0.168737530409, 0.0749397404094, 64.0492469622, 0.0169515842302, -0.00784774275568, 0.0768330716589, 1.0350203011, 0, 0.022000
5, 163.130037073, 29.1565567837, 163.119188717, 29.1671963763, 6.16122083103e-05, 5.96900954609e-05, 0.9377173281, 6.16122081836e-05, 5.96900953529e-05, 0.937717327777, 58158.3596875, 58158.3600347, 3944.51396581, 0.273563096806, 50.641066616, 2.25617482256, 0.43532797311, 0.0476723190553, 0.00346395302836, 0.0232672201174, 0.0211433294496, 58.5687694653, 0.018537801198, 0.0597580853433, 0.0281192185786, 1.40790094999, 0, 0.010000
6, 163.148492644, 29.1417806183, 163.146445678, 29.1451654799, 9.87159237766e-05, 0.00010422076656, 0.725730668099, 9.87159518818e-05, 0.00010422076871, 0.725730970667, 58158.3596875, 58158.3600347, 615.72309017, 0.0958517598183, 13.6082780102, 1.20723204644, 0.73943027288, 0.111672368435, 0.0319898763686, 0.192277754639, 0.0997208091508, 21.508035037, 0.0504804926573, -0.195209329143, 0.111769941919, 1.14959543271, 0, 0.000000
7, 163.146027135, 29.1384893306, 163.139996023, 29.1461584654, 0.00125973952384, 0.00119396232252, 0.995974600704, 0.000317478337946, 0.000343059354889, 0.325041012678, 58158.3596875, 58158.3600347, 1418.29878659, -0.209112841614, 33.0742438833, 1.99860232624, 6.43744830738, 0.201752202331, 0.0237533021888, 0.219434352214, 0.224293518443, 39.0101686365, 0.0278321330747, -0.11517063333, 0.226013738624, 1.15943861949, 0, 0.000000
8, 163.153554367, 29.1307235032, 163.150137316, 29.1371371472, 0.000160302413898, 0.00017319947944, 0.192082668171, 0.000267766238118, 0.000261677345726, 0.911825720342, 58158.3596875, 58158.3600347, 1045.1882176, 0.146452500075, 25.1483980915, 1.48572314871, 1.60524075818, 0.135370839406, 0.0195020767565, 0.24340377123, 0.112389126715, 29.9923090716, 0.0362004873371, -0.0643934439946, 0.118075361898, 1.0027464194, 3, 0.001000
9, 163.148432792, 29.1303610977, 163.145107767, 29.1364738957, 0.000180131531729, 0.000197268645923, 0.538813987474, 0.000223380351962, 0.000229892848126, 0.796234120766, 58158.3596875, 58158.3600347, 1187.28774483, -0.122508372969, 24.0589293626, 2.07158143959, 1.53329925964, 0.210526688737, 0.0319618557338, 0.254540377442, 0.124396789688, 35.4406569552, 0.030635329535, -0.0334646512113, 0.128113561735, 1.0758563528, 0, 0.002000
10, 163.154330207, 29.1207350791, 163.147721942, 29.133487073, 0.00141158039488, 0.0013630242588, 0.963446335769, 0.000700094369901, 0.000741829913613, 0.207769579484, 58158.3596875, 58158.3600347, 1820.42603277, 0.934353840858, 49.7617500205, 1.85626402014, 7.97262520908, 0.16240816466, 0.012128228008, 0.154319805113, 0.18548836713, 30.9525482896, 0.0350774415922, -0.0710461321079, 0.188775955167, 1.19758979695, 0, 0.002000
11, 163.161309492, 29.1125003818, 163.15544679, 29.1284586277, 5.64477911441e-05, 5.68092744521e-05, 0.527645876203, 5.64477909003e-05, 5.68092742448e-05, 0.527645865785, 58158.3596875, 58158.3600347, 2648.83980145, 0.578614022976, 59.5834444833, 1.44102630812, 0.404555915727, 0.0330992614246, 0.00198123602533, 0.0217540236264, 0.0224673607347, 37.0354116208, 0.0293161641046, -0.239269921773, 0.0369353458924, 1.45090226675, 2, 0.022000
12, 163.17399601, 29.122434754, 163.168109267, 29.1299349758, 0.000164878286038, 0.000163448668675, 0.865803135937, 0.00016591576836, 0.000164329515209, 0.868605554757, 58158.3596875, 58158.3600347, 1010.07514511, 0.0583020362762, 32.3273214888, 1.52923748233, 1.18466629961, 0.136392750159, 0.0151496227832, 0.12652199661, 0.0942038762783, 31.6376483637, 0.0343178542311, 0.0578023540656, 0.100260088893, 1.21471083082, 2, 0.000000
13, 163.173102853, 29.1127159997, 163.171499443, 29.1174603412, 0.000112554560149, 0.000119863324569, 0.472541079519, 0.000112553453233, 0.000119861631056, 0.472516534125, 58158.3596875, 58158.3600347, 549.526736275, 1.2099104593, 17.5866154969, 1.0702762173, 0.839492604151, 0.107930886466, 0.0227237009875, 0.177251341827, 0.106493494587, 16.4327625143, 0.0660714352691, 0.036612157247, 0.125324773879, 1.13640931277, 0, 0.000000
14, 163.163496816, 29.1057529246, 163.160384517, 29.1133381844, 0.00010141379129, 0.000103974305658, 0.571288242916, 0.000101413724138, 0.000103974263085, 0.571286894679, 58158.3596875, 58158.3600347, 1117.41347996, 1.68889436378, 28.6466013541, 1.18751782775, 0.736739071239, 0.0782742991587, 0.00996556782189, 0.0855068031345, 0.0662433799842, 23.2659730504, 0.0466662710563, 0.102716426748, 0.0810304032202, 1.25476345859, 0, 0.001000
15, 163.236998081, 29.079091711, 163.212377334, 29.0620141469, 5.73316710219e-05, 5.88091027866e-05, 0.918894455026, 5.733167101e-05, 5.88091027499e-05, 0.918894454822, 58158.3596875, 58158.3600347, 19276.1876549, 0.320341924268, 97.6887523939, 3.93546571753, 0.416496357672, 0.043463419463, 0.00162763902671, 0.016314846881, 0.0109799165591, 179.675576749, 0.00604275897928, 0.660041499976, 0.0125328968609, 3.15565704876, 0, 0.003000
16, 163.221892015, 29.0784051528, 163.20840885, 29.0713040791, 5.54924891284e-05, 5.64486788992e-05, 0.83440670679, 5.54924889355e-05, 5.64486784192e-05, 0.834406700339, 58158.3596875, 58158.3600347, 2262.60011765, 0.423295109629, 48.9222646963, 1.34477564196, 0.4003233299, 0.0349448179831, 0.00255192292298, 0.0335663900714, 0.0256697356114, 34.4789747573, 0.0314898053786, -0.32623670065, 0.0406268774229, 0.825203140317, 0, 0.008000
17, 163.245279872, 29.0723403218, 163.226127313, 29.0589488305, 4.75633568075e-05, 4.87071260541e-05, 0.915960470875, 4.7563356807e-05, 4.87071260288e-05, 0.915960470686, 58158.3596875, 58158.3600347, 15590.640494, 0.534556784865, 76.2316338618, 3.43634999036, 0.345632054324, 0.0380150192486, 0.00183859349929, 0.019214408556, 0.0110501885922, 132.258262326, 0.00820921268484, 0.316285999246, 0.0137658214731, 2.60305061934, 0, 0.000000
