\
\ strid, ra1, dec1, ra2, dec2, ra1_err, dec1_err, corr1, ra2_err, dec2_err, corr2, start_mjd, end_mjd, flux, bg, length, sigma, length_err, sigma_err, pa_err, bg_err, fit_mag_err, ap_snr, ap_mag_err, dmag, dmag_err, chi2, numfit, prob
\ null, deg, deg, deg, deg, deg, deg, null, deg, deg, null, days, days, dn, dn, pixels, pixels, pixels, pixels, deg, dn, mag, null, mag, mag, mag, null, null, null
\
1, 204.519704437, 39.1757806102, 204.514513037, 39.173875427, 8.55160371392e-05, 7.48426330944e-05, 0.905484349565, 5.82592361901e-05, 5.30551412268e-05, 0.613402486156, 58232.2123495, 58232.2126967, 1731.32757303, 93.334213673, 15.836748802, 0.382862634416, 0.495101550033, 0.0424962291369, 0.00956976603562, 0.853498143811, 0.106570794333, 18.367161463, 0.0591129014109, 0.285689217052, 0.121867425172, 1.07604930762, 0, 0.000000
2, 204.533811404, 39.174601325, 204.531004781, 39.1716529763, 0.000391297768179, 0.000374402561085, 0.86243781964, 0.000391279919431, 0.000374439064405, 0.862398814658, 58232.2123495, 58232.2126967, 1184.77346682, 83.0196700606, 13.0300246498, 0.842064634683, 2.76518207978, 0.360447157197, 0.104528649194, 2.07595946363, 0.443761159673, 8.44508979125, 0.128564199031, 0.216769561011, 0.462009437249, 1.32450503321, 1, 0.001000
3, 204.498486732, 39.1635635667, 204.495961974, 39.1697362867, 0.00069479404466, 0.000821824986106, 0.614958611217, 0.000668006220342, 0.000794310305706, 0.538232336845, 58232.2123495, 58232.2126967, 4009.81160848, 92.1260994357, 23.0228024022, 2.09087617779, 5.47159726347, 0.831978189755, 0.137017330324, 2.70032141752, 0.453940402313, 13.4170573628, 0.0809220811538, 0.0549524385444, 0.461096814206, 1.22846022805, 6, 0.000000
4, 204.527601917, 39.1650361452, 204.525917767, 39.1614547691, 0.000194491237277, 0.000212110102896, 0.52610312648, 0.000194491236659, 0.000212110104112, 0.526103119595, 58232.2123495, 58232.2126967, 3273.62507478, 84.2225930316, 13.5540397019, 1.39475400307, 1.48758135924, 0.235348896772, 0.0707711485741, 0.937193577086, 0.178191158708, 13.6387939142, 0.0796064675211, 0.073772425651, 0.195164747619, 1.17856473534, 0, 0.000000
5, 204.521697454, 39.1604444852, 204.518079157, 39.162722017, 4.22093898249e-05, 4.63399956859e-05, 0.987876502961, 1.99538835864e-05, 2.12209942615e-05, 0.779944884573, 58232.2123495, 58232.2126967, 1550.52631215, 84.1204711929, 12.8489564752, 0.244915024413, 0.246543083203, 0.0101913120844, 0.00256185312536, 0.429294406149, 0.0421470319241, 13.3879589512, 0.08109796338, -0.366678105158, 0.0913961266378, 0.535229066834, 1, 0.000000
6, 204.514159592, 39.1366660562, 204.512495571, 39.1410657986, 0.000557860649941, 0.000691590749011, 0.528114614046, 0.000557869845751, 0.000691599350041, 0.528149996401, 58232.2123495, 58232.2126967, 3383.06902754, 55.9263859487, 16.3010556905, 1.94396930738, 4.64357446536, 0.79839960416, 0.198644717303, 3.00936023585, 0.467395801627, 15.2001533559, 0.0714292928064, 0.0648950938336, 0.472822354853, 1.25053325196, 1, 0.000000
