\
\ strid, ra1, dec1, ra2, dec2, ra1_err, dec1_err, corr1, ra2_err, dec2_err, corr2, start_mjd, end_mjd, flux, bg, length, sigma, length_err, sigma_err, pa_err, bg_err, fit_mag_err, ap_snr, ap_mag_err, dmag, dmag_err, chi2, numfit, prob
\ null, deg, deg, deg, deg, deg, deg, null, deg, deg, null, days, days, dn, dn, pixels, pixels, pixels, pixels, deg, dn, mag, null, mag, mag, mag, null, null, null
\
1, 154.881266695, 8.85983402772, 154.877432171, 8.86396284675, 9.53794180917e-05, 9.42798058006e-05, 0.97570466619, 8.97740778797e-05, 8.88910752857e-05, 0.971813485474, 58153.4101736, 58153.4105208, 306.231844906, 10.8950053314, 19.9251022834, 0.40361554489, 0.658055916123, 0.0471908682498, 0.0085000109306, 0.131007748063, 0.112175836122, 8.83606497634, 0.122875534264, 0.363304151423, 0.166378529655, 1.39147013569, 6, 0.000000
2, 154.901799244, 8.85882035165, 154.90047386, 8.86244565778, 0.000204897044825, 0.000224717525308, 0.573649772834, 0.000204896980288, 0.000224715640717, 0.573650658095, 58153.4101736, 58153.4105208, 523.036173396, 8.39525731375, 13.705504507, 1.09967461744, 1.56223067203, 0.22647316172, 0.0633525371872, 0.411057103649, 0.220904280315, 8.49856385752, 0.127755256413, 0.0758359698754, 0.255186415396, 1.25564569695, 0, 0.000000
3, 154.873138954, 8.85496177649, 154.862603638, 8.85877094499, 0.000121828884286, 0.000117504208208, 0.602910026587, 0.000127247502071, 0.000123413911652, 0.68879054267, 58153.4101736, 58153.4105208, 233.638265117, 10.143236986, 39.4148413291, 0.33963588742, 0.88587241, 0.0338485803219, 0.00307966859311, 0.0293310179608, 0.0957892652445, 6.39468831858, 0.169787196915, 0.431273442777, 0.194944288381, 1.05021003498, 0, 0.000000
4, 154.872807614, 8.04213491088, 154.867682239, 8.04385578959, 0.000178813490872, 0.000171650483917, 0.574706917247, 0.000185439385708, 0.000176420834521, 0.626304038147, 58153.4101736, 58153.4105208, 277.468965204, 7.68488771747, 19.0584886746, 0.589885703664, 1.27273093569, 0.121510508098, 0.0225839332399, 0.200609140772, 0.202318882333, 6.42429746683, 0.169004659321, 0.136145303808, 0.263620001177, 1.18625139418, 8, 0.000000
5, 154.871410527, 8.0213176374, 154.870451459, 8.01805449328, 0.000105574046599, 0.000117033984256, 0.509056558325, 0.000105697165178, 0.000117199807877, 0.51179410543, 58153.4101736, 58153.4105208, 263.767708764, 11.7184317016, 12.0823613672, 0.87458552547, 0.806289775849, 0.10984696003, 0.0351353465169, 0.0754177192158, 0.128181938213, 7.13609110283, 0.152147189422, 0.534670003428, 0.198945662263, 1.34291959208, 0, 0.000000
6, 154.901675665, 8.01357258844, 154.89640365, 8.01215560061, 0.000221262282057, 0.000211607616584, 0.471795916392, 0.000220734671477, 0.000211031611404, 0.463870618218, 58153.4101736, 58153.4105208, 337.159610815, 10.4569178528, 19.2352134919, 0.76632968628, 1.55034151002, 0.163305691636, 0.030518104437, 0.196042207561, 0.212902591634, 5.45421149628, 0.199063825357, 0.0709085604249, 0.291468557636, 1.11019669297, 0, 0.000000
7, 154.912380804, 8.01077730782, 154.903805236, 8.01095727765, 0.00106027395289, 0.000882533670092, 0.719441035494, 0.0010167765588, 0.000850560414363, 0.665431751412, 58153.4101736, 58153.4105208, 2507.88001588, 7.21487578496, 30.2057255576, 4.23628982496, 7.24579042481, 0.857110487763, 0.107956140449, 0.588099756361, 0.338048471192, 21.4829105517, 0.0505395301138, -0.139142391897, 0.341805519235, 1.2919309971, 4, 0.000000
