\
\ strid, ra1, dec1, ra2, dec2, ra1_err, dec1_err, corr1, ra2_err, dec2_err, corr2, start_mjd, end_mjd, flux, bg, length, sigma, length_err, sigma_err, pa_err, bg_err, fit_mag_err, ap_snr, ap_mag_err, dmag, dmag_err, chi2, numfit, prob
\ null, deg, deg, deg, deg, deg, deg, null, deg, deg, null, days, days, dn, dn, pixels, pixels, pixels, pixels, deg, dn, mag, null, mag, mag, mag, null, null, null
\
1, 188.726109622, 46.9739611158, 188.717319517, 46.9773414263, 0.00168286243784, 0.00155206949054, 0.96003267911, 0.000908828351981, 0.000807948058245, 0.52075912319, 58165.4829514, 58165.4832986, 1117.96002575, 25.2847448758, 24.4774537098, 1.56722446521, 9.40282224987, 0.784099717606, 0.120241380372, 1.2802023012, 0.626616232348, 9.41574078752, 0.115310757726, 0.151351887121, 0.637137719406, 1.21304841033, 1, 0.000000
2, 188.651990275, 46.9695853085, 188.6482574, 46.9725791411, 0.000361737106321, 0.00034176084054, 0.912520385702, 0.000359676550805, 0.000339497701238, 0.911339866274, 58165.4829514, 58165.4832986, 484.951147306, 27.12126521, 13.9750004702, 0.760819042409, 2.52700123327, 0.304271489063, 0.080862235418, 0.875512071717, 0.412532475431, 3.74667664845, 0.28978647122, -0.357280284413, 0.504142085317, 1.38201862362, 3, 0.000000
3, 188.726817533, 46.9726541107, 188.724151564, 46.9661027976, 0.000299092617574, 0.000332865285101, 0.551108132156, 0.000299093299857, 0.000332866730049, 0.551113221777, 58165.4829514, 58165.4832986, 1312.87026, 19.9720184025, 24.1783251649, 1.14129845661, 2.27416805999, 0.257947683309, 0.0390472777922, 0.514399313931, 0.230864572656, 10.7821074749, 0.100697957916, 0.0561290421922, 0.251870064986, 1.12665045681, 0, 0.002000
4, 188.696324968, 46.959726593, 188.691967788, 46.9568535709, 0.000266145544783, 0.000284597752691, 0.923952858979, 0.000266185697786, 0.000284634615494, 0.923973448102, 58165.4829514, 58165.4832986, 742.916392351, 22.113812064, 14.7049857869, 0.929427798165, 1.98874667704, 0.257173131975, 0.0658958938226, 0.65854159191, 0.285887796047, 2.62348264246, 0.413853016287, -1.16838835128, 0.502997168002, 1.26911226147, 1, 0.000000
5, 188.496371757, 46.7872913327, 188.491493049, 46.7829165914, 0.000184407542136, 0.000202024401397, 0.946369930389, 0.000187893879816, 0.000206195874188, 0.948715777335, 58165.4829514, 58165.4832986, 815.262189519, 26.1740595132, 19.5703504857, 0.641243866172, 1.3986757437, 0.13550910618, 0.0247267379077, 0.576473604753, 0.210473498322, 12.0031502754, 0.0904542707409, 0.375541774357, 0.229087469302, 1.16292768085, 1, 0.000000
6, 188.552581868, 46.7866836388, 188.550650824, 46.7828138387, 7.2878175449e-05, 7.39213580595e-05, 0.922538421773, 0.000156226305869, 0.000174080413177, 0.996810329358, 58165.4829514, 58165.4832986, 422.828988509, 21.6635665044, 14.5392174544, 0.212759999479, 0.928867718774, 0.0149495839857, 0.00363405481671, 0.158039116413, 0.0839567140526, 9.07858276531, 0.119593138359, -0.126078073185, 0.146120664443, 1.0065904199, 0, 0.000000
7, 188.493193093, 46.7780217273, 188.482490844, 46.7799790939, 6.47010388151e-05, 5.94470001621e-05, 0.855237610702, 4.43698466489e-05, 4.36982231259e-05, 0.0129931294612, 58165.4829514, 58165.4832986, 607.443931261, 30.5199736085, 26.9706837685, -0.24452750304, 0.381215437906, 0.0287158794731, 0.00363853030942, 0.269970303836, 0.109716179414, 5.39485999838, 0.201253824026, -0.592229606485, 0.229217673207, 1.15816212068, 0, 0.000000
8, 188.491399078, 46.7779962605, 188.480607193, 46.7744024188, 9.05660399876e-05, 9.44708208139e-05, 0.753680869625, 8.5284618398e-05, 8.82292575787e-05, 0.670438638259, 58165.4829514, 58165.4832986, 954.879016269, 33.5912690263, 29.2202131864, 0.569400076956, 0.64065349495, 0.0457015107054, 0.00566488831947, 0.0846037035339, 0.078263289834, 4.68262803256, 0.231864712979, -0.660820774596, 0.244716954175, 1.03373896695, 4, 0.000000
9, 188.551012382, 46.7778205319, 188.545789588, 46.7694716756, 4.89194803007e-05, 5.16825299684e-05, 0.723072606775, 5.25481224622e-05, 5.76542366799e-05, 0.791038545133, 58165.4829514, 58165.4832986, 735.535770359, 31.9961405845, 32.2923653848, 0.282975833775, 0.37381174049, 0.0301413366542, 0.00327618736151, 0.231493721371, 0.100743485544, 10.8061915112, 0.100473529794, 0.189736390469, 0.142282044084, 1.09428181915, 1, 0.000000
10, 188.468540042, 46.7656108737, 188.463201034, 46.7627304153, 0.000340788194412, 0.000355771752812, 0.881240676509, 0.00034076938516, 0.000355751452598, 0.881222153101, 58165.4829514, 58165.4832986, 761.265772247, 30.2360821073, 16.5518908954, 1.05740908016, 2.51444424878, 0.326351564936, 0.0744921396941, 0.558245338243, 0.318161188082, 9.73425730782, 0.11153765207, 0.576341890314, 0.337145650174, 1.23703255736, 1, 0.000000
11, 188.460764625, 46.7430900701, 188.458884931, 46.7456860424, 1.43267859877e-05, 2.15033736991e-05, 0.147391978176, 2.99589359319e-05, 3.10838394874e-05, 0.935945582768, 58165.4829514, 58165.4832986, 304.017344673, 31.8607669862, 10.3024525449, 0.247629687664, 0.201649991702, 0.0174566470301, 0.00727375633104, 0.0598444876474, 0.0577801740793, 6.09155108868, 0.178236411211, -0.0765809541304, 0.18736799833, 0.649934756809, 0, 0.000000
12, 188.449488672, 46.7439611904, 188.447293088, 46.7403981368, 0.000229114178935, 0.000259119203841, 0.722106446096, 0.000229002313483, 0.00025901874273, 0.721537310922, 58165.4829514, 58165.4832986, 797.345281652, 24.563748591, 13.7506533553, 0.847836174838, 1.76467274505, 0.227238368982, 0.061624556618, 0.918548810456, 0.278380161448, 9.31841113209, 0.116515164374, 0.140251309548, 0.301780214422, 1.25392653386, 1, 0.000000
13, 188.460283978, 46.7407612344, 188.455603943, 46.7361579375, 0.000164028324425, 0.000180316909307, 0.922770967524, 0.000164108725977, 0.000180293680352, 0.922974960236, 58165.4829514, 58165.4832986, 847.347528702, 29.2213654422, 19.947111303, 0.783435059137, 1.23564648344, 0.127342309888, 0.02332393699, 0.261897770985, 0.1614625529, 8.89222095582, 0.122099553098, 0.184306497081, 0.202431363321, 1.29979710835, 0, 0.000000
14, 188.459749172, 46.7272131021, 188.455174305, 46.7323849565, 0.000294120044489, 0.000286625541481, 0.795570958319, 0.000294121729283, 0.000286627125613, 0.795575000706, 58165.4829514, 58165.4832986, 982.029365962, 27.9899248791, 21.5021153998, 1.08368909385, 2.08789829828, 0.242751082127, 0.0417941413178, 0.358529404692, 0.226887211545, 4.94998824761, 0.21934116819, -0.39408885486, 0.315576226648, 1.24814431626, 0, 0.000000
15, 188.563947463, 46.7311517315, 188.561521222, 46.7287268266, 2.7867401201e-05, 2.68533167827e-05, 0.466556002857, 8.37312744454e-05, 8.62452604807e-05, 0.995893952741, 58165.4829514, 58165.4832986, 388.726705912, 28.6409461555, 10.4541871769, 0.21440178423, 0.427775080882, 0.0164688890206, 0.00783302465037, 0.333678548348, 0.0771890086828, 6.14048402434, 0.17681606213, -0.480741818535, 0.192930202117, 0.855158224884, 0, 0.000000
16, 188.5540251, 46.7240422944, 188.55355025, 46.727109602, 3.23483456068e-05, 3.66221853927e-05, 0.0844418701966, 3.30105948195e-05, 3.54435630441e-05, 0.2581751368, 58165.4829514, 58165.4832986, 515.539933866, 33.2681299847, 10.9660396747, 0.431840333975, 0.249572131458, 0.0306554143526, 0.0108906794054, 0.081477307868, 0.0622466327077, 6.22740536697, 0.174348085724, -0.244211032319, 0.185126708713, 1.07945447662, 1, 0.000000
17, 188.576692353, 46.7140296368, 188.571262453, 46.7115038192, 0.000166978481813, 0.00017302187817, 0.84167128883, 0.000167572482942, 0.000173638263201, 0.843446767893, 58165.4829514, 58165.4832986, 1022.50356064, 19.9689069969, 15.9963262021, 0.834326210706, 1.22537783116, 0.144934962705, 0.0335995515782, 0.541509651068, 0.17681156102, 14.3083196616, 0.075881461306, 0.306667720253, 0.192406663815, 1.17239570469, 0, 0.000000
18, 188.65098547, 46.6712828629, 188.648831528, 46.6683595852, 6.40843196186e-05, 7.59161514331e-05, 0.745935577449, 6.4084319127e-05, 7.59161506555e-05, 0.74593557187, 58165.4829514, 58165.4832986, 4951.78352196, -0.35800178886, 11.6463654846, 1.38859863057, 0.518252069129, 0.0879368052078, 0.0311598872795, 1.056203312, 0.0700587995184, 72.2618622008, 0.0150250238742, 0.0030658503362, 0.0716518438868, 0.999832542896, 0, 0.916000
