\
\ strid, ra1, dec1, ra2, dec2, ra1_err, dec1_err, corr1, ra2_err, dec2_err, corr2, start_mjd, end_mjd, flux, bg, length, sigma, length_err, sigma_err, pa_err, bg_err, fit_mag_err, ap_snr, ap_mag_err, dmag, dmag_err, chi2, numfit, prob
\ null, deg, deg, deg, deg, deg, deg, null, deg, deg, null, days, days, dn, dn, pixels, pixels, pixels, pixels, deg, dn, mag, null, mag, mag, mag, null, null, null
\
1, 193.987198462, 20.7705883775, 193.980028733, 20.767404781, 0.0018462197108, 0.00185871046507, 0.999596624894, 0.000672726487182, 0.000668256221868, 0.976728112537, 58185.3971759, 58185.3975231, 576.912087192, 31.9617393016, 26.3951715684, 0.159978744964, 9.90617347066, 0.0132536505206, 0.00144442167166, 0.211138663801, 0.414223251952, 15.3286991875, 0.0708302897382, 0.478779565678, 0.420235448769, 1.47264909973, 0, 0.000000
2, 194.005681652, 20.7600373527, 193.999140825, 20.7539693155, 0.000513346748473, 0.000516280712426, 0.958800979739, 0.000513344469332, 0.000516278357353, 0.958800606402, 58185.3971759, 58185.3975231, 1091.4578797, 36.675946602, 30.6468936047, 1.13320864306, 3.69020931972, 0.373668209359, 0.043874731031, 0.509576995501, 0.333603169657, 11.1369441632, 0.0974895975814, 0.675852824667, 0.34755617739, 1.14446924683, 0, 0.000000
3, 193.998220746, 20.7248559527, 193.996410677, 20.7215882577, 4.89514244722e-05, 5.76581108669e-05, 0.494062132938, 7.99921930326e-05, 8.1059892459e-05, 0.940327483819, 58185.3971759, 58185.3975231, 446.918479941, 30.517598328, 13.0902718415, -0.24670522068, 0.506458755072, 0.0281237289337, 0.00869229397883, 0.347625136639, 0.105199636885, 6.41812545267, 0.169167183279, -0.36966637024, 0.199209687262, 1.16562011146, 4, 0.000000
4, 193.991475436, 20.7177678026, 193.984890307, 20.7218814663, 0.000969732245775, 0.00096796590017, 0.967560853039, 0.000527943518914, 0.000499822746499, 0.65571674024, 58185.3971759, 58185.3975231, 1455.76645284, 31.195804775, 26.3296632613, 1.41789753542, 5.59965156901, 0.431579370371, 0.0620315788638, 0.726071605125, 0.35458221094, 7.95447345254, 0.136493786954, -0.118671521716, 0.37994617802, 1.27006370756, 1, 0.000000
5, 194.0985624, 20.0943433008, 194.096881942, 20.0906692336, 9.79273346633e-05, 0.000101357845504, 0.573868202625, 0.000118063600512, 0.000122321113107, 0.81505316428, 58185.3971759, 58185.3975231, 599.524769632, 29.7175745425, 14.2136136944, 0.441352419297, 0.791772214846, 0.0566780980611, 0.0149453831433, 0.276970952241, 0.129246377216, 9.16220892847, 0.118501576774, 0.0996632769612, 0.175348937041, 1.02332621027, 5, 0.000000
6, 193.846603146, 20.0926089043, 193.841898198, 20.0870974567, 0.000186692605138, 0.000190548997681, 0.930369377688, 0.00018669287981, 0.000190549369935, 0.930369587454, 58185.3971759, 58185.3975231, 1607.49766906, 29.1920373036, 25.1080566714, 1.10499711686, 1.35364800143, 0.147464340132, 0.0215775550771, 0.25545028034, 0.133591213169, 7.04898700382, 0.154027267204, -0.450905520691, 0.203889703709, 1.24055876303, 0, 0.000000
7, 193.850060774, 20.0900043966, 193.842181507, 20.0820692512, 0.000493824025595, 0.000498896548831, 0.956774128317, 0.000493817887594, 0.000498890004212, 0.956773021382, 58185.3971759, 58185.3975231, 2298.59385517, 30.6571295929, 38.565793468, 1.44336294196, 3.56318188566, 0.370484177836, 0.033792167581, 0.790086300821, 0.270450511422, 11.816906416, 0.0918799021115, -0.0318801089216, 0.28563157308, 1.36672079873, 0, 0.003000
8, 193.828644411, 20.0818745776, 193.82372496, 20.0851450463, 5.33398693737e-05, 5.22973179689e-05, 0.797836559848, 9.06744242886e-05, 9.01399463686e-05, 0.970380705178, 58185.3971759, 58185.3975231, 1017.81975215, 33.6664577082, 20.1193384282, 0.405369811357, 0.526143078906, 0.0384917202933, 0.00640435202205, 0.325740900779, 0.0894246363084, 18.3142030761, 0.0592838356245, 0.482537560792, 0.107290907095, 1.23352963019, 0, 0.000000
9, 193.866545768, 19.9738898506, 193.861401561, 19.9712416024, 0.00025840364893, 0.000250275318643, 0.79786794147, 0.000258241367767, 0.000250208003251, 0.797752506465, 58185.3971759, 58185.3975231, 983.225637644, 31.8484500946, 19.5939451781, 0.860517989192, 1.82611605008, 0.200383402414, 0.037202277005, 0.668029705759, 0.237430673319, 5.69183828721, 0.190753171466, -0.371141098704, 0.304565423279, 1.13295004012, 1, 0.000000
10, 193.863001219, 19.9690454991, 193.862074963, 19.9643860304, 0.000260801389509, 0.000284582307878, 0.345953799081, 0.000260791429866, 0.000284568587018, 0.345787331572, 58185.3971759, 58185.3975231, 805.461221532, 37.8854335258, 16.8472787246, 0.986658148846, 1.966483621, 0.245017345265, 0.0545802855163, 0.46238741056, 0.253719383415, 5.78939132216, 0.18753892151, 0.00253582533535, 0.315506533374, 1.19691887554, 1, 0.000000
11, 193.891446217, 19.9694080817, 193.889375849, 19.965202004, 0.000207286160778, 0.000207317422666, 0.735088448529, 0.000215794861456, 0.000211881712147, 0.785527845381, 58185.3971759, 58185.3975231, 533.557891779, 34.0118237175, 16.47187188, 0.3049824054, 1.48139167756, 0.0523743710994, 0.0116582747946, 0.486038531424, 0.170041561113, 7.31825388851, 0.148360007906, -0.144640493335, 0.225665292971, 1.2053684787, 1, 0.000000
12, 193.891675642, 19.9609355317, 193.888501245, 19.9646982165, 0.000261398502124, 0.000264333132886, 0.920375096066, 0.000262933880653, 0.000265884044916, 0.921592129317, 58185.3971759, 58185.3975231, 761.870447633, 38.1445757398, 17.0683612702, 0.810519898511, 1.89373573908, 0.214646527912, 0.0462314721789, 0.605358298623, 0.268418413475, 6.35824796556, 0.170760280291, 0.03103868636, 0.318131290535, 1.13387484278, 0, 0.000000
13, 193.850458496, 19.9498377964, 193.848957189, 19.9538140386, 0.000113061270174, 0.000118927811056, 0.59639493464, 0.000112637239462, 0.000117987196963, 0.590270999742, 58185.3971759, 58185.3975231, 897.804879753, 30.9370262645, 14.9964244831, 0.666075173683, 0.829456754251, 0.0923884156494, 0.0224542183423, 0.409504291725, 0.138282368705, 5.68320339283, 0.191042996302, -0.560417234505, 0.235837740683, 1.09912000414, 0, 0.000000
14, 193.899587491, 19.9423752041, 193.893113535, 19.9410813052, 0.000788659432112, 0.00066547122259, 0.317559957827, 0.00080080656744, 0.000682240693935, 0.406485910234, 58185.3971759, 58185.3975231, 1950.4459525, 31.2944817709, 22.1151622642, 2.31308647103, 5.43965792228, 0.900319894411, 0.153182780247, 1.46986799475, 0.46967834931, 11.1165035813, 0.0976688575517, -0.0123240160698, 0.479725919193, 1.29471855147, 0, 0.000000
15, 193.852315707, 19.9371998762, 193.850033899, 19.9420903024, 0.000124971299172, 0.00012859475094, 0.764585474743, 0.000115520180327, 0.000119529034564, 0.666124373095, 58185.3971759, 58185.3975231, 850.718894782, 30.8884891917, 18.9809077719, 0.464934653138, 0.876378953817, 0.0664765986556, 0.0133869615784, 0.530635570074, 0.144853945335, 12.4134050147, 0.0874648175476, 0.234444303699, 0.169212173876, 1.07232679787, 1, 0.000000
16, 193.860099183, 19.9352157518, 193.85804957, 19.93798361, 0.000110255601533, 0.000114750116536, 0.928673473533, 0.000106378767043, 0.000111591452572, 0.917925546622, 58185.3971759, 58185.3975231, 365.816411874, 36.9088677544, 11.9871796354, 0.377404302703, 0.808903966425, 0.0576869452828, 0.0185809308278, 0.326655773796, 0.152251340673, 3.7756311756, 0.287564159278, -0.432531448119, 0.325382262021, 0.795856459914, 0, 0.000000
