\
\ strid, ra1, dec1, ra2, dec2, ra1_err, dec1_err, corr1, ra2_err, dec2_err, corr2, start_mjd, end_mjd, flux, bg, length, sigma, length_err, sigma_err, pa_err, bg_err, fit_mag_err, ap_snr, ap_mag_err, dmag, dmag_err, chi2, numfit, prob
\ null, deg, deg, deg, deg, deg, deg, null, deg, deg, null, days, days, dn, dn, pixels, pixels, pixels, pixels, deg, dn, mag, null, mag, mag, mag, null, null, null
\
1, 156.100677815, 14.3806177863, 156.09726288, 14.3857650523, 0.000170616294059, 0.000172484937057, 0.867050427797, 0.000170832101005, 0.000172620011624, 0.86772404534, 58154.417662, 58154.4180092, 1959.31251299, 62.6433818111, 21.7466685213, 0.811011746274, 1.22969181151, 0.123864157948, 0.0207036096944, 0.613063954179, 0.152425705956, 9.94898923988, 0.109130302444, -0.145741749196, 0.18746471334, 1.19040276091, 0, 0.001000
2, 156.09321736, 14.3833792665, 156.088274778, 14.3830449591, 0.000148344259547, 0.000147887163295, 0.059730214918, 0.000154444753912, 0.000149435639053, 0.198643949026, 58154.417662, 58154.4180092, 1159.51782868, 57.3528210623, 17.0586657625, 0.4062284825, 1.06970126206, 0.0644224754417, 0.0122758694333, 0.791284422262, 0.149565959852, 8.95653696136, 0.121222768291, -0.296031989442, 0.192522559454, 1.34731704325, 6, 0.000000
3, 156.094330619, 14.3777685067, 156.092294314, 14.3808795822, 8.92875361983e-05, 9.00074652815e-05, 0.861855201587, 8.70236936935e-05, 8.84708103903e-05, 0.847570952406, 58154.417662, 58154.4180092, 1361.32170182, 58.9458443792, 13.0927409577, 0.582581432458, 0.636833885679, 0.0685023164934, 0.0192060435586, 0.639699193691, 0.117396469251, 11.6485136934, 0.0932081322425, -0.00149700928819, 0.149898922307, 1.37164335158, 0, 0.000000
4, 156.108425751, 14.3821635222, 156.105272561, 14.3756736878, 0.000112559654929, 0.000118200606713, 0.745205971284, 0.000112559912724, 0.00011820129577, 0.745207444432, 58154.417662, 58154.4180092, 2182.22079405, 68.5064846886, 25.4996968083, 0.981732166877, 0.827172604323, 0.0847807064461, 0.0120823502057, 0.285387943948, 0.0863817720921, 5.44965881247, 0.199230124696, -0.696544871883, 0.217150761307, 1.19478992342, 0, 0.000000
5, 156.107532074, 14.3696295734, 156.105604391, 14.3743512234, 7.67960775436e-05, 7.72222784116e-05, 0.250208121151, 0.000139766671774, 0.000138440507275, 0.945329855988, 58154.417662, 58154.4180092, 976.441338829, 66.9605994073, 18.0474590792, 0.251535833343, 0.801148659465, 0.0328419385283, 0.00736475357142, 0.977299900939, 0.135141536981, 8.76811084235, 0.123827837522, -0.324828866804, 0.183293667001, 1.19586575246, 3, 0.000000
6, 156.119977889, 14.3660569297, 156.11730319, 14.3701424205, 0.000220868352285, 0.000224723756035, 0.854286341444, 0.000220548400846, 0.000224310498376, 0.853665991135, 58154.417662, 58154.4180092, 1417.18937274, 69.4727240461, 17.1946510189, 0.789224104127, 1.59798764842, 0.178416655044, 0.0380943263049, 0.862805828378, 0.227251718629, 9.94711901817, 0.109150820733, 0.15037263707, 0.252105623274, 1.23886338545, 0, 0.000000
7, 156.105832003, 14.3363069577, 156.105495686, 14.3405105707, 0.000105536127451, 0.00011174945166, 0.125470775828, 0.000105767343082, 0.000113254727079, 0.150349455505, 58154.417662, 58154.4180092, 1458.79504275, 39.1036839724, 14.9872175145, 0.580388436485, 0.782397336229, 0.0882059851717, 0.0249719722364, 0.796401058485, 0.145993835992, 10.9557021557, 0.0991023842495, -0.326181847404, 0.176452494206, 1.15658419538, 2, 0.000000
