\
\ strid, ra1, dec1, ra2, dec2, ra1_err, dec1_err, corr1, ra2_err, dec2_err, corr2, start_mjd, end_mjd, flux, bg, length, sigma, length_err, sigma_err, pa_err, bg_err, fit_mag_err, ap_snr, ap_mag_err, dmag, dmag_err, chi2, numfit, prob
\ null, deg, deg, deg, deg, deg, deg, null, deg, deg, null, days, days, dn, dn, pixels, pixels, pixels, pixels, deg, dn, mag, null, mag, mag, mag, null, null, null
\
1, 220.230103833, 38.1603300433, 220.224638165, 38.1636147093, 0.000102907903548, 0.000104719380311, 0.920605374053, 0.000100183677412, 0.000103153409906, 0.918925406691, 58232.2324306, 58232.2327778, 551.283087284, 24.4838642549, 19.2289638692, 0.566604622949, 0.733659841663, 0.0664496903632, 0.0123829140438, 0.146303098344, 0.114032354866, 7.39152145454, 0.146889407199, 0.117480991812, 0.185956650604, 1.23772170588, 1, 0.000000
2, 220.265967131, 38.1492455765, 220.26386744, 38.1451812199, 0.00032723715173, 0.000350931622655, 0.609258383949, 0.000327237369268, 0.00035093186781, 0.609259400662, 58232.2324306, 58232.2327778, 678.759408246, 23.0389242588, 15.6017863077, 1.22158058637, 2.46195633891, 0.351761206948, 0.0865999430127, 0.534424313329, 0.305585260246, 6.97119504872, 0.155746066086, 0.260963641094, 0.342985697051, 1.3255559078, 0, 0.000000
3, 219.988990032, 38.1371096023, 219.986640031, 38.1303089617, 0.00014221017941, 0.000144758357683, 0.458515340218, 0.000141931720833, 0.000144353311944, 0.452775902682, 58232.2324306, 58232.2327778, 812.10114367, 22.9280498591, 25.0585815847, 0.668845540595, 1.02445866225, 0.0874306803321, 0.0125482714822, 0.223772182001, 0.128852402145, 13.9106875797, 0.0780505060252, 0.596934243556, 0.150648010373, 0.838036711209, 1, 0.000000
4, 220.265263303, 38.1277165497, 220.260963348, 38.1241194334, 0.000151004270767, 0.000146704893411, 0.935611283922, 0.000150948302411, 0.000146646210804, 0.935560714542, 58232.2324306, 58232.2327778, 929.379945373, 18.1553167653, 17.5622412336, 0.931676620162, 1.07093542176, 0.127563774201, 0.0270059636429, 0.296769359421, 0.139059595271, 7.43581560553, 0.146014406806, -0.285707076487, 0.201637739602, 1.16920771299, 0, 0.000000
5, 219.962364757, 38.122071176, 219.958378498, 38.117012384, 0.000120648207888, 0.000121059552123, 0.827516723892, 0.00012064899771, 0.000121060658003, 0.827519971094, 58232.2324306, 58232.2327778, 768.6505531, 23.2280954824, 21.1653354469, 1.06334093751, 0.868500308915, 0.100263105527, 0.0176495038854, 0.0769950219242, 0.0942937842708, 3.32415724527, 0.326619989564, -0.688508646025, 0.339958725928, 1.19133070216, 1, 0.000000
6, 219.967657558, 38.1199743434, 219.964194509, 38.1160910206, 0.000266096713055, 0.000262005160213, 0.897668270699, 0.000254467738673, 0.000249537196562, 0.882300646117, 58232.2324306, 58232.2327778, 348.178592052, 27.3041103455, 16.8690070378, 0.590271179861, 1.85056103211, 0.177125665088, 0.0374702896843, 0.485398282427, 0.300452539606, 4.65747755216, 0.233116787488, 0.115448964912, 0.380283006673, 1.06490325186, 0, 0.000000
7, 219.978258688, 38.0819202121, 219.971452611, 38.0858329753, 0.000343876728244, 0.000358003449791, 0.99964382303, 6.85993984704e-05, 6.52696656973e-05, 0.757349554255, 58232.2324306, 58232.2327778, 394.792884836, 24.3835569454, 23.5808731602, 0.224039605892, 1.79888138975, 0.014268932006, 0.00221299244574, 0.0748949091504, 0.0961746065182, 9.17183705738, 0.118377179835, 0.26435082659, 0.152521184249, 1.0755939771, 0, 0.000000
8, 220.024724789, 38.0792363396, 220.018677405, 38.0792441454, 7.9927370366e-05, 8.13092070819e-05, 0.1079978647, 7.5077949341e-05, 8.13097983582e-05, 0.126128639761, 58232.2324306, 58232.2327778, 436.763547639, 18.9659179705, 16.9251236991, 0.356115250178, 0.534865391915, 0.54003921198, 0.0684868790586, 0.249377598421, 1.46696469576, 4.11565939374, 0.26380613673, -0.787704476139, 1.49049625843, 1.10507699692, 4, 0.000000
