\
\ strid, ra1, dec1, ra2, dec2, ra1_err, dec1_err, corr1, ra2_err, dec2_err, corr2, start_mjd, end_mjd, flux, bg, length, sigma, length_err, sigma_err, pa_err, bg_err, fit_mag_err, ap_snr, ap_mag_err, dmag, dmag_err, chi2, numfit, prob
\ null, deg, deg, deg, deg, deg, deg, null, deg, deg, null, days, days, dn, dn, pixels, pixels, pixels, pixels, deg, dn, mag, null, mag, mag, mag, null, null, null
\
1, 154.638336437, 19.976743903, 154.635639509, 19.9801300143, 8.43213665286e-05, 8.35791952051e-05, 0.916142738227, 0.000100424752827, 9.84675770401e-05, 0.955950211573, 58154.4201389, 58154.4204861, 941.38692163, 44.8126214101, 15.0353722982, 0.350086780197, 0.66286188459, 0.0397733872177, 0.00913090506694, 0.566938716085, 0.108015479099, 7.56604337388, 0.143501186962, -0.518035279622, 0.179610507444, 1.13843520398, 0, 0.000000
2, 154.669624895, 19.9482398721, 154.666398926, 19.9513650256, 0.000498809679882, 0.000493957278686, 0.914363481441, 0.000498809426872, 0.000493957047411, 0.914363395998, 58154.4201389, 58154.4204861, 1056.80035334, 38.2993287326, 15.4795838433, 1.21465007172, 3.60288719315, 0.516491164312, 0.127781100416, 1.32687010717, 0.453820670531, 5.32711959423, 0.203812996039, -0.253788428815, 0.497486621283, 1.28861333323, 0, 0.000000
3, 154.667229462, 19.9328174012, 154.666429277, 19.9283182007, 0.000131086999541, 0.000137281530763, 0.430618874958, 0.000126411250731, 0.000134247638172, 0.236910077002, 58154.4201389, 58154.4204861, 786.726230467, 41.2382882201, 16.2139225899, 0.465066586596, 0.947183202826, 0.0815531072454, 0.019611363517, 0.677802841411, 0.17436463008, 4.51447192827, 0.240501263937, -0.751272651128, 0.297058718401, 1.10338834871, 6, 0.000000
4, 154.66271485, 19.9169908977, 154.662021397, 19.9205110992, 0.000236757770159, 0.00023636320983, 0.990470736559, 0.000344492610577, 0.000339711010561, 0.99738877621, 58154.4201389, 58154.4204861, 593.296403412, 49.2763066245, 12.7253338188, 0.229835233899, 2.0831608051, 0.0227476391463, 0.00691332016946, 0.400641932256, 0.170787141045, 9.2942048596, 0.116818622051, -0.0651852235659, 0.206917466648, 1.15646580539, 0, 0.000000
5, 154.655618349, 19.9207933927, 154.656034986, 19.9138185486, 0.000119882049986, 0.00012094198272, 0.035890218632, 0.000120828637984, 0.000123658731406, 0.165794439743, 58154.4201389, 58154.4204861, 1182.59518206, 41.9127568309, 24.8307455917, 0.411858404733, 0.863338210338, 0.0560223900707, 0.0071067814521, 0.48878449003, 0.126437747941, 12.6778428826, 0.0856404527812, 0.0843335823734, 0.152711464065, 1.27104337944, 0, 0.000000
6, 154.658174757, 19.9055159506, 154.657030542, 19.9098543189, 0.000158008873661, 0.000165774997928, 0.448514123321, 0.000156612702601, 0.000164567559935, 0.419915953435, 58154.4201389, 58154.4204861, 1234.03386414, 41.439388983, 15.8879880188, 0.670595660509, 1.15692758079, 0.127469061577, 0.0281618740887, 0.832532192126, 0.187445475318, 7.77262550375, 0.139687188613, -0.376443092981, 0.233769794627, 1.30318715135, 0, 0.000000
7, 154.652621882, 19.8672192485, 154.647257186, 19.8627630512, 0.000383048069595, 0.00038332908346, 0.91845761688, 0.000383048068958, 0.000383329083098, 0.918457616734, 58154.4201389, 58154.4204861, 2396.54259919, 40.1974108866, 23.9282912217, 1.60871735292, 2.76950314028, 0.369841762866, 0.0582539177705, 0.73898379554, 0.241110261919, 8.98365198147, 0.120856886152, -0.200096915384, 0.269704551933, 1.28929995805, 0, 0.000000
8, 154.666902375, 19.8534992941, 154.658648696, 19.8506412345, 0.000182327968916, 0.000182950636403, 0.52231445676, 0.000206402443478, 0.000204776916748, 0.722908579747, 58154.4201389, 58154.4204861, 832.053229131, 59.7538697384, 29.4084026331, 0.437823184113, 1.38473171659, 0.0760630926958, 0.00921086931679, 0.330351920648, 0.168715336029, 6.4886559733, 0.167328366495, -0.00664215902654, 0.23762080474, 1.12601244689, 0, 0.000000
9, 154.64788521, 19.8389343845, 154.643014425, 19.8424213244, 0.00041971676426, 0.000401400695774, 0.888677019856, 0.000419716766617, 0.000401400697414, 0.888677020841, 58154.4201389, 58154.4204861, 1699.64773561, 42.2582966019, 20.4688529517, 1.52516218648, 2.97335158976, 0.412655186119, 0.0775863519864, 0.595339243615, 0.281448672832, 6.76842205139, 0.160412012802, -0.184669056157, 0.323952726938, 1.25444799304, 3, 0.000000
10, 154.661320632, 19.795076772, 154.658850513, 19.799251127, 0.00012855320207, 0.000132048844779, 0.800434145237, 0.00012834406774, 0.000131784520188, 0.79935689679, 58154.4201389, 58154.4204861, 1484.6406091, 46.9713299367, 16.9847653682, 0.82320079367, 0.935255340036, 0.106156042481, 0.0232016841244, 0.383563434224, 0.12919549551, 9.29010183628, 0.116870215622, -0.145820887034, 0.174212867951, 1.20747355957, 0, 0.000000
11, 154.66432594, 19.7912258557, 154.662054784, 19.7859061778, 0.00024007542459, 0.000252030243049, 0.673802006167, 0.000239337071855, 0.000251250130713, 0.669293705823, 58154.4201389, 58154.4204861, 1002.43484438, 53.776294779, 20.378226607, 0.720783250469, 1.75983190635, 0.173721089876, 0.0305638003096, 0.563799906946, 0.238229587628, 2.99934789298, 0.361990753824, -0.936779180851, 0.43334817673, 1.38196681679, 0, 0.000000
12, 154.661773537, 19.769301423, 154.658658807, 19.7720329221, 0.000172638797999, 0.000165833517197, 0.963985462006, 0.000186417126479, 0.000183635155907, 0.971205760675, 58154.4201389, 58154.4204861, 626.890203133, 47.6786606899, 14.2443404999, 0.465558351733, 1.28667891951, 0.12531451289, 0.0291621323294, 0.78140804882, 0.244012700439, 5.58734870874, 0.194320465995, -0.224208359508, 0.311933713279, 1.21203752564, 2, 0.000000
13, 154.660011477, 19.7149383651, 154.656072944, 19.7163920172, 0.00012600233456, 0.00012216491038, 0.668291918736, 0.000116585964608, 0.000120875708449, 0.669866812112, 58154.4201389, 58154.4204861, 707.435134713, 36.3740826132, 14.1593596904, 0.350833421011, 0.845886328153, 0.0665250359485, 0.0187349302814, 0.815293261679, 0.187320490049, 11.8792401367, 0.0913977823718, 0.184880966161, 0.208428694317, 1.20480222296, 0, 0.001000
