\
\ strid, ra1, dec1, ra2, dec2, ra1_err, dec1_err, corr1, ra2_err, dec2_err, corr2, start_mjd, end_mjd, flux, bg, length, sigma, length_err, sigma_err, pa_err, bg_err, fit_mag_err, ap_snr, ap_mag_err, dmag, dmag_err, chi2, numfit, prob
\ null, deg, deg, deg, deg, deg, deg, null, deg, deg, null, days, days, dn, dn, pixels, pixels, pixels, pixels, deg, dn, mag, null, mag, mag, mag, null, null, null
\
1, 163.777370219, 11.000196578, 163.768112832, 10.9970753586, 0.000384836386356, 0.000332157152747, 0.292994911779, 0.000456173928264, 0.00042232070096, 0.760740054969, 58153.4580903, 58153.4584375, 3681.07851388, 0.387436196675, 34.1504353463, 3.18629599871, 3.0046648892, 0.344773026496, 0.0355369528825, 0.52492903856, 0.155025726001, 54.7857230121, 0.0198178675951, -0.100295209153, 0.156287311059, 1.12827996547, 6, 0.040000
2, 163.744317882, 10.9896462033, 163.733837277, 10.9852124987, 0.000114662244035, 0.000108179528673, 0.672580652429, 0.000114662243858, 0.000108179528347, 0.6725806482, 58153.4580903, 58153.4584375, 6205.1741037, 5.9354445473, 39.8183142034, 2.44751466683, 0.803643950429, 0.102346710435, 0.00968932139456, 0.103174525193, 0.0428640259249, 56.189340224, 0.0193228146198, 0.442359914648, 0.0470180378506, 1.45007244836, 0, 0.029000
3, 163.735896024, 10.9752005225, 163.71234224, 10.973258869, 3.37859869458e-05, 3.19705781729e-05, 0.149870957717, 3.37859869249e-05, 3.19705780971e-05, 0.149870931609, 58153.4580903, 58153.4584375, 29284.4702573, 7.83822515786, 82.4750183722, 3.16121655998, 0.235607747368, 0.0239567576717, 0.00106241157303, 0.0184785621195, 0.00747695180328, 72.6532740719, 0.0149440781386, -0.427476600662, 0.0167101849087, 1.10580835911, 0, 0.046000
4, 163.762434554, 10.9635638126, 163.711315176, 10.9438825939, 9.25175111754e-05, 8.19295940054e-05, 0.5730274552, 9.52112625326e-05, 8.55000693638e-05, 0.639212965923, 58153.4580903, 58153.4584375, 496282.411995, 3.04048881378, 191.604746881, 19.3742262227, 0.652385102329, 0.102159042127, 0.00210325236375, 0.0456947661752, 0.00587649711787, 586.509747033, 0.00185118186058, 0.0853844726484, 0.00616117623975, 1.48757710858, 0, 0.005000
5, 163.728515694, 10.9661571723, 163.723517456, 10.9632807655, 0.000170676789987, 0.000147224097398, 0.730515475047, 0.000170676790295, 0.000147224096316, 0.730515469527, 58153.4580903, 58153.4584375, 2573.30430807, 18.5073405423, 20.2159753928, 3.53226696979, 1.21178451044, 0.22708131437, 0.0529075013816, 0.0727095553597, 0.0710746230577, 167.975842039, 0.00646364495977, 2.77469380912, 0.0713679252112, 0.65593225547, 2, 0.054000
6, 163.734008675, 10.9663469375, 163.730292819, 10.9636137242, 0.000164015396101, 0.000161106008304, 0.889859315077, 0.000164022285109, 0.000161111822422, 0.889869155644, 58153.4580903, 58153.4584375, 522.590408242, 11.5059342039, 16.2012320234, 1.03751296499, 1.17290663475, 0.152130030503, 0.0355495058658, 0.175912948035, 0.150653375221, 13.1327618114, 0.0826738671083, 0.632970565651, 0.171847047598, 0.95494441231, 0, 0.000000
7, 163.788181799, 10.960797606, 163.770655659, 10.9554089764, 0.00016725240032, 0.000158612082618, 0.456119817506, 0.000176705819258, 0.000169470251534, 0.610491870154, 58153.4580903, 58153.4584375, 7727.52474993, 2.50948053436, 64.0850290931, 2.72471160539, 1.20964264741, 0.1262812384, 0.00697993839823, 0.153891611388, 0.0494253883204, 42.7621915591, 0.0253900973073, -0.470066710937, 0.0555655113528, 0.952972165343, 0, 0.054000
8, 163.687412424, 10.9465230728, 163.680670408, 10.945138573, 0.00107434141282, 0.001041497575, 0.917777277164, 0.000807951069717, 0.000716259983089, 0.671756549211, 58153.4580903, 58153.4584375, 1437.30168968, 6.26726839583, 24.0361798617, 2.3022081669, 6.74677993383, 0.473928497532, 0.0767979334545, 0.57607709444, 0.346831154571, 16.4018903154, 0.0661957971844, -0.115654609353, 0.353091678387, 1.23812647359, 0, 0.000000
9, 163.675985384, 10.9446680575, 163.659838131, 10.9387633602, 0.000163182812111, 0.000155921834749, 0.614666469187, 0.000163182811946, 0.000155921834478, 0.614666466035, 58153.4580903, 58153.4584375, 6910.08469829, 1.19647726161, 60.1298552117, 2.68337049587, 1.14609406602, 0.126989831465, 0.00767489454128, 0.105413401429, 0.0484783413879, 83.2426464725, 0.0130430284327, 0.446450101415, 0.0502022925216, 1.18521892587, 0, 0.033000
10, 163.748620469, 10.9333739456, 163.737617506, 10.9307391447, 0.000353760989543, 0.00031215856392, 0.183473845549, 0.000390887833637, 0.000358755510656, 0.624224520504, 58153.4580903, 58153.4584375, 4793.73812885, 1.14713145439, 39.5229403706, 3.12563155315, 2.63207032906, 0.273676955268, 0.024557573747, 0.420720714665, 0.116907562408, 56.92624656, 0.0190726821171, -0.0813866123057, 0.118453135675, 1.10867283641, 0, 0.089000
11, 163.692990417, 10.9188206073, 163.670414037, 10.9140515044, 0.000369103137435, 0.000327698844102, 0.321766727498, 0.000377458643497, 0.000338379918252, 0.439109786829, 58153.4580903, 58153.4584375, 19282.7077535, 0.329508416007, 80.5934760427, 6.44505584682, 2.62767635801, 0.283719287229, 0.0124660301372, 0.202200913151, 0.0583055771252, 126.926440779, 0.00855405854046, -0.0799824805604, 0.0589297229029, 1.13472220999, 0, 0.017000
12, 163.833932335, 10.8957959502, 163.824113803, 10.8939552762, 1.52719693058e-05, 1.44908125136e-05, 0.343716948309, 1.52719694167e-05, 1.44908125461e-05, 0.343716957602, 58153.4580903, 58153.4584375, 14873.1651176, -0.137725014322, 34.8879481397, 1.39377139817, 0.106705003483, 0.0111109179833, 0.00116223867764, 0.0822028907954, 0.00795229441641, 124.427165865, 0.00872587748188, 0.0298260469362, 0.0118059275076, 1.20860966148, 0, 0.990000
