\
\ strid, ra1, dec1, ra2, dec2, ra1_err, dec1_err, corr1, ra2_err, dec2_err, corr2, start_mjd, end_mjd, flux, bg, length, sigma, length_err, sigma_err, pa_err, bg_err, fit_mag_err, ap_snr, ap_mag_err, dmag, dmag_err, chi2, numfit, prob
\ null, deg, deg, deg, deg, deg, deg, null, deg, deg, null, days, days, dn, dn, pixels, pixels, pixels, pixels, deg, dn, mag, null, mag, mag, mag, null, null, null
\
1, 159.933417476, 39.5258430944, 159.920449917, 39.5429375161, 5.13882748176e-05, 5.45262299033e-05, 0.853168164055, 5.13882745459e-05, 5.45262296223e-05, 0.853168161301, 58156.3884722, 58156.3888194, 9428.28128902, -1.45273910047, 70.4259904144, 2.84647392649, 0.379833072501, 0.0397155845445, 0.0020624482151, 0.020077851185, 0.0138868017653, 195.130624275, 0.00556415072617, 0.191136353962, 0.0149600480137, 1.52761805617, 0, 0.004000
2, 159.918483996, 39.5360724597, 159.908930912, 39.5463559404, 0.000147831468753, 0.000155753240977, 0.809751015226, 0.000289554995552, 0.000298817622453, 0.982661950268, 58156.3884722, 58156.3888194, 2115.67716229, -0.954385501046, 44.9832248207, 1.5077522619, 1.68445246312, 0.0960741831348, 0.00754285581511, 0.182945976291, 0.0749421702069, 61.7574283924, 0.0175806576313, -0.0778389880928, 0.0769766743766, 1.01953218659, 1, 0.031000
3, 159.900555797, 39.5319069462, 159.897527587, 39.543147685, 0.000458087291151, 0.000492972971089, 0.895835603984, 0.000322633680577, 0.00035277557195, 0.523246378701, 58156.3884722, 58156.3888194, 3418.59286555, -0.119214709861, 40.823244146, 3.41655109163, 3.01167695728, 0.227474127807, 0.0214487698902, 0.153113846198, 0.0977061245404, 58.9685916073, 0.0184121101618, -0.0894493272497, 0.0994258144212, 1.15671903397, 0, 0.007000
4, 159.92225977, 39.5316263464, 159.912018135, 39.542964214, 0.000354917081274, 0.000372021638399, 0.42204371167, 0.00120908856627, 0.00125177888858, 0.996313696952, 58156.3884722, 58156.3888194, 2875.36727873, -1.76886896101, 49.1357619627, 1.88894295925, 6.50488168506, 0.116450002237, 0.00889612514827, 0.201704294094, 0.151705319658, 130.619624504, 0.00831219817761, -0.236685940531, 0.151932868896, 0.845077315264, 1, 0.016000
5, 159.93054623, 39.5238760255, 159.921263137, 39.5341707693, 0.000353049733643, 0.00036374834484, 0.985631963996, 0.000150038377018, 0.00015872978797, 0.681978103666, 58156.3884722, 58156.3888194, 2669.37827791, -2.20569369166, 44.5910415901, 1.65352451722, 1.98026517255, 0.108402024995, 0.00892289121699, 0.157368829734, 0.076952982758, 89.0506870666, 0.0121923394476, -0.0698561116548, 0.0779128660528, 1.0310059278, 0, 0.187000
6, 159.926658158, 39.4918676219, 159.919645411, 39.5103247631, 4.18465363833e-05, 4.61052359109e-05, 0.538563182838, 4.18465359611e-05, 4.61052354156e-05, 0.538563159803, 58156.3884722, 58156.3888194, 40903.121191, -0.613241059459, 68.3882215429, 4.17705602002, 0.317242413318, 0.0400168616994, 0.00222228853073, 0.0296662117775, 0.00966556377436, 201.517276872, 0.00538780704866, -0.212214666548, 0.0110657845574, 14.0078043906, 0, 0.016000
7, 159.906687609, 39.5026965331, 159.903790282, 39.513633185, 6.039902746e-05, 6.45122425075e-05, 0.414846082573, 6.03990272347e-05, 6.45122422302e-05, 0.414846068217, 58156.3884722, 58156.3888194, 1929.77663342, 1.2106793138, 39.689891539, 1.46204227244, 0.447655250516, 0.0448543502348, 0.00410437702176, 0.0340975574768, 0.030495687565, 15.4947103034, 0.0700714104037, -0.962184969388, 0.0764198241036, 0.828583788317, 0, 0.002000
8, 159.911875766, 39.4949947393, 159.905203745, 39.5019838093, 0.000218238487268, 0.000233183836832, 0.88990990326, 0.000225631209186, 0.000239869025074, 0.899264204241, 58156.3884722, 58156.3888194, 1522.4085756, -0.56723956228, 30.8660199039, 2.2627379931, 1.67556065825, 0.247979050469, 0.0276581104317, 0.292703305391, 0.134481312915, 47.7112617697, 0.0227563926102, -0.012412855675, 0.136393097068, 1.16228251932, 3, 0.009000
9, 159.936788072, 39.4698848497, 159.932691379, 39.4798422645, 0.00043725744724, 0.000460344217089, 0.547386065476, 0.000784881093942, 0.000824877156064, 0.963506099473, 58156.3884722, 58156.3888194, 2728.35664123, -4.15854853202, 37.1457780285, 2.19906226036, 4.7190186192, 0.161041073966, 0.0160875187077, 0.280602461199, 0.150045910512, 56.687394732, 0.0191530446917, -0.131837654355, 0.151263394059, 1.03993553471, 0, 0.044000
