\
\ strid, ra1, dec1, ra2, dec2, ra1_err, dec1_err, corr1, ra2_err, dec2_err, corr2, start_mjd, end_mjd, flux, bg, length, sigma, length_err, sigma_err, pa_err, bg_err, fit_mag_err, ap_snr, ap_mag_err, dmag, dmag_err, chi2, numfit, prob
\ null, deg, deg, deg, deg, deg, deg, null, deg, deg, null, days, days, dn, dn, pixels, pixels, pixels, pixels, deg, dn, mag, null, mag, mag, mag, null, null, null
\
1, 163.138148924, 29.1759421733, 163.134621763, 29.1688192744, 6.93220363081e-05, 7.48673812452e-05, 0.723791096701, 6.9322026321e-05, 7.48673697042e-05, 0.723790933191, 58158.398287, 58158.3986342, 1143.52853396, -0.297264394732, 27.5938080829, 1.21324500014, 0.517928928276, 0.0564219690164, 0.00750921115071, 0.0541130838434, 0.0466003734747, 36.5589698649, 0.0296982165737, -0.223839279744, 0.055259197204, 1.48563121823, 1, 0.000000
2, 163.132378549, 29.1524944276, 163.116381096, 29.1695146927, 3.91540814898e-05, 3.78231867493e-05, 0.944110897091, 3.9154081364e-05, 3.78231866313e-05, 0.944110896537, 58158.398287, 58158.3986342, 5283.90325421, -0.251821867883, 78.2743679736, 1.85970475649, 0.274932866958, 0.0222568434772, 0.00101570282579, 0.0108309342364, 0.0116505543325, 85.1293871424, 0.0127539530261, 0.180285233883, 0.0172742216626, 1.25873317828, 0, 0.202000
3, 163.143174148, 29.1524654452, 163.134874064, 29.1604196978, 0.000132482960377, 0.000127457319292, 0.96297399564, 0.000132481109347, 0.000127454376127, 0.962973521626, 58158.398287, 58158.3986342, 869.697524416, 1.27417410851, 38.2549682149, 0.931106916632, 0.929344907072, 0.0776961916062, 0.00710208074484, 0.125336644968, 0.0846613378149, 24.9983337302, 0.0434323429904, 0.294552087344, 0.0951520390651, 1.11301229952, 0, 0.001000
4, 163.162670126, 29.1416392388, 163.155453426, 29.1542061108, 0.00019318893474, 0.000193041772749, 0.517941901911, 0.000272330466249, 0.000263862807582, 0.894540374565, 58158.398287, 58158.3986342, 1496.15784844, -0.674348964765, 49.978589027, 0.990651375265, 1.68112315897, 0.0494434354029, 0.00351587085662, 0.0929423913956, 0.0583624370787, 49.5916408035, 0.0218935326028, 0.0269182266772, 0.062333785635, 1.11837509318, 0, 0.031000
5, 163.150733242, 29.1314528214, 163.144922923, 29.142200544, 0.000135237212324, 0.000139270268626, 0.516737773545, 0.000174909112097, 0.0001725964761, 0.836860234244, 58158.398287, 58158.3986342, 2186.13577907, -0.595334029582, 42.2533671709, 1.79329564584, 1.1279136067, 0.102283756444, 0.00871051886096, 0.107100188646, 0.0609370384078, 63.6126808761, 0.0170679208894, -0.00661277529456, 0.0632821979186, 1.25508511179, 0, 0.027000
6, 163.146027059, 29.1297095987, 163.139856525, 29.1413051616, 0.000143620602118, 0.000147604813692, 0.526483226663, 0.000181094384898, 0.000179045573334, 0.823101044079, 58158.398287, 58158.3986342, 2197.27571473, 0.3522435996, 45.4574529851, 1.88411004526, 1.17894357089, 0.107475579707, 0.00851112129463, 0.0904052005899, 0.0603569601094, 45.1069430675, 0.0240702679216, 0.173830747849, 0.06497953856, 1.31404921615, 0, 0.012000
7, 163.154368672, 29.1166248639, 163.148260095, 29.1350625656, 0.000172340412044, 0.000181741180748, 0.683798687736, 0.000285824876597, 0.000275020203626, 0.955607994525, 58158.398287, 58158.3986342, 3342.03150192, 0.0104613997282, 68.2385376057, 1.61031892038, 1.67587524695, 0.048085433555, 0.00253132500943, 0.0409491304768, 0.0371888764713, 56.7675097647, 0.0191260143215, -0.0313719029902, 0.0418188588681, 1.41475129388, 0, 0.208000
8, 163.152997126, 29.1163820904, 163.149845164, 29.1235034664, 0.000200807887427, 0.000208103599169, 0.531371145589, 0.000217632074279, 0.000221533251439, 0.673387316359, 58158.398287, 58158.3986342, 747.315523399, 2.3278307325, 27.143457638, 1.25600708146, 1.52817694236, 0.164413266555, 0.0217530352146, 0.192870325799, 0.138433260481, 9.20775339924, 0.117915430364, -0.597617453855, 0.181845583739, 0.977338301955, 0, 0.000000
9, 163.16253043, 29.1020519495, 163.156742165, 29.1181437652, 0.000236483821951, 0.000232382520487, 0.797956008306, 0.000177856963374, 0.000184585898028, 0.056785848457, 58158.398287, 58158.3986342, 2301.53573893, 0.845356698769, 59.9668935368, 1.6845522456, 1.50265030081, 0.0966403286562, 0.00574723515429, 0.0643104596146, 0.0595827368897, 53.0571467779, 0.0204635241564, 0.614953936938, 0.0629988758325, 1.44267665877, 3, 0.053000
10, 163.163999411, 29.1047363086, 163.159841598, 29.1178396108, 0.000128908577818, 0.000127395245408, 0.75833618082, 0.000100882242698, 0.000105207569754, 0.00500345604118, 58158.398287, 58158.3986342, 2049.76533119, 0.646136864134, 48.3412610905, 1.42175305273, 0.834409916238, 0.0560149095083, 0.00412583831861, 0.0622644499243, 0.0411030385264, 38.7730495684, 0.0280023422672, 0.0563240019862, 0.0497352083393, 1.25065973059, 0, 0.006000
11, 163.161914845, 29.089644133, 163.158134824, 29.1011427321, 0.000688589130732, 0.000663129809809, 0.971029796863, 0.000403562804083, 0.000432012236211, 0.791425679198, 58158.398287, 58158.3986342, 1575.28279963, 0.0350057211931, 42.5325469777, 1.69523976205, 4.02496085086, 0.123623603101, 0.0105687446223, 0.126426351277, 0.118978686161, 38.0443082504, 0.0285387290423, -0.0581657358653, 0.122353532094, 1.14566033884, 0, 0.001000
12, 163.243812127, 29.0738129289, 163.225639852, 29.0607274619, 4.38468397618e-05, 4.4980585849e-05, 0.921341516277, 4.38468397521e-05, 4.4980585817e-05, 0.921341516071, 58158.398287, 58158.3986342, 14978.5547567, 0.464623090712, 73.1809702313, 3.39956523909, 0.319010151076, 0.0355650264457, 0.00179685319049, 0.0175495052922, 0.0104531453013, 131.909111094, 0.00823094171249, 0.3303289836, 0.0133047603573, 2.53580481665, 0, 0.002000
