\
\ strid, ra1, dec1, ra2, dec2, ra1_err, dec1_err, corr1, ra2_err, dec2_err, corr2, start_mjd, end_mjd, flux, bg, length, sigma, length_err, sigma_err, pa_err, bg_err, fit_mag_err, ap_snr, ap_mag_err, dmag, dmag_err, chi2, numfit, prob
\ null, deg, deg, deg, deg, deg, deg, null, deg, deg, null, days, days, dn, dn, pixels, pixels, pixels, pixels, deg, dn, mag, null, mag, mag, mag, null, null, null
\
1, 163.748890696, 10.9962288235, 163.740148489, 10.9928909382, 0.000322846856778, 0.000268468630399, 0.598347398578, 0.000321171161302, 0.000266014929056, 0.584864532659, 58153.4477199, 58153.4480671, 4790.44734259, 0.0747267125222, 32.7252974929, 4.47061375201, 2.23479936101, 0.438188812781, 0.0494954348479, 0.416014827305, 0.132779687757, 67.7747068249, 0.0160197846014, -0.0157059996243, 0.133742584765, 1.18858232514, 0, 0.091000
2, 163.733145208, 10.9878953939, 163.719306404, 10.9770404087, 0.000189503199619, 0.000172738405551, 0.639220778141, 0.000429738723861, 0.00044912709561, 0.973270824568, 58153.4477199, 58153.4480671, 32667.1400991, 1.93121603106, 61.8021776167, 7.83104865192, 2.48138756637, 0.245261429168, 0.0179608811377, 0.185383678023, 0.0495695015082, 132.911633796, 0.0081688575616, -0.16820649352, 0.0502380902666, 1.22235276384, 0, 0.015000
3, 163.728888902, 10.9769165189, 163.705053864, 10.9749087606, 3.16130379274e-05, 3.00734124031e-05, 0.153720059626, 3.16130379017e-05, 3.00734123295e-05, 0.153720033104, 58153.4477199, 58153.4480671, 27667.0443529, 7.66588703142, 83.4684913079, 2.9182364765, 0.220843692386, 0.0214932703877, 0.000937089284738, 0.017437572658, 0.00723763984794, 81.3796174599, 0.013341623353, -0.275960407373, 0.0151783511707, 1.16513307378, 0, 0.054000
4, 163.755708929, 10.9657150846, 163.703128696, 10.9454216352, 9.66200029081e-05, 8.58999619345e-05, 0.584177949754, 9.86544932005e-05, 8.85903374658e-05, 0.631889597731, 58153.4477199, 58153.4480671, 496200.773858, 2.70067904329, 197.132461678, 19.598874955, 0.67829687626, 0.10616889631, 0.00212062890799, 0.0442865550392, 0.00600332595809, 596.812942979, 0.00181922362363, 0.0934073646884, 0.00627291775428, 1.6494671337, 0, 0.003000
5, 163.71540467, 10.9639593247, 163.71137758, 10.9650855702, 6.57307271189e-05, 6.05076243902e-05, 0.502957335795, 6.57652220151e-05, 6.05126788698e-05, 0.503083913105, 58153.4477199, 58153.4480671, 962.970790281, 10.7323389123, 14.6111371381, 0.855279038995, 0.455085805298, 0.0565016246171, 0.0145701734511, 0.16881715476, 0.0671464721356, 8.58235767963, 0.12650791837, -0.537686290602, 0.14322325974, 0.97033306079, 0, 0.000000
6, 163.714739204, 10.9617099188, 163.710421069, 10.9624232326, 0.000105847630504, 0.000100290846175, 0.373168223221, 0.000104210376511, 9.84507246922e-05, 0.276988390892, 58153.4477199, 58153.4480671, 331.595951947, 10.6314418752, 15.2793665636, 0.583142046305, 0.732029000772, 0.0721591232102, 0.0172334428524, 0.162228260132, 0.123554845048, 4.55414898141, 0.238405947893, -0.470084031703, 0.268520382328, 0.729786950474, 0, 0.000000
7, 163.778178512, 10.9613595933, 163.765717349, 10.9575963881, 0.000229286330968, 0.000210983249839, 0.161144261272, 0.000319845312594, 0.000314236442479, 0.87324462678, 58153.4477199, 58153.4480671, 6239.85992552, 1.83589136773, 45.4895406953, 2.5053878896, 1.97982380448, 0.143896873842, 0.0113342285784, 0.309657083445, 0.0728561322681, 61.5129140773, 0.0176505408831, -0.0537362699573, 0.0749637085698, 1.05265716525, 0, 0.217000
8, 163.680591483, 10.9474072648, 163.674096237, 10.9453476671, 0.000497069490135, 0.000429892197922, 0.576038415446, 0.000480445932091, 0.000406677860922, 0.462924611327, 58153.4477199, 58153.4480671, 1492.77124539, 6.30802371583, 23.8176525301, 2.64285045898, 3.38730661108, 0.584357255231, 0.0887062587178, 0.652610253612, 0.287455870163, 18.2312678783, 0.0595535215657, -0.0248339853466, 0.293560043641, 1.21837983321, 0, 0.000000
9, 163.668069977, 10.9468079927, 163.65220837, 10.9411663996, 0.000100892430157, 9.72469102943e-05, 0.606057876943, 0.000100892429989, 9.72469100472e-05, 0.606057872113, 58153.4477199, 58153.4480671, 6757.52314094, 0.844561006522, 58.8694252176, 2.20188676779, 0.710005311766, 0.0719795629252, 0.00442285909165, 0.072442108066, 0.0328207917097, 85.6156747077, 0.0126815119832, 0.378720358923, 0.0351855810615, 1.18734365436, 0, 0.029000
10, 163.683844541, 10.9441139809, 163.677965014, 10.9425658037, 6.5808885179e-05, 6.24655911716e-05, 0.468236970585, 6.57884107899e-05, 6.24531644999e-05, 0.467684863097, 58153.4477199, 58153.4480671, 1199.56558338, 7.16350960504, 21.241635666, 0.924311042405, 0.46024613915, 0.049921052161, 0.00861672667538, 0.114836963048, 0.0541226005926, 13.0511399959, 0.0831909093843, -0.313040121908, 0.0992470820684, 0.96380477036, 0, 0.000000
11, 163.712814636, 10.9313603814, 163.708481453, 10.929742061, 7.20771106129e-05, 6.88991967821e-05, 0.622653640394, 7.23191968861e-05, 6.90992773706e-05, 0.627354608521, 58153.4477199, 58153.4480671, 686.214900306, 6.83274695702, 16.1778622971, 0.736823928997, 0.507030505129, 0.0554652063532, 0.0127482102578, 0.149286942363, 0.0760019951694, 12.9762251767, 0.0836711901939, 0.0338363548802, 0.113036150581, 1.0568530076, 0, 0.000000
12, 163.707408555, 10.9295291908, 163.70321397, 10.9275348809, 0.000130054543274, 0.000122425999005, 0.72071545708, 0.000130054595372, 0.000122426176914, 0.720717148087, 58153.4477199, 58153.4480671, 948.740523438, 6.07334753603, 16.2632026239, 1.12852281145, 0.913453465587, 0.123727224397, 0.0288028675615, 0.290006933167, 0.115146681408, 11.7963491938, 0.0920400190702, -0.21800810908, 0.147411408478, 1.2243116333, 0, 0.000000
13, 163.688548169, 10.9197891969, 163.6752296, 10.9158826018, 0.000541694115503, 0.000503651890001, 0.766539170855, 0.000891189013308, 0.000893007787095, 0.972851017689, 58153.4477199, 58153.4480671, 7180.00188883, 2.70016590953, 48.5084779274, 3.41794991232, 5.26830269793, 0.219784430932, 0.0175905039538, 0.250685452166, 0.12571541164, 53.4468823596, 0.0203143037877, -0.110620555776, 0.127346125431, 1.15937138859, 0, 0.052000
14, 163.68372205, 10.9222655878, 163.662395529, 10.9179058948, 0.000850832610778, 0.000834586794563, 0.934101899143, 0.000625514188186, 0.000571399725997, 0.721413029792, 58153.4477199, 58153.4480671, 17348.534295, 0.585891381752, 76.021143087, 5.86061334089, 5.31667244528, 0.270290672099, 0.0130811037932, 0.225496379032, 0.086130744697, 113.794866803, 0.00954117031161, -0.131595200929, 0.0866575969721, 1.13364422263, 6, 0.002000
15, 163.540752156, 10.8455239832, 163.531155929, 10.8438164863, 1.1626288705e-05, 1.11146467352e-05, 0.326894072837, 1.1626295861e-05, 1.11146488953e-05, 0.326894950041, 58153.4477199, 58153.4480671, 14666.7500322, 0.535607502072, 34.0474274269, 1.1753428863, 0.0814171481508, 0.00790374232262, 0.000840892253798, 0.0773104006322, 0.00665558491877, 122.665371095, 0.00885120384888, 0.0671908773501, 0.011074322561, 1.33224467631, 0, 0.704000
