\
\ strid, ra1, dec1, ra2, dec2, ra1_err, dec1_err, corr1, ra2_err, dec2_err, corr2, start_mjd, end_mjd, flux, bg, length, sigma, length_err, sigma_err, pa_err, bg_err, fit_mag_err, ap_snr, ap_mag_err, dmag, dmag_err, chi2, numfit, prob
\ null, deg, deg, deg, deg, deg, deg, null, deg, deg, null, days, days, dn, dn, pixels, pixels, pixels, pixels, deg, dn, mag, null, mag, mag, mag, null, null, null
\
1, 76.8488535989, 48.4650040099, 76.8477535727, 48.4554421049, 0.000692161784763, 0.000726545703049, 0.0417493231313, 0.000692455303884, 0.000726403966771, 0.046819801166, 58104.4406597, 58104.4410069, 924.871966239, -1.67639108675, 34.0971057064, 1.19189910421, 5.08250069799, 0.49831404166, 0.0526876998295, 0.397716802825, 0.418079243057, 19.3105384314, 0.0562250611817, -0.481295173044, 0.421842993281, 4.02604726113, 0, 0.000000
2, 76.9687509962, 48.419451348, 76.9645357105, 48.4114681337, 0.00329240783676, 0.00325562981401, 0.616993331308, 0.00295245408302, 0.00305731612798, 0.374213008129, 58104.4406597, 58104.4410069, 455.673087313, -4.01591941398, 30.0767698678, 1.6337376494, 22.7281145978, 2.59459196549, 0.308241864929, 1.22129097887, 1.75467887542, 9.76728165969, 0.111160529878, 0.228709612632, 1.75819641088, 1.80137556237, 6, 0.000000
3, 76.6392306225, 48.2679299121, 76.6358753666, 48.2699881639, 0.000133268573308, 0.000141963482714, 0.858104476618, 0.000133268564982, 0.000141963473186, 0.858104456456, 58104.4406597, 58104.4410069, 2357.47798558, 7.96608938007, 10.7962475773, 1.31379611254, 1.01639525834, 0.173244847568, 0.0668182077735, 1.10954937238, 0.145173333926, 29.4853113395, 0.0368229520203, 0.0881482544485, 0.149770580151, 3.13332277913, 0, 0.012000
4, 76.5575128666, 48.1593806127, 76.5623951114, 48.1564160428, 3.65352363031e-05, 3.93588224098e-05, 0.881628082801, 3.65352361833e-05, 3.93588222794e-05, 0.881628081936, 58104.4406597, 58104.4410069, 15940.6681656, -0.995641901679, -15.6552963197, -1.46908203552, 0.276796337787, 0.0423711844936, 0.0107844124142, 0.815301027232, 0.030553317545, 131.830409602, 0.00823585550586, 0.028317638588, 0.0316438703215, 9.23292129845, 3, 0.237000
5, 76.7015518877, 48.1360403115, 76.6958850135, 48.132151949, 4.47149811221e-05, 4.08457306397e-05, 0.905226684788, 4.47149812276e-05, 4.08457307269e-05, 0.905226685265, 58104.4406597, 58104.4410069, 12495.1015203, 0.164537140877, 19.2853102508, 1.52615183543, 0.310706716937, 0.044500060127, 0.0088980198105, 0.607950165529, 0.0308295884554, 111.900656177, 0.00970267951813, 0.0182239725428, 0.032320357581, 3.48850542905, 0, 0.599000
6, 76.7026202107, 47.9741146466, 76.6974038805, 47.9721482558, 5.35858214205e-05, 4.55137540984e-05, 0.810990599969, 5.35858223109e-05, 4.55137545247e-05, 0.810990604079, 58104.4406597, 58104.4410069, 7786.63804191, 2.29598494894, 14.2485182428, 1.36216273141, 0.362833822952, 0.0562553545454, 0.0156789638142, 0.812514371697, 0.0443412814105, 80.8337684113, 0.0134317158051, 0.0255247313156, 0.0463309855992, 3.25857510141, 1, 0.139000
7, 76.6258579522, 47.9082195208, 76.6223960839, 47.9056552235, 6.04362756862e-05, 5.67438087727e-05, 0.860748920149, 6.04362754649e-05, 5.67438087944e-05, 0.860748919042, 58104.4406597, 58104.4410069, 6124.24403436, 2.48117055318, 12.2974116425, 1.41792423977, 0.431348592705, 0.0719836293452, 0.0241079408782, 0.875400671939, 0.0554589399159, 70.46379772, 0.0154084258852, 0.0463714546968, 0.0575596525777, 3.62891949514, 1, 0.158000
8, 76.4895270252, 47.8904336211, 76.4927904421, 47.8944483706, 3.83886045784e-05, 3.87599781748e-05, 0.708482606858, 3.83886047065e-05, 3.87599781939e-05, 0.708482610375, 58104.4406597, 58104.4410069, 12599.6558693, 1.45655041008, -16.2596711511, 1.51142255256, 0.281062693517, 0.0428448644589, 0.0104856141251, 0.585897087412, 0.0299879644369, 98.2291699138, 0.0110530935537, -0.152778672404, 0.03196011402, 4.14807883822, 0, 0.188000
9, 76.5926421534, 47.8795732749, 76.5959334097, 47.8747188433, 3.42015716009e-05, 4.02327166553e-05, 0.742659169594, 3.42015718459e-05, 4.02327169696e-05, 0.742659176203, 58104.4406597, 58104.4410069, 40252.7888276, 1.11791504988, -18.9632478087, 1.53406883102, 0.270832161724, 0.0388390851455, 0.00800399757882, 1.21503042089, 0.0263165893291, 204.241499782, 0.00531594316493, 0.0701022261798, 0.0268481307664, 28.2287528029, 6, 0.122000
10, 76.4435235011, 47.8831329693, 76.4477807844, 47.8796376176, 3.90579533274e-05, 4.40908739641e-05, 0.891276671579, 3.90579533736e-05, 4.40908739907e-05, 0.891276671838, 58104.4406597, 58104.4410069, 11965.5553579, -1.8451138691, -16.0464044116, 1.54275996438, 0.303954773526, 0.0470942240342, 0.0117098569034, 0.656963672834, 0.032571173083, 122.605874709, 0.00885549903166, 0.0716625013213, 0.0337535358015, 4.91122860654, 0, 0.189000
11, 76.547316886, 47.8257555844, 76.5506925962, 47.8313733181, 4.25075009219e-05, 4.33894547806e-05, 0.57337879317, 4.25075011395e-05, 4.33894548397e-05, 0.573378802215, 58104.4406597, 58104.4410069, 15330.7820156, 2.51981684423, -21.5417725132, 1.54299926221, 0.310576269337, 0.0422296034442, 0.00754030400968, 0.424916570713, 0.0281772151958, 129.897145813, 0.00835843003292, 0.258415508272, 0.029390794627, 10.6191573113, 0, 0.044000
