\
\ strid, ra1, dec1, ra2, dec2, ra1_err, dec1_err, corr1, ra2_err, dec2_err, corr2, start_mjd, end_mjd, flux, bg, length, sigma, length_err, sigma_err, pa_err, bg_err, fit_mag_err, ap_snr, ap_mag_err, dmag, dmag_err, chi2, numfit, prob
\ null, deg, deg, deg, deg, deg, deg, null, deg, deg, null, days, days, dn, dn, pixels, pixels, pixels, pixels, deg, dn, mag, null, mag, mag, mag, null, null, null
\
1, 163.886753652, 11.6181977683, 163.881266243, 11.6103273038, 0.000351531727182, 0.000386515191791, 0.887800269809, 0.000251837897958, 0.000310517697283, 0.747160326605, 58153.4506829, 58153.4510301, 9538.90204769, -4.15927508432, 33.8835326417, 6.35296204672, 2.64957891648, 0.596084952382, 0.0579586007927, 0.876599043023, 0.173042958441, 154.067389024, 0.00704715132539, -0.154233712439, 0.173186396139, 1.13680032432, 0, 0.016000
2, 163.771592805, 11.001209664, 163.763226731, 10.9981669729, 0.000427550433825, 0.000349988555673, 0.664365677112, 0.000403259021525, 0.0003138466442, 0.500669200792, 58153.4506829, 58153.4510301, 4722.8728138, -0.764816987445, 31.1262094093, 4.69267996986, 2.94709447008, 0.568394114972, 0.0601253474427, 0.732016608513, 0.199746541438, 72.3875171981, 0.0149989424528, -0.106538904163, 0.200308884204, 1.16068644581, 0, 0.053000
3, 163.729467493, 10.9776841524, 163.705660908, 10.9757676759, 3.09576817878e-05, 2.93054300436e-05, 0.146104593213, 3.09576817675e-05, 2.93054299708e-05, 0.146104565151, 58153.4506829, 58153.4510301, 29884.606937, 6.83991208216, 83.3449536324, 3.17448198144, 0.215906766654, 0.0218796619019, 0.00096019231891, 0.0157635032571, 0.00679261645594, 90.4720504831, 0.0120007913932, -0.224691402002, 0.0137898017527, 1.18333112345, 0, 0.051000
4, 163.781395843, 10.96050461, 163.767212402, 10.9561709271, 0.000140629475233, 0.00013240267688, 0.528723999138, 0.000140629419698, 0.000132402610528, 0.528722830297, 58153.4506829, 58153.4510301, 6278.00688053, 3.02767980751, 51.8311082412, 2.64578466806, 0.982803660418, 0.116297579578, 0.0082047942332, 0.114001317166, 0.0456584812669, 27.4308713498, 0.0395808135627, -0.705781732318, 0.0604262998527, 1.00024455728, 0, 0.026000
5, 163.741067007, 10.9347940202, 163.728457909, 10.9313354492, 0.00181065872961, 0.00175024910359, 0.64283383195, 0.00164507880196, 0.00156739641196, 0.339041791878, 58153.4506829, 58153.4510301, 3733.53894811, 2.6482398514, 45.6856652586, 2.03377030375, 12.3863107365, 0.183818336877, 0.0155163848512, 0.35697972026, 0.293475807869, 39.3738632588, 0.0275750489004, -0.158838291922, 0.294768439841, 1.13873328699, 1, 0.032000
6, 163.709973592, 10.9313097786, 163.704174792, 10.9284905903, 0.000336761411943, 0.00033728561221, 0.934447006395, 0.000205326938884, 0.000191157576335, 0.270346768779, 58153.4506829, 58153.4510301, 1288.39324636, 4.62104446648, 22.5806978308, 1.23270702609, 2.00020145213, 0.154554695158, 0.0252127820428, 0.463893373193, 0.150700758242, 18.8177226215, 0.0576975347441, -0.124444111629, 0.161368287003, 1.18387086433, 1, 0.002000
7, 163.691756833, 10.919198154, 163.665003001, 10.9130148751, 0.000240555664702, 0.000221408860344, 0.409267126809, 0.000240561309323, 0.000221415833187, 0.40937351147, 58153.4506829, 58153.4510301, 18540.7407117, 1.36982685342, 95.9208553663, 5.79024620647, 1.66949204983, 0.215145353693, 0.00823973277144, 0.0832973678029, 0.0396852197607, 96.107555335, 0.0112970952281, 0.0116961010332, 0.0412618592412, 1.07030239068, 0, 0.012000
8, 163.624643025, 10.8598099807, 163.614744261, 10.8580951079, 1.04050680686e-05, 1.00005704291e-05, 0.320250457088, 1.04050825833e-05, 1.00006209272e-05, 0.320276107127, 58153.4506829, 58153.4510301, 14642.9512726, 0.439627720545, 35.0878047276, 1.07943414437, 0.0729869393754, 0.00670157300278, 0.000688380520942, 0.0713482104026, 0.00611187466244, 123.983990775, 0.00875706773085, 0.0824399326036, 0.0106790096513, 1.3090234598, 0, 0.349000
