\
\ strid, ra1, dec1, ra2, dec2, ra1_err, dec1_err, corr1, ra2_err, dec2_err, corr2, start_mjd, end_mjd, flux, bg, length, sigma, length_err, sigma_err, pa_err, bg_err, fit_mag_err, ap_snr, ap_mag_err, dmag, dmag_err, chi2, numfit, prob
\ null, deg, deg, deg, deg, deg, deg, null, deg, deg, null, days, days, dn, dn, pixels, pixels, pixels, pixels, deg, dn, mag, null, mag, mag, mag, null, null, null
\
1, 218.249356724, 38.3632224125, 218.245848836, 38.3676094999, 0.000133625186247, 0.000137928336526, 0.873688313779, 0.000130961286737, 0.000135550778716, 0.863721029311, 58232.2557523, 58232.2560995, 261.420005211, 12.2282834266, 18.4201928348, 0.593097916432, 0.961307276684, 0.0924696883524, 0.0179551415698, 0.0957634035598, 0.151908673389, 4.57058164827, 0.237548804137, 0.0344740858918, 0.281967514791, 1.25900255313, 0, 0.000000
2, 218.24733703, 38.3544030099, 218.241210958, 38.3525155449, 0.000134098566933, 0.000128333899411, 0.650258912476, 0.000135112308423, 0.000129357097075, 0.662801206124, 58232.2557523, 58232.2560995, 340.195256621, 12.4390310418, 18.3521570935, 0.604353014228, 0.941524408003, 0.0930581019055, 0.0177866314021, 0.162653296204, 0.150357484988, 6.73382551913, 0.161236165338, 0.212064928559, 0.220464224546, 1.0869498014, 0, 0.000000
3, 218.234169523, 38.3464638721, 218.229847829, 38.3444405465, 0.000380632681878, 0.000355175552437, 0.812261740628, 0.000380633535757, 0.000355176234789, 0.812262816028, 58232.2557523, 58232.2560995, 278.090974293, 15.6384372726, 14.0341499758, 1.04722004252, 2.66600971326, 0.371328123056, 0.101539050706, 0.304311669648, 0.371289447516, 3.77867016077, 0.287332886588, 0.207445225994, 0.469484868288, 1.21297250248, 1, 0.001000
4, 218.230847908, 38.2461597608, 218.226107492, 38.2437393134, 0.000165704899494, 0.000160360388877, 0.884139824754, 0.00016086645292, 0.000158223868634, 0.882276213187, 58232.2557523, 58232.2560995, 252.327247874, 14.8669280697, 15.7872854336, 0.496963262607, 1.15180162561, 0.104927121435, 0.0237260516789, 0.256009363209, 0.207384255034, 4.05691415328, 0.267626122648, -0.132029304364, 0.338573434811, 1.39911771972, 0, 0.000000
5, 218.233617407, 38.2396039141, 218.227269095, 38.2437101392, 0.000216192066191, 0.00021761671011, 0.952280267458, 0.000208235613844, 0.000210052455782, 0.947713631865, 58232.2557523, 58232.2560995, 332.187568505, 14.1036428699, 22.9769485477, 0.610170470649, 1.52109155114, 0.135087200914, 0.0207198995921, 0.233347682059, 0.218204656479, 4.759468502, 0.228121313189, -0.0298554835694, 0.315678009434, 1.16936347716, 1, 0.000000
6, 218.238245537, 38.2326721142, 218.236131237, 38.2303897075, 9.98059198603e-05, 0.000101788413756, 0.896251649631, 0.000101886531378, 0.000103533263294, 0.902684308601, 58232.2557523, 58232.2560995, 237.602859526, 10.5646365557, 10.0350089675, 0.538546531647, 0.731041363792, 0.0839077849982, 0.0321896911603, 0.215122414797, 0.159238480614, 5.95522130855, 0.182316684554, 0.101618558161, 0.242066658536, 1.12538805819, 5, 0.000000
7, 218.215786686, 38.2197996288, 218.217102754, 38.2258571229, 0.00100289456575, 0.00112730342816, 0.303230255819, 0.00100279965417, 0.00112723429432, 0.302787208636, 58232.2557523, 58232.2560995, 331.510513911, 14.5466678401, 21.8499277484, 1.6565395489, 7.76260076855, 1.13137788591, 0.189809216536, 0.549561401281, 0.773944931644, 3.10981063067, 0.349132578702, -0.000996872902032, 0.849049064971, 1.31020863263, 8, 0.000000
8, 218.208530992, 38.1866318058, 218.201535236, 38.1838418198, 0.000101185069107, 9.7041290266e-05, 0.756208399606, 0.000108709995124, 0.000104708464731, 0.822873624218, 58232.2557523, 58232.2560995, 444.842512761, 10.1655164809, 21.9216450715, 0.55689227754, 0.736944726907, 0.0580174495882, 0.00965440585024, 0.120255768175, 0.102879645063, 9.84727247021, 0.110257556907, 0.278927924095, 0.150801028588, 1.12023052048, 0, 0.000000
