\
\ strid, ra1, dec1, ra2, dec2, ra1_err, dec1_err, corr1, ra2_err, dec2_err, corr2, start_mjd, end_mjd, flux, bg, length, sigma, length_err, sigma_err, pa_err, bg_err, fit_mag_err, ap_snr, ap_mag_err, dmag, dmag_err, chi2, numfit, prob
\ null, deg, deg, deg, deg, deg, deg, null, deg, deg, null, days, days, dn, dn, pixels, pixels, pixels, pixels, deg, dn, mag, null, mag, mag, mag, null, null, null
\
1, 155.335224849, 8.29691133669, 155.328766293, 8.29107867833, 0.000150984132289, 0.000152877710645, 0.96496669968, 0.000150893754415, 0.000152811845888, 0.964942505864, 58153.4106713, 58153.4110185, 479.855577518, 9.82205715633, 30.7618041099, 0.807948536378, 1.08534965651, 0.0923575242417, 0.0107540393882, 0.0591100023592, 0.11166319194, 6.52797919978, 0.166320414255, 0.0647897312473, 0.200327603271, 1.3298825785, 0, 0.000000
2, 155.365608496, 8.28803118694, 155.361799684, 8.2938131364, 8.82511992052e-05, 8.86100670479e-05, 0.922605402665, 7.15684746791e-05, 7.13436213603e-05, 0.836292091492, 58153.4106713, 58153.4110185, 322.907709344, 9.79979052002, 24.547298021, 0.427725551012, 0.571827180012, 0.0454225676131, 0.0064757304418, 0.0899218910759, 0.101431688101, 4.29257893476, 0.25293331148, -0.473681633445, 0.272513572886, 1.24082002958, 3, 0.000000
3, 155.36532287, 8.28844821014, 155.360080097, 8.29264762075, 0.000366699679951, 0.000355999028655, 0.930482317567, 0.000366703003488, 0.000356002565901, 0.930484114428, 58153.4106713, 58153.4110185, 343.424025499, 9.96395662971, 23.7407339375, 1.11407404705, 2.59636458417, 0.292197181521, 0.0452939790941, 0.132578129457, 0.264981914403, 5.23445042083, 0.207421241481, 0.309386999516, 0.336510009328, 1.29414688773, 0, 0.000000
4, 155.3311137, 8.28541674686, 155.327540776, 8.28984995649, 5.51691497338e-05, 5.52443836964e-05, 0.97676120108, 3.44323875009e-05, 3.42790779998e-05, 0.901247552163, 58153.4106713, 58153.4110185, 286.53351276, 10.2503353973, 20.1676686413, 0.356230302909, 0.327888973262, 0.0231867068458, 0.00380615878269, 0.0576575453545, 0.0602325969885, 7.01172997929, 0.154845695422, 0.0521066229213, 0.166147991655, 1.02859036176, 0, 0.000000
5, 155.355146352, 8.29037754516, 155.350126825, 8.28668426949, 0.000468309602091, 0.000457721020553, 0.87250154512, 0.000468309601723, 0.000457721019442, 0.872501544136, 58153.4106713, 58153.4110185, 521.480729233, 10.3612060125, 22.0068942301, 1.72430370955, 3.3586876595, 0.479077487758, 0.0838908695838, 0.186138932789, 0.293296987535, 3.91444275719, 0.277366734451, -0.141782470504, 0.403677381429, 1.20852830042, 0, 0.000000
6, 155.380623008, 8.28566762703, 155.378669707, 8.28343130712, 0.000172914376122, 0.00017911607921, 0.89115406122, 0.000172916463756, 0.000179116604251, 0.891156805467, 58153.4106713, 58153.4110185, 393.159588899, 10.3109518313, 10.5089523722, 0.998785403653, 1.284333756, 0.198312530074, 0.075012690238, 0.349847544068, 0.212457886949, 5.62104542953, 0.193155564809, -0.0490888534904, 0.287136598057, 1.18964167168, 0, 0.000000
7, 155.40516673, 8.28211778278, 155.402346576, 8.28447160678, 7.76492169933e-05, 7.59906283091e-05, 0.963306596818, 6.8466036362e-05, 6.81152767287e-05, 0.953213919362, 58153.4106713, 58153.4110185, 253.748853441, 10.4154798594, 12.9861118937, 0.460565281366, 0.524183520899, 0.0465871740273, 0.0115968441593, 0.0972515487653, 0.0944931116346, 7.29867379027, 0.148758012203, 0.242689758643, 0.176232500808, 1.27777183296, 0, 0.000000
8, 155.373020173, 8.27882183312, 155.372080367, 8.28370835182, 0.000332414705944, 0.000373950538079, 0.325354140062, 0.000332414703656, 0.000373950537091, 0.325354110503, 58153.4106713, 58153.4110185, 492.519006304, 11.084166528, 17.6883702747, 1.43906032006, 2.56956180472, 0.372779395883, 0.0814707326287, 0.253394669165, 0.275079902356, 5.55112322981, 0.195588561055, 0.114126342134, 0.337526055136, 1.26342825056, 0, 0.000000
9, 155.367206338, 8.28348391288, 155.365642654, 8.27604800864, 0.000157826741925, 0.000164062569265, 0.455742738163, 0.000153952473165, 0.000160285430015, 0.355267893275, 58153.4106713, 58153.4110185, 356.540001751, 10.6152691284, 27.003961473, 0.603190712497, 1.1362374332, 0.0874351974278, 0.0119094264236, 0.0979998992043, 0.143325311018, 4.04200377797, 0.268613357235, -0.351958409015, 0.304458996359, 1.34955767296, 1, 0.000000
10, 155.345016328, 8.2753491465, 155.342491218, 8.27783898359, 0.000233973595948, 0.000230645532801, 0.927340946428, 0.000233869431458, 0.000230549753737, 0.927278027317, 58153.4106713, 58153.4110185, 262.2345933, 8.66722279046, 12.5466636645, 0.830388682453, 1.67773805419, 0.222251928067, 0.0669503258407, 0.293419620481, 0.276802021874, 4.1050536405, 0.264487702194, -0.160853801491, 0.382848669745, 1.34401279603, 0, 0.000000
11, 155.384791957, 8.26863056465, 155.37813337, 8.27626166003, 0.00336982779418, 0.00327521869082, 0.994422527606, 0.0010299525248, 0.00104073080027, 0.794299738704, 58153.4106713, 58153.4110185, 410.59596825, 9.82794703057, 35.8612073444, 1.53119979248, 17.6478878273, 0.822361397603, 0.0851247561585, 0.346105568358, 0.728995885834, 3.9477934537, 0.275023558727, -0.0811945510696, 0.779148868585, 1.21595743618, 3, 0.000000
12, 155.372946579, 8.2721186722, 155.37025216, 8.27475553386, 0.000205790613917, 0.00020275418745, 0.923588774817, 0.000205899958599, 0.000202850819698, 0.9236659192, 58153.4106713, 58153.4110185, 301.277134877, 10.0269537737, 13.3383988766, 0.932983566082, 1.47731791313, 0.199100009392, 0.0571658373275, 0.18995887592, 0.220095331076, 3.26599106712, 0.332436979295, -0.377710999898, 0.398693240429, 1.30238568291, 0, 0.000000
13, 155.461446542, 8.26926150728, 155.457384071, 8.26509203954, 0.00042289712189, 0.000429799701735, 0.976545076973, 0.000366635416694, 0.000371979225284, 0.968703532815, 58153.4106713, 58153.4110185, 206.375033607, 10.7094279069, 20.5928020039, 0.530326594684, 2.85185313847, 0.235949247982, 0.0398075568102, 0.242606522795, 0.42578293402, 9.24708301724, 0.117413913418, 1.00790779943, 0.441675371701, 1.20954984419, 0, 0.000000
14, 155.524559338, 8.2541361405, 155.519805362, 8.25173759609, 0.000596048713519, 0.00055488983024, 0.730738417216, 0.000596056918532, 0.000554900418177, 0.730756756469, 58153.4106713, 58153.4110185, 441.673919708, 8.1187259579, 18.7788636311, 1.58132213272, 4.19548089829, 0.628996488061, 0.127188710056, 0.424877291017, 0.440054517033, 6.20691284835, 0.174923707048, 0.167078682974, 0.473546493229, 1.293041302, 0, 0.000000
