\
\ strid, ra1, dec1, ra2, dec2, ra1_err, dec1_err, corr1, ra2_err, dec2_err, corr2, start_mjd, end_mjd, flux, bg, length, sigma, length_err, sigma_err, pa_err, bg_err, fit_mag_err, ap_snr, ap_mag_err, dmag, dmag_err, chi2, numfit, prob
\ null, deg, deg, deg, deg, deg, deg, null, deg, deg, null, days, days, dn, dn, pixels, pixels, pixels, pixels, deg, dn, mag, null, mag, mag, mag, null, null, null
\
1, 229.497871955, 47.536049382, 229.479796508, 47.5234434704, 0.000662728835451, 0.000593152756537, 0.948192948898, 0.000677647082878, 0.000606037227661, 0.951052811264, 58230.2749653, 58230.2753125, 13114.8814983, 110.845048717, 62.4499880739, 2.05064121692, 4.558883906, 0.442475482625, 0.0246624329377, 1.72982658705, 0.227528545137, 26.7524188437, 0.0405845995124, 0.045427394029, 0.231119771049, 1.26046166202, 3, 0.005000
2, 229.48159345, 47.5354771137, 229.47896838, 47.5325909538, 0.000161654864764, 0.000144042821408, 0.927782234602, 9.5172802694e-05, 9.00954385742e-05, 0.429726760066, 58230.2749653, 58230.2753125, 1191.8860141, 139.010910741, 12.0531079653, 0.372935110773, 0.903482940766, 0.0667750629977, 0.0185703530726, 1.09296946742, 0.165285014232, 5.17273141768, 0.209896110408, -0.667722969742, 0.267161960418, 1.15894093993, 4, 0.000000
3, 229.297785589, 47.537202118, 229.294357292, 47.5406851111, 0.000243341013136, 0.000289810055023, 0.812603664263, 0.00024303271153, 0.000289556276287, 0.812058166673, 58230.2749653, 58230.2753125, 5594.39533986, 121.456754238, 14.8683871247, 2.33021040449, 2.01227196966, 0.372521386219, 0.111476271192, 1.34561741122, 0.181076485903, 17.5367651968, 0.0619119998798, 0.215490856481, 0.191368203932, 1.36656388863, 0, 0.001000
4, 229.304200377, 47.5373271336, 229.299892633, 47.5363989905, 0.000103787770019, 8.89693553625e-05, 0.636683191011, 0.000102910449861, 8.86404119388e-05, 0.631385691136, 58230.2749653, 58230.2753125, 2518.55668193, 111.057159763, 10.8584972536, 0.66230820486, 0.694992130384, 0.0852581893963, 0.0302850200233, 1.34135420357, 0.131697020256, 9.48052663712, 0.114522773504, -0.542915415415, 0.174526705106, 1.31215168465, 0, 0.000000
5, 229.264026569, 47.5358034839, 229.252233984, 47.5323801191, 0.000215474066855, 0.000189627885197, 0.97670939718, 9.20591757966e-05, 9.20892229137e-05, 0.00330529733054, 58230.2749653, 58230.2753125, 2341.16286536, 132.583195582, 30.8240989342, 0.282840432205, 1.12000079938, 0.0236241716719, 0.00294792726283, 0.41388061494, 0.087860807077, 16.1066327207, 0.0674092607426, 0.0841723687371, 0.110740822889, 1.35188913762, 1, 0.000000
6, 229.314048367, 47.5237643777, 229.305620976, 47.526887519, 0.000213371366102, 0.00022693653549, 0.732466139085, 0.000215011718438, 0.000228906778672, 0.741301054655, 58230.2749653, 58230.2753125, 3299.88988621, 91.6056419041, 23.0805556623, 0.713829006681, 1.58182001306, 0.147164274143, 0.0228706016724, 1.67860521903, 0.205034332344, 16.1213964235, 0.0673475284791, -0.0335981674658, 0.215811878802, 1.19485054291, 1, 0.000000
7, 229.476855932, 47.5101372207, 229.467108789, 47.5101831488, 0.000149942509689, 0.000143572021262, 0.0867243260726, 0.000150841212108, 0.00014357035958, 0.134066350704, 58230.2749653, 58230.2753125, 3034.52941187, 96.7335916203, 23.422358381, 0.530325004368, 1.05142751583, 0.0876471134856, 0.0105609038021, 1.38530382087, 0.147294422145, 18.0140761724, 0.0602715451167, -0.00191337181624, 0.15914869131, 1.55663036666, 3, 0.000000
