\
\ strid, ra1, dec1, ra2, dec2, ra1_err, dec1_err, corr1, ra2_err, dec2_err, corr2, start_mjd, end_mjd, flux, bg, length, sigma, length_err, sigma_err, pa_err, bg_err, fit_mag_err, ap_snr, ap_mag_err, dmag, dmag_err, chi2, numfit, prob
\ null, deg, deg, deg, deg, deg, deg, null, deg, deg, null, days, days, dn, dn, pixels, pixels, pixels, pixels, deg, dn, mag, null, mag, mag, mag, null, null, null
\
1, 163.748281658, 10.994902722, 163.740942221, 10.992882469, 0.00024339779872, 0.000199637201497, 0.452939657938, 0.000243395712837, 0.000199633894586, 0.452899781652, 58153.448206, 58153.4485532, 4083.86700685, 0.724412142111, 26.5956247186, 3.52197212599, 1.65943202955, 0.300622281918, 0.0460598413604, 0.300352303952, 0.10115015214, 53.8405211445, 0.0201657818624, -7.14978257683e-05, 0.103140738974, 1.22008109009, 0, 0.057000
2, 163.730114639, 10.9886379451, 163.726675658, 10.987570684, 6.50283475186e-05, 5.49037179174e-05, 0.500233222296, 6.5028347498e-05, 5.49037174239e-05, 0.500233202881, 58153.448206, 58153.4485532, 2714.80671068, 9.03371950032, 12.5844395132, 1.59547998798, 0.444442829634, 0.0759251461087, 0.0257809166776, 0.194824782744, 0.0510877952505, 43.8465347678, 0.0247621895438, 0.683650913392, 0.0567726065506, 1.22536157812, 0, 0.096000
3, 163.728842136, 10.9772039392, 163.704994648, 10.9752415156, 3.12924007598e-05, 2.97091259509e-05, 0.149823614723, 3.12924007392e-05, 2.97091258772e-05, 0.149823587226, 58153.448206, 58153.4485532, 28411.062759, 7.20500426949, 83.5033199848, -3.02720747597, 0.218451078619, 0.0216269728864, 0.000944485735618, 0.0164520489544, 0.00702856095917, 90.0296952728, 0.0120597565222, -0.180361470951, 0.0139584525121, 1.15482071037, 0, 0.328000
4, 163.750122064, 10.9728943833, 163.747349136, 10.9710987308, 0.000182130012316, 0.000162804824011, 0.77052966968, 0.000182130013069, 0.000162804823534, 0.770529667842, 58153.448206, 58153.4485532, 1522.76660099, 14.7526591092, 11.5908391844, 1.95714724736, 1.30883179914, 0.244969130987, 0.0975356385653, 0.345899596149, 0.140024553429, 7.53207909293, 0.144148274515, -0.413919691793, 0.200961689405, 1.35485986593, 0, 0.000000
5, 163.716678646, 10.962894285, 163.711460199, 10.9645100119, 0.000122953491351, 0.000113657886929, 0.5472783037, 0.000122952875402, 0.000113657194322, 0.547264774623, 58153.448206, 58153.4485532, 983.328555847, 11.3536246145, 19.0936575996, 1.08536726837, 0.852517996891, 0.104723050402, 0.0205323342153, 0.170694197659, 0.0982926905119, 3.65385204214, 0.297148377175, -1.29179203015, 0.312983403818, 1.02652230977, 0, 0.000000
6, 163.776054266, 10.9614263031, 163.761709709, 10.9567641798, 0.000493043067712, 0.000486920219908, 0.906329331822, 0.000331471492372, 0.000305542311789, 0.207797637825, 58153.448206, 58153.4485532, 7605.99385265, 1.36343495218, 52.7266049264, 2.89686149401, 3.00333469415, 0.166162348714, 0.0113925276938, 0.298019656314, 0.0819127395132, 69.2954435917, 0.0156682192722, -0.103171736677, 0.0833977816834, 0.996475698723, 0, 0.055000
7, 163.668426618, 10.9455024326, 163.653245602, 10.9400447402, 0.000114951677513, 0.000110544361065, 0.609805872898, 0.000114951677362, 0.000110544360848, 0.609805869241, 58153.448206, 58153.4485532, 6114.75878376, 1.18954815452, 56.4167326622, 2.22873620314, 0.808474174886, 0.0841524873657, 0.00540866712823, 0.0800760132646, 0.0380477706303, 77.4283618516, 0.0140224612635, 0.390143142089, 0.0405495039405, 1.21523986944, 5, 0.025000
8, 163.708137227, 10.9308919544, 163.702339363, 10.9281493499, 0.000138229448552, 0.00013388572231, 0.739557075741, 0.000138246953327, 0.000133907518043, 0.739732871434, 58153.448206, 58153.4485532, 924.111788432, 5.90106064409, 22.4592431986, 0.942162277903, 0.976565484082, 0.105173066159, 0.0169384255274, 0.253959193063, 0.113996264768, 13.4754127934, 0.0805716471474, -0.0982206931991, 0.139595625666, 1.21239951566, 0, 0.000000
9, 163.715193036, 10.9284929128, 163.710197214, 10.9268468823, 0.000232545837856, 0.000200559753697, 0.532163676631, 0.000232551352288, 0.000200567752133, 0.532241363368, 58153.448206, 58153.4485532, 1643.62779078, 4.59865592209, 18.3900785172, 2.05965689581, 1.59978957156, 0.269282136142, 0.0584308447092, 0.403398446316, 0.14854061146, 20.0879060892, 0.0540492473399, 0.00448512418123, 0.158068448436, 1.20070995093, 0, 0.000000
10, 163.554651414, 10.8480217512, 163.545040814, 10.8463992653, 2.28342699166e-05, 2.17858177082e-05, 0.310398774898, 2.2834276839e-05, 2.17858205044e-05, 0.310399407479, 58153.448206, 58153.4485532, 14993.2972134, 0.407854206582, 34.0415564143, 1.20982560993, 0.159786502053, 0.0157302180108, 0.00167615163454, 0.150644910391, 0.0128877865623, 123.426676411, 0.00879660893681, 0.0485644352313, 0.0156036973587, 4.62918864392, 0, 0.871000
