\
\ strid, ra1, dec1, ra2, dec2, ra1_err, dec1_err, corr1, ra2_err, dec2_err, corr2, start_mjd, end_mjd, flux, bg, length, sigma, length_err, sigma_err, pa_err, bg_err, fit_mag_err, ap_snr, ap_mag_err, dmag, dmag_err, chi2, numfit, prob
\ null, deg, deg, deg, deg, deg, deg, null, deg, deg, null, days, days, dn, dn, pixels, pixels, pixels, pixels, deg, dn, mag, null, mag, mag, mag, null, null, null
\
1, 203.835689509, 47.7773122123, 203.830623429, 47.7905546477, 0.000222603126807, 0.000259257430261, 0.208769803022, 0.000266943965339, 0.000303400242703, 0.701626479456, 58186.4269213, 58186.4272685, 4586.62588855, 0.794481548973, 48.6117172055, 4.21265471049, 1.94646111349, 0.255652852813, 0.0191968421122, 0.145020146039, 0.0753386773803, 53.1804419251, 0.0204160809022, -0.0397525953856, 0.0780559585734, 1.23275622565, 0, 0.024000
2, 203.83799529, 47.7757291689, 203.834311211, 47.7812232162, 0.000103342380612, 0.000116445719366, 0.723104605999, 0.000103342380065, 0.000116445718663, 0.723104600777, 58186.4269213, 58186.4272685, 1331.60745081, 1.0011142066, 21.425024702, 1.68659523276, 0.798657047331, 0.11416670867, 0.0205202588016, 0.124075617074, 0.0716126124408, 28.4675665539, 0.0381394104305, 0.127142897833, 0.0811355710437, 1.42754101339, 0, 0.000000
3, 203.881240468, 47.6624875485, 203.874212913, 47.6811608508, 9.92264636196e-05, 0.000112099398463, 0.490032516141, 9.92264628294e-05, 0.000112099397476, 0.490032494499, 58186.4269213, 58186.4272685, 11691.0571597, -0.126521646745, 68.4883794334, 4.83717102685, 0.764996147692, 0.10313956474, 0.00579906537555, 0.0210396227538, 0.0218126785305, 127.982871863, 0.00848344930034, 0.251387131183, 0.02340431278, 3.95814527218, 0, 0.000000
4, 203.778016961, 47.6190739942, 203.751942294, 47.6275544649, 5.99855873961e-05, 6.01696624317e-05, 0.711691840128, 5.99855876982e-05, 6.0169662765e-05, 0.711691846615, 58186.4269213, 58186.4272685, 6327.63941718, 0.49948583552, 69.3893177411, 2.58243087768, 0.430440410698, 0.0433936780991, 0.00226947929886, 0.0214600744783, 0.0167533474606, 65.002653536, 0.0167029520442, -0.0683809922858, 0.0236572030918, 1.20807652852, 0, 0.023000
5, 203.778300092, 47.6056637766, 203.754756733, 47.6123576147, 8.92002468724e-05, 8.7964055295e-05, 0.638924176383, 8.92002472438e-05, 8.79640557044e-05, 0.638924183498, 58186.4269213, 58186.4272685, 4982.75328723, 0.145153989668, 61.2568562364, 2.71960593703, 0.635931832136, 0.0698735165928, 0.00417228973412, 0.0324999914926, 0.02598439764, 53.5231882498, 0.0202853424891, -0.400516276445, 0.0329648910299, 1.24354562406, 0, 0.026000
6, 203.885973744, 47.5086860216, 203.88390384, 47.5036051587, 5.82678257855e-05, 6.11049172376e-05, 0.431279701818, 5.8267428978e-05, 6.11012330693e-05, 0.431267522846, 58186.4269213, 58186.4272685, 763.284417463, 0.455955151409, 18.7338883709, 0.974748261902, 0.429378640901, 0.050738363538, 0.0100369546169, 0.0879673017953, 0.052941203724, 25.8888293212, 0.0419384048343, 0.138961292035, 0.0675396243089, 1.14207824282, 0, 0.000000
