\
\ strid, ra1, dec1, ra2, dec2, ra1_err, dec1_err, corr1, ra2_err, dec2_err, corr2, start_mjd, end_mjd, flux, bg, length, sigma, length_err, sigma_err, pa_err, bg_err, fit_mag_err, ap_snr, ap_mag_err, dmag, dmag_err, chi2, numfit, prob
\ null, deg, deg, deg, deg, deg, deg, null, deg, deg, null, days, days, dn, dn, pixels, pixels, pixels, pixels, deg, dn, mag, null, mag, mag, mag, null, null, null
\
1, 133.904809639, 29.8680846335, 133.896951022, 29.8640197668, 0.000734746516098, 0.000709341345114, 0.782210131405, 0.00073474651646, 0.000709341344369, 0.782210130465, 58105.4068056, 58105.4071528, 1601.30628714, 0.80825656069, 28.2469921929, 2.47831698217, 5.25985029943, 0.790401623804, 0.108914812641, 0.403392959891, 0.343447579105, 23.8592600153, 0.0455058624643, -0.151612731976, 0.346449163821, 13.7647151077, 0, 0.000000
2, 133.535105237, 29.8419381947, 133.528579605, 29.8496514244, 0.00168957747326, 0.00177612064508, 0.876891711123, 0.00187506375875, 0.00182762185634, 0.91899708852, 58105.4068056, 58105.4071528, 2576.93229262, -2.48899515656, 34.0095426859, 3.6586909242, 13.4775750862, 1.68521529567, 0.180282692946, 1.69573764296, 0.742241072769, 155.496782911, 0.00698237085318, -0.201245845118, 0.742273914137, 10.4768320331, 0, 0.006000
3, 133.45200884, 29.8340163011, 133.445576396, 29.8368571952, 0.000510848486567, 0.000465510254578, 0.777576991769, 0.000510848486413, 0.000465510254046, 0.777576990678, 58105.4068056, 58105.4071528, 929.332076484, -1.42035765294, 22.2628657414, 1.41192582393, 3.52988998698, 0.461129068578, 0.0772361374471, 0.550588071432, 0.344110545395, 32.8958278371, 0.0330052859631, -0.181331941887, 0.345689768946, 10.5319212689, 0, 0.000000
4, 133.397808607, 29.7924463491, 133.391966666, 29.7953105518, 0.000468585419966, 0.000420277142935, 0.79406487186, 0.000468585422159, 0.000420277144744, 0.794064874506, 58105.4068056, 58105.4071528, 1726.54647998, -2.07148123364, 20.7027906603, 1.90568453511, 3.24403101671, 0.495268074214, 0.0943333207287, 0.564653606749, 0.278432760258, 39.8804459066, 0.0272247759541, -0.121799072464, 0.279760594813, 16.1092421324, 0, 0.000000
5, 133.721189613, 29.7790670767, 133.719780993, 29.7837011256, 0.000456815643036, 0.000510352872196, 0.419659067684, 0.000456815640308, 0.00051035286953, 0.41965905076, 58105.4068056, 58105.4071528, 893.185791638, -1.19974312209, 17.0387453833, 1.54426986707, 3.52678848597, 0.533107824609, 0.12365808119, 0.513959541756, 0.366223121037, 24.9391977497, 0.0435353300317, -0.410509426909, 0.368801707348, 16.4653154399, 0, 0.000000
6, 133.276188011, 29.727656704, 133.270235415, 29.7351661516, 0.000848879510064, 0.000868020725045, 0.83572712302, 0.000843826942136, 0.000864086720769, 0.832807170266, 58105.4068056, 58105.4071528, 2641.06787661, -2.97711275778, 32.4107175002, 2.81797712995, 6.28603066339, 1.00763226835, 0.110287221126, 1.19632103374, 0.439058778989, 75.1167266815, 0.014453987184, -0.00593797728764, 0.439296630027, 12.7488567248, 0, 0.004000
7, 133.570632218, 29.7283641521, 133.565754019, 29.7241378709, 0.000634430798736, 0.000656110755049, 0.899638677941, 0.000625835195573, 0.000647547750448, 0.896916600503, 58105.4068056, 58105.4071528, 1857.93069178, -4.82890973641, 21.286192092, 2.09921886613, 4.74012311039, 0.810369273667, 0.135361665602, 1.98226387435, 0.4907937064, 59.9834076735, 0.0181006089328, -0.0103871037139, 0.491127370735, 12.2587275026, 0, 0.011000
8, 133.394471333, 29.6909268128, 133.387638663, 29.6960378233, 0.0010815836417, 0.00101594043581, 0.891807247042, 0.00110263192986, 0.00104122878785, 0.897083398935, 58105.4068056, 58105.4071528, 2872.25941938, -4.72864410947, 27.8470203413, 2.80917221584, 7.86769352898, 1.37325721879, 0.172240645716, 2.40094314166, 0.640617464854, 75.0318243563, 0.0144703426056, -0.0154844141628, 0.640780872913, 17.3415715483, 6, 0.009000
9, 133.407719964, 29.6678022835, 133.39895685, 29.671748997, 0.00144948412601, 0.00122116765724, 0.767852943198, 0.0013987861971, 0.00117484236702, 0.739153104568, 58105.4068056, 58105.4071528, 4147.19428069, -4.8843996024, 30.4921509224, 4.11793438796, 10.0394751155, 1.92911335388, 0.221120776294, 2.53488817479, 0.697662620287, 114.681412767, 0.00946741218614, -0.0763713400833, 0.697726854607, 19.559760381, 0, 0.009000
10, 133.217386303, 29.6093131447, 133.214138161, 29.6111502513, 2.990107163e-05, 3.03291528734e-05, 0.807219575351, 4.4263903706e-05, 4.2286448205e-05, 0.932064986863, 58105.4068056, 58105.4071528, 488.12639287, 0.907065542618, 11.9768141669, 0.306026398789, 0.261851334034, 0.0259697938433, 0.00781122676213, 0.21773477456, 0.0788191484077, 33.273487145, 0.0326306707808, 0.799587893187, 0.0853066165741, 118.821429317, 2, 0.000000
11, 133.713649862, 29.5267031108, 133.70326801, 29.525660361, 2.97795460492e-05, 2.87326861471e-05, 0.181416315717, 2.97785709534e-05, 2.87325120035e-05, 0.181369745039, 58105.4068056, 58105.4071528, 1994.53436563, -0.0966356487153, 32.3444305618, 0.974560818578, 0.209313502582, 0.0190269730237, 0.00211803692334, 0.0373550853941, 0.019216162371, 45.6899090385, 0.0237631509365, 0.0057747115546, 0.0305605667274, 1.28860497573, 0, 0.008000
12, 133.20513055, 29.4004180795, 133.199256988, 29.413353877, 0.000542427849074, 0.000676990607645, 0.734605276162, 0.00119954265392, 0.00115655963884, 0.978866904452, 58105.4068056, 58105.4071528, 12883.8411754, 0.98333290397, 49.4547067511, 8.08366589432, 6.91417780325, 0.462726932964, 0.0433474853771, 0.299445134322, 0.154926233646, 83.2659977776, 0.0130393706163, -0.437738333071, 0.155473994796, 1.23248539692, 1, 0.004000
