\
\ strid, ra1, dec1, ra2, dec2, ra1_err, dec1_err, corr1, ra2_err, dec2_err, corr2, start_mjd, end_mjd, flux, bg, length, sigma, length_err, sigma_err, pa_err, bg_err, fit_mag_err, ap_snr, ap_mag_err, dmag, dmag_err, chi2, numfit, prob
\ null, deg, deg, deg, deg, deg, deg, null, deg, deg, null, days, days, dn, dn, pixels, pixels, pixels, pixels, deg, dn, mag, null, mag, mag, mag, null, null, null
\
1, 162.948847409, 10.7423719946, 162.93930771, 10.740728603, 1.01767740798e-05, 9.81579208539e-06, 0.313061660307, 1.01765175786e-05, 9.81553042464e-06, 0.312927835942, 58153.4264699, 58153.4268171, 15183.3877215, 0.731574307036, 33.8356272044, 1.01577265577, 0.0715001143973, 0.0064853985183, 0.0006904508125, 0.0819639206294, 0.00627819051944, 122.105813614, 0.00889176504072, 0.0248382161236, 0.0108848133534, 1.22242822888, 0, 0.962000
2, 162.205171957, 10.5181594041, 162.202018625, 10.5158130102, 0.000390567148436, 0.000386480792988, 0.889707704328, 0.000390606339898, 0.00038646905222, 0.889682220667, 58153.4264699, 58153.4268171, 259.158416451, 12.5738176443, 13.8206552657, 0.878740564852, 2.80507173161, 0.366023850495, 0.0991683060433, 0.455670298354, 0.434750553023, 3.62556965398, 0.299466375875, -0.010728240113, 0.527909228592, 1.28578940733, 0, 0.000000
3, 162.206187904, 10.5108792597, 162.204143721, 10.5132358208, 0.000110179022813, 0.000109069279372, 0.925175297643, 0.00010618279573, 0.000105167780562, 0.918265962677, 58153.4264699, 58153.4268171, 275.346169125, 14.3061166324, 11.0112222827, 0.578041500846, 0.775432726698, 0.0937428423286, 0.0321309921136, 0.23899897407, 0.165199929013, 5.54537265347, 0.195791387271, 0.0885884913317, 0.256174323217, 1.23984238718, 0, 0.000000
4, 162.928687367, 10.5046471998, 162.922062779, 10.5034784494, 0.000178875753455, 0.000177544656166, 0.257567302047, 0.00018703405584, 0.000182342819864, 0.38781270489, 58153.4264699, 58153.4268171, 264.141814782, 15.2665736683, 23.5312414379, 0.482163530799, 1.2900049493, 0.101808171979, 0.0153200041963, 0.164002763263, 0.204864423116, 4.45760256621, 0.243569539597, 0.0738540870254, 0.318269622299, 1.29443740892, 6, 0.000000
5, 162.943232626, 10.5034044397, 162.936650034, 10.5039981349, 0.00043685493035, 0.000449022150117, 0.565558231872, 0.000513693431981, 0.00050753885056, 0.775832083764, 58153.4264699, 58153.4268171, 265.069031478, 17.6536668102, 23.1119281228, 0.304703930915, 3.38013125522, 0.0706500850162, 0.0102078246402, 0.238398008882, 0.246841996398, 7.39059648665, 0.146907791099, 0.435134314093, 0.28725053572, 1.06626818336, 1, 0.000000
6, 162.983363308, 10.4955593241, 162.977744396, 10.4919698618, 0.000557512019469, 0.000542538508904, 0.843265393606, 0.000557511627952, 0.000542538034787, 0.843264947425, 58153.4264699, 58153.4268171, 600.477083429, 16.3306743478, 23.4266866086, 1.5173773833, 3.98119742928, 0.533447878729, 0.0835235810703, 0.440645686452, 0.38248138436, 5.43283133573, 0.199847213665, 0.083033593247, 0.431544804385, 1.29822305346, 0, 0.000000
7, 162.949399884, 10.4888728238, 162.946799582, 10.4852382157, 0.000238733144035, 0.000249280975252, 0.906815558687, 0.000235698711928, 0.000244464192416, 0.904302959584, 58153.4264699, 58153.4268171, 243.369953466, 14.2090809404, 15.7994826609, 0.624603446451, 1.73344193078, 0.183861419722, 0.0419344105439, 0.308175443646, 0.294319162918, 4.89982689074, 0.221586645604, 0.248744358582, 0.368407941243, 1.33079776855, 8, 0.000000
8, 162.525910719, 10.3374103768, 162.522236031, 10.3409268523, 0.000180366732193, 0.000176589429554, 0.956964939693, 0.000179095938782, 0.000175697979032, 0.956454110354, 58153.4264699, 58153.4268171, 408.927535569, 7.71244634558, 17.9317329645, 0.703763774823, 1.2761915356, 0.132438873053, 0.0266798997359, 0.240485139479, 0.188081230805, 8.94474773217, 0.1213825406, 0.213457197639, 0.223848767125, 1.26752562706, 1, 0.000000
