\
\ strid, ra1, dec1, ra2, dec2, ra1_err, dec1_err, corr1, ra2_err, dec2_err, corr2, start_mjd, end_mjd, flux, bg, length, sigma, length_err, sigma_err, pa_err, bg_err, fit_mag_err, ap_snr, ap_mag_err, dmag, dmag_err, chi2, numfit, prob
\ null, deg, deg, deg, deg, deg, deg, null, deg, deg, null, days, days, dn, dn, pixels, pixels, pixels, pixels, deg, dn, mag, null, mag, mag, mag, null, null, null
\
1, 150.632653722, 29.2788843308, 150.625929934, 29.275544781, 0.00014162342766, 0.000130522610714, 0.721869564054, 0.000141623427665, 0.000130522610251, 0.721869560911, 58154.3686227, 58154.3689699, 6567.02544016, 5.82440921475, 23.9934901874, 3.24752274488, 1.01263796915, 0.179561300985, 0.0318808092129, 0.24988700032, 0.0618761039781, 42.3945087889, 0.0256103027438, 0.0499266628089, 0.0669667070277, 1.25593612801, 0, 0.032000
2, 150.607167654, 29.2717619691, 150.586684672, 29.2654575781, 0.000551753851569, 0.000354524354368, 0.531232527906, 0.000552270741688, 0.000372972251527, 0.596460897687, 58154.3686227, 58154.3689699, 38795.3937965, 4.67382431386, 67.3608818042, 15.8324304286, 3.91613658076, 1.02821504362, 0.0503426913848, 0.473369964229, 0.121003176533, 133.848376123, 0.00811168753933, -0.0992469873558, 0.121274763268, 1.23137042484, 0, 0.015000
3, 150.573716718, 29.2713100877, 150.568797131, 29.2702909339, 0.000144813479676, 0.000135052289503, 0.370816463479, 0.000144807760731, 0.000135048894629, 0.370732701006, 58154.3686227, 58154.3689699, 788.627016265, 8.38918342197, 15.6812029113, 1.0277952425, 1.01118289645, 0.132761977035, 0.0320646240794, 0.266388801584, 0.133489196189, 13.2869795114, 0.0817142981087, 0.2222399733, 0.156513871637, 1.23526135345, 1, 0.000000
4, 150.606568183, 29.270437279, 150.588254228, 29.2638509828, 0.000556435902866, 0.000414198161302, 0.657241638078, 0.000545109741543, 0.000378528119733, 0.556711480449, 58154.3686227, 58154.3689699, 27740.4189206, 6.2049666656, 61.4344031611, 13.6352272017, 3.93429915716, 0.962721937061, 0.0561607860578, 0.41443086508, 0.121731816347, 99.6965745884, 0.0108904063077, -0.0732185088798, 0.122217985832, 1.22837559756, 0, 0.011000
5, 150.606441767, 29.2642901148, 150.603182213, 29.2648767672, 0.000324182013764, 0.000243393555905, 0.377682327866, 0.000324182016021, 0.000243393558313, 0.377682359924, 58154.3686227, 58154.3689699, 628.269692903, 10.7312701643, 10.3226432895, 1.66099292577, 2.16256185047, 0.401965472387, 0.175633034954, 0.423122806861, 0.272644966923, 5.82827755251, 0.186287663032, -0.121072807603, 0.33020958706, 1.36932319422, 4, 0.000000
6, 150.566558205, 29.2569577364, 150.561655094, 29.2552820249, 8.46639705508e-05, 8.2782950953e-05, 0.599329949082, 8.45570306257e-05, 8.26654909142e-05, 0.596908311205, 58154.3686227, 58154.3689699, 1031.02190805, 7.82668254328, 16.3332868659, 0.857952654246, 0.602035653916, 0.0713785633751, 0.0162358799348, 0.255840405311, 0.0849284109569, 20.350711036, 0.0533512663435, 0.320643988498, 0.100295526361, 0.999986537585, 0, 0.000000
7, 150.566343356, 29.2577612719, 150.559421738, 29.2514323287, 0.000488753388398, 0.000517605738466, 0.982863065523, 0.000227816057655, 0.000241925598698, 0.92130900361, 58154.3686227, 58154.3689699, 3077.58266611, 5.3081600389, 31.1026892651, 2.11273741941, 2.85114882491, 0.246455763105, 0.030013627071, 0.475464056455, 0.148852296267, 29.9754023601, 0.0362209051179, -0.0722223413791, 0.15319582263, 1.16973024403, 0, 0.039000
8, 150.568688394, 29.2355693534, 150.565539357, 29.2331450744, 0.000181251508219, 0.000186628767669, 0.877371905766, 0.000181251511092, 0.000186628768897, 0.877371907379, 58154.3686227, 58154.3689699, 883.817224743, 5.45224022541, 13.028541746, 1.31568075597, 1.34557648314, 0.213251256601, 0.0656466901983, 0.408514076123, 0.174835516987, 15.7434852014, 0.0689641582451, 0.237144489599, 0.187945505726, 1.20813122304, 0, 0.000000
9, 150.561382486, 29.2257773486, 150.558686426, 29.2291313797, 0.00019964373094, 0.000212687151189, 0.780689137929, 0.000199643108308, 0.000212686709512, 0.780687482568, 58154.3686227, 58154.3689699, 2040.30872192, 5.64851450136, 14.5697116816, 2.33960406907, 1.5631221805, 0.29973676676, 0.0889138667104, 0.587172440981, 0.154008177467, 24.1826942572, 0.0448972390426, -6.85139827183e-06, 0.160419078667, 1.23147823762, 0, 0.000000
10, 150.555952333, 29.226292912, 150.546044549, 29.2234043776, 0.000257514403011, 0.000233945534067, 0.404830742471, 0.000272508350231, 0.000256961586156, 0.60689558709, 58154.3686227, 58154.3689699, 3931.34594459, 3.04221975256, 32.4103407397, 2.63405522249, 1.87117862541, 0.266165229068, 0.0297660598076, 0.47071716074, 0.120026083101, 42.6915881375, 0.0254320874937, -0.0131594865201, 0.122690878629, 1.18608001639, 0, 0.216000
