\
\ strid, ra1, dec1, ra2, dec2, ra1_err, dec1_err, corr1, ra2_err, dec2_err, corr2, start_mjd, end_mjd, flux, bg, length, sigma, length_err, sigma_err, pa_err, bg_err, fit_mag_err, ap_snr, ap_mag_err, dmag, dmag_err, chi2, numfit, prob
\ null, deg, deg, deg, deg, deg, deg, null, deg, deg, null, days, days, dn, dn, pixels, pixels, pixels, pixels, deg, dn, mag, null, mag, mag, mag, null, null, null
\
1, 220.203285591, 38.1600659866, 220.201133219, 38.164957142, 0.000964724912345, 0.00100911224494, 0.9995177839, 0.000457527759028, 0.000441334976597, 0.989494938238, 58232.2284722, 58232.2288194, 707.95409616, 49.4216126728, 18.3997425341, 0.225748389796, 5.46168173762, 0.0272672450257, 0.00539313085334, 0.509993228348, 0.311054032311, 7.50274806227, 0.144711803695, -0.351037768239, 0.34306867701, 1.2598076406, 1, 0.000000
2, 220.287635322, 38.1446208976, 220.281907629, 38.1473523864, 0.000229883934667, 0.000227609374297, 0.816913083039, 0.000226006948348, 0.000222927249631, 0.802933073471, 58232.2284722, 58232.2288194, 2215.95375572, 45.2922561869, 18.7278109671, 1.06860067495, 1.63361792524, 0.200979968733, 0.039690326217, 1.11632524298, 0.19586581903, 17.6859073508, 0.0613899068461, 0.238625859143, 0.205261150067, 1.26178042359, 0, 0.000000
3, 220.283471074, 38.136791571, 220.277029174, 38.1401191767, 0.000530456623576, 0.000552209680278, 0.999490460276, 0.000133864952498, 0.000128093721204, 0.870710849164, 58232.2284722, 58232.2288194, 1024.22952496, 48.0746960032, 21.5494312724, 0.221426920474, 2.80259969683, 0.0223502378003, 0.00400126801122, 0.448963319925, 0.161813438207, 10.4083917421, 0.104313541579, -0.329758895952, 0.192522475937, 1.24252780888, 1, 0.000000
4, 220.242509823, 38.1189477801, 220.234625204, 38.114527027, 0.000165300426456, 0.000158638752872, 0.953083722243, 0.000144353013622, 0.000137348381818, 0.922019136843, 58232.2284722, 58232.2288194, 1128.62083377, 44.8191167724, 27.0933156014, 0.473527390354, 1.08877765416, 0.0762357831207, 0.0100950412124, 0.438994797841, 0.157930540253, 6.41767334728, 0.169179100588, -0.479681617001, 0.231438163708, 1.26470078009, 5, 0.000000
5, 220.235711437, 38.114585085, 220.233038419, 38.117710091, 8.19358524684e-05, 8.74055917912e-05, 0.887650451933, 8.13936012487e-05, 8.67674411776e-05, 0.885562224059, 58232.2284722, 58232.2288194, 1135.59528085, 41.2474776104, 13.3902786663, 0.733696017474, 0.607226003979, 0.0740851290877, 0.0205331297201, 0.459259854951, 0.102576001405, 4.91833918773, 0.220752608415, -0.797951017795, 0.243420521292, 1.32581760498, 0, 0.000000
6, 219.952125417, 38.1179934797, 219.939703108, 38.1118978271, 0.000252597627675, 0.000242199089014, 0.984037723228, 0.000117419494851, 0.000114068791904, 0.603001720975, 58232.2284722, 58232.2288194, 1230.03948069, 53.1694776864, 40.9620034051, 0.251727914818, 1.37603781614, 0.0220577185838, 0.00191892749515, 0.23410479359, 0.0886121419218, 7.36909686482, 0.147336400196, -0.510949274908, 0.171930586338, 1.13393373846, 5, 0.000000
