\
\ strid, ra1, dec1, ra2, dec2, ra1_err, dec1_err, corr1, ra2_err, dec2_err, corr2, start_mjd, end_mjd, flux, bg, length, sigma, length_err, sigma_err, pa_err, bg_err, fit_mag_err, ap_snr, ap_mag_err, dmag, dmag_err, chi2, numfit, prob
\ null, deg, deg, deg, deg, deg, deg, null, deg, deg, null, days, days, dn, dn, pixels, pixels, pixels, pixels, deg, dn, mag, null, mag, mag, mag, null, null, null
\
1, 169.335821453, 31.6241338834, 169.330430873, 31.6202836305, 0.000211315956834, 0.000222589675619, 0.919563035412, 0.000211321911474, 0.000222595875836, 0.919568802863, 58215.2482986, 58215.2486458, 675.810983846, 18.3850592566, 21.3070537621, 1.02371009144, 1.55990843418, 0.177484980176, 0.0307195359413, 0.20611128782, 0.175215029338, 8.27744915306, 0.131167970311, 0.306574017943, 0.218872892203, 1.20052331992, 1, 0.000000
2, 169.324887411, 31.6210011423, 169.322157741, 31.6188987515, 0.000196778894617, 0.000206614523841, 0.905406065409, 0.000196715307189, 0.000206613146832, 0.905415943501, 58215.2482986, 58215.2486458, 388.519561722, 16.0417107517, 11.1465622807, 0.839274532623, 1.46199283948, 0.204653446815, 0.0705200454908, 0.449874917607, 0.255102804819, 4.11764133234, 0.263679159288, -0.281062213717, 0.366884368799, 1.12472083653, 0, 0.000000
3, 169.334250103, 31.6148103933, 169.331511443, 31.6110680864, 0.000712487694412, 0.000793398448284, 0.852682032199, 0.000712482988995, 0.000793391939236, 0.852679406369, 58215.2482986, 58215.2486458, 200.397500824, 20.5020973506, 15.6839909017, 1.11143213233, 5.45734956007, 0.74368468562, 0.180585913762, 0.358622636316, 0.699277220891, 2.1838413915, 0.497168067691, 0.171637640256, 0.858000419108, 1.19666810305, 1, 0.000000
4, 169.332435976, 31.5854900311, 169.330303673, 31.5804260327, 0.000229121539402, 0.000255417520072, 0.642781464278, 0.000229122974619, 0.000255423937763, 0.642787086075, 58215.2482986, 58215.2486458, 537.897150649, 20.7253075791, 19.1354814314, 1.01205264959, 1.74616108691, 0.207796373084, 0.0403293205397, 0.225880811816, 0.208846442207, 3.87257713537, 0.280365288232, -0.267920410187, 0.34960196119, 1.18979210191, 0, 0.000000
5, 169.321486779, 31.5582366318, 169.315702707, 31.5620162942, 6.4724591044e-05, 6.16566759985e-05, 0.989074027324, 4.13813215005e-05, 3.84322301729e-05, 0.928395767735, 58215.2482986, 58215.2486458, 295.127413637, 15.9483546009, 22.0748793435, 0.251956949465, 0.375514752192, 0.0136491831561, 0.00235921951411, 0.046884627351, 0.0521084956702, 4.63492260234, 0.234251205017, -0.390097052849, 0.2399769205, 1.01974958692, 7, 0.000000
6, 169.32523854, 31.5506719033, 169.317114744, 31.5475284359, 0.000340900063907, 0.000347739116546, 0.684340908385, 0.000341097935707, 0.000347896893845, 0.684900604543, 58215.2482986, 58215.2486458, 290.267786239, 16.5067554537, 27.0354069825, 0.817870779193, 2.46416154225, 0.224551632449, 0.0299258193413, 0.0964508500926, 0.269219606847, 4.56266001482, 0.23796123341, 0.426653042994, 0.359311487872, 1.35284963485, 0, 0.000000
7, 169.312784317, 31.5342939904, 169.304974965, 31.5319498581, 0.000396374950674, 0.000388109490156, 0.500526583943, 0.000409300155666, 0.00040618411412, 0.595101941232, 58215.2482986, 58215.2486458, 701.242633928, 9.24950703338, 25.0911287138, 1.10820032069, 2.87851060541, 0.309729597795, 0.0442985155606, 0.453410883152, 0.292479579927, 8.35621144166, 0.129931633772, -0.0582974074359, 0.320041456891, 1.23023392905, 7, 0.000000
8, 169.329824141, 31.5102067256, 169.326379633, 31.5138624062, 0.000538926573943, 0.000525280275963, 0.87000464558, 0.000538926571407, 0.000525280274672, 0.870004643914, 58215.2482986, 58215.2486458, 520.247560584, 15.9338214007, 16.664014944, 1.46759553935, 3.87638382996, 0.583723297176, 0.136351646305, 0.471886360729, 0.428729250601, 4.86589260051, 0.223131970616, 0.101456226446, 0.483318369847, 1.20899747507, 0, 0.000000
