\
\ strid, ra1, dec1, ra2, dec2, ra1_err, dec1_err, corr1, ra2_err, dec2_err, corr2, start_mjd, end_mjd, flux, bg, length, sigma, length_err, sigma_err, pa_err, bg_err, fit_mag_err, ap_snr, ap_mag_err, dmag, dmag_err, chi2, numfit, prob
\ null, deg, deg, deg, deg, deg, deg, null, deg, deg, null, days, days, dn, dn, pixels, pixels, pixels, pixels, deg, dn, mag, null, mag, mag, mag, null, null, null
\
1, 176.481118498, 32.9357731909, 176.476188452, 32.9362987444, 0.000160265666176, 0.000147765074777, 0.436973280844, 0.000150675915724, 0.000141832374898, 0.162507594592, 58224.2383333, 58224.2386805, 300.313988203, 8.45348946898, 14.8356621694, 0.549557164239, 1.07617203589, 0.108372827018, 0.0246146491972, 0.222391214464, 0.189439725194, 4.84392340304, 0.224143966454, -0.36436082108, 0.293475598951, 2.2028755697, 5, 0.000000
2, 176.515086875, 32.9133341502, 176.509529747, 32.9152100679, 0.00055690726768, 0.000454315282833, 0.645758491905, 0.000556907163798, 0.000454315153966, 0.645758129718, 58224.2383333, 58224.2386805, 796.702886022, 8.2708325969, 17.8856060346, 2.35881837748, 3.77983320306, 0.67233496985, 0.156722325936, 0.355845449204, 0.326189823235, 8.61845916765, 0.125977994864, 0.197111399742, 0.349671640217, 0.938964215979, 0, 0.000000
3, 176.961825089, 32.5299777744, 176.957746849, 32.5319476228, 0.000134773384897, 0.000123010010775, 0.841795335177, 0.000140957823132, 0.000127641356758, 0.859330818791, 58224.2383333, 58224.2386805, 266.488146547, 12.069393973, 14.0901177878, 0.624279586231, 0.945090037073, 0.104160628216, 0.027152372547, 0.165657058995, 0.166631369425, 4.57782798445, 0.237172783348, -0.047748983235, 0.289856761932, 1.18220014168, 0, 0.000000
4, 177.005271605, 32.5250600357, 176.996048394, 32.528475832, 0.00102683381611, 0.000946785534699, 0.939287997792, 0.000589209874628, 0.000538808444289, 0.197724542599, 58224.2383333, 58224.2386805, 786.246635388, 13.0281503259, 30.1988637112, 1.64487945026, 5.81537331973, 0.424275987779, 0.0526130093825, 0.276795154991, 0.309600480995, 5.80475601272, 0.187042522094, -0.11504443427, 0.361714477045, 1.31888066173, 0, 0.000000
5, 177.012216249, 32.5187557197, 177.011325513, 32.5240467538, 0.000428556503022, 0.000475497529668, 0.203139877747, 0.000428556500824, 0.000475497527316, 0.203139847236, 58224.2383333, 58224.2386805, 486.000930394, 13.709898052, 19.0027175771, 1.43472907628, 3.28301156714, 0.462841393627, 0.0927849081532, 0.320856935049, 0.343460685413, 4.76790430493, 0.22771770055, 0.0723482211395, 0.412092942875, 1.27615564818, 0, 0.000000
6, 176.98232557, 32.4465508657, 176.977306366, 32.4504392738, 8.43453403601e-05, 7.80655319934e-05, 0.977433807383, 0.000100849875619, 9.4115603777e-05, 0.984533497814, 58224.2383333, 58224.2386805, 411.160894403, 12.3575916042, 20.4435478383, 0.427785697, 0.641858205776, 0.0727420291295, 0.00712025397391, 0.15609756349, 0.10439168875, 5.70286616624, 0.190384303806, -0.381203669144, 0.217126248564, 1.26053188348, 3, 0.000000
