\
\ strid, ra1, dec1, ra2, dec2, ra1_err, dec1_err, corr1, ra2_err, dec2_err, corr2, start_mjd, end_mjd, flux, bg, length, sigma, length_err, sigma_err, pa_err, bg_err, fit_mag_err, ap_snr, ap_mag_err, dmag, dmag_err, chi2, numfit, prob
\ null, deg, deg, deg, deg, deg, deg, null, deg, deg, null, days, days, dn, dn, pixels, pixels, pixels, pixels, deg, dn, mag, null, mag, mag, mag, null, null, null
\
1, 144.461986324, 29.8727755173, 144.461841734, 29.8854303024, 0.000403601879321, 0.000426426758338, 0.0325742302262, 0.000403601879223, 0.000426426757887, 0.0325742117888, 58101.4462847, 58101.4466319, 2810.5226094, -0.335168980372, 44.9586736943, 1.61304826776, 2.97315074011, 0.293876021905, 0.0237247250288, 0.222221880486, 0.180648029494, 8.59029179027, 0.126391073932, -2.59022465352, 0.220473159658, 52.9463732695, 4, 0.010000
2, 143.865872437, 29.8115536223, 143.860402784, 29.817633914, 0.000375454418923, 0.000393605718334, 0.869338022401, 0.000375454417966, 0.000393605717433, 0.869338021613, 58101.4462847, 58101.4466319, 3265.69453405, -1.89701402753, 27.425193469, 2.71962953527, 2.8112685919, 0.442418697258, 0.0644390880885, 0.352870767282, 0.175427715884, 3.93940941459, 0.27560887699, -2.63462974952, 0.326703438268, 7.92703024087, 0, 0.001000
3, 144.182871774, 29.8089014739, 144.177729341, 29.8062340512, 0.000466863360285, 0.000428875546044, 0.795589102794, 0.000466872416977, 0.00042888706588, 0.795606211183, 58101.4462847, 58101.4466319, 899.683134556, -1.89168074973, 18.4806007908, 1.80832706055, 3.28577135041, 0.527327258459, 0.110099903006, 0.603465147058, 0.330848595538, 34.0955485524, 0.0318439283383, 0.0074187443076, 0.332377539767, 5.46859845835, 0, 0.001000
4, 143.91023243, 29.7911265955, 143.907690825, 29.8008011897, 0.000198960983678, 0.000214356809205, 0.414342445206, 0.000198960982462, 0.000214356807829, 0.414342423717, 58101.4462847, 58101.4466319, 6763.37589115, -0.355703258615, 35.2671103583, -1.79792529464, 1.48625177851, 0.172909704736, 0.0182720068481, 0.272418441895, 0.0964152220245, 76.9855432215, 0.0141031180573, -0.301057998263, 0.0974412283224, 73.9256512898, 0, 0.409000
5, 144.473940223, 29.4357754776, 144.471571757, 29.4299473741, 9.24588324898e-05, 9.61645134902e-05, 0.593401663024, 9.2460500758e-05, 9.60830800149e-05, 0.593633906187, 58101.4462847, 58101.4466319, 11533.9206359, -3.3360454959, 21.9740369524, 0.80977865804, 0.675556591006, 0.0678373781315, 0.0111980226113, 1.96916986276, 0.0834713014543, 104.48090559, 0.010391718933, -0.274604779212, 0.0841156702931, 56.8900326775, 3, 0.010000
6, 144.298139156, 29.408548576, 144.293835376, 29.4027722211, 8.08371820081e-05, 8.61656940774e-05, 0.810119941573, 8.08371818033e-05, 8.61656940934e-05, 0.810119939932, 58101.4462847, 58101.4466319, 2518.97025862, -1.00066558292, 24.4774072727, 2.559842166, 0.611281435533, 0.0975662997607, 0.0162393851506, 0.0577468552111, 0.0405841292389, 23.7164983886, 0.0457797853194, -1.03865999942, 0.0611789203074, 1.01462892429, 0, 0.006000
7, 144.314002182, 29.3619784935, 144.307403334, 29.3455395691, 4.89890211021e-05, 5.06437971781e-05, 0.592848890491, 4.89890209865e-05, 5.06437971008e-05, 0.592848885697, 58101.4462847, 58101.4466319, 5680.07001187, 0.144931019543, 61.900933934, 2.00430563546, 0.356478878608, 0.0335242110425, 0.00195807926885, 0.0213785614466, 0.0164695576077, 81.3275376536, 0.0133501669432, 0.235232525764, 0.0212007850139, 1.74192511375, 0, 0.027000
8, 144.307006452, 29.3571901757, 144.302174179, 29.3464563481, 0.00027625737021, 0.000292783760372, 0.745427257287, 0.000232528801089, 0.000256473351348, 0.468689438142, 58101.4462847, 58101.4466319, 3398.74318197, -0.956110663541, 40.9828481206, 3.06196794051, 1.93520859459, 0.244647498946, 0.022230933534, 0.171099689943, 0.0907642829457, 132.826215296, 0.00817411082849, 0.00746154334092, 0.0911316144183, 1.47372046497, 0, 0.011000
9, 144.313384643, 29.324609013, 144.307620574, 29.3330927608, 0.000124193457506, 0.000133971184, 0.800161732001, 0.00012419345679, 0.000133971183234, 0.800161728525, 58101.4462847, 58101.4466319, 3908.80807977, 0.194567955005, 35.0504868335, 3.11044171047, 0.940537243238, 0.141602328333, 0.015819252948, 0.0830742547016, 0.0487095859545, 59.3994625934, 0.0182785526561, 0.0817282008148, 0.05202623618, 1.52232948865, 0, 0.008000
10, 144.307269227, 29.3214414474, 144.300448986, 29.3301212885, 9.54213485046e-05, 9.88500027551e-05, 0.88711121328, 9.54213481924e-05, 9.88500024207e-05, 0.887111212176, 58101.4462847, 58101.4466319, 2277.43527681, -0.551373920171, 37.4005068585, 1.80421778459, 0.698496497326, 0.0802896570182, 0.00784126494022, 0.0791625784356, 0.0458133698329, 54.5576978255, 0.0199006968408, -1.08858564291, 0.0499489998918, 1.00644096938, 0, 0.013000
11, 144.311035426, 29.3113884716, 144.305614515, 29.3213964275, 0.000136067925373, 0.000145831613754, 0.580906128083, 0.000173939434415, 0.000180685268692, 0.84691507072, 58101.4462847, 58101.4466319, 2435.11431198, -0.915417386775, 39.3419290649, 2.09967125254, 1.15851553107, 0.119627219319, 0.0110736554155, 0.119412021399, 0.0623843554411, 95.5219011063, 0.0113663588369, -0.062139410564, 0.0634113705656, 1.21693861678, 0, 0.008000
12, 144.317256259, 29.3121940965, 144.313604837, 29.3199667666, 8.61338767614e-05, 9.05120387594e-05, 0.679963335679, 8.61334915982e-05, 9.05117226809e-05, 0.679956887014, 58101.4462847, 58101.4466319, 1105.27525433, -0.674132776953, 29.8559732572, 1.15544000362, 0.633753346059, 0.0659119042287, 0.00791649987205, 0.104147892938, 0.0584674699073, 75.9489398213, 0.0142956071186, -0.824527861913, 0.0601897783702, 0.943747110016, 0, 0.025000
13, 144.347718072, 29.2633204506, 144.334391088, 29.3117879905, 6.88651433064e-05, 7.11055592497e-05, 0.453691004974, 6.88651430254e-05, 7.11055589485e-05, 0.453690991314, 58101.4462847, 58101.4466319, 25705.7433972, -0.125661644003, 177.15503423, 3.67060374149, 0.499585401656, 0.0378499397935, 0.000759671326169, 0.010242754604, 0.0100055142984, 125.67438183, 0.00863928024907, -0.692473743936, 0.0132192087357, 3.67878513293, 0, 0.004000
14, 144.321276393, 29.3053136498, 144.319204767, 29.3106496419, 5.6759115221e-05, 5.98694946597e-05, 0.587852892572, 5.68810277037e-05, 6.00215768008e-05, 0.591984556507, 58101.4462847, 58101.4466319, 650.766374312, -0.138003461717, 20.0238849035, 0.795512578675, 0.418659794629, 0.0437607346447, 0.00792116969234, 0.0846527156577, 0.0549322964994, 23.7957048931, 0.0456274024927, -0.293730825048, 0.071410202751, 1.14646881592, 0, 0.000000
15, 144.399811765, 29.0786480854, 144.395922493, 29.0744913214, 0.000127366535516, 0.000129186592302, 0.905711312025, 0.000127366531582, 0.000129186588859, 0.905711304727, 58101.4462847, 58101.4466319, 566.855407106, 2.66534221299, 19.0869621174, 1.28689149928, 0.926734751326, 0.123238886138, 0.0245204320711, 0.0941028436617, 0.0992119163814, 14.755462595, 0.07358198347, 0.37249587799, 0.123520494832, 1.30136782133, 0, 0.000000
16, 144.397592488, 29.0705299716, 144.360754571, 29.0674461386, 0.000991187266824, 0.00088955714081, 0.0977917657711, 0.00101005545401, 0.000909272735978, 0.293772040536, 58101.4462847, 58101.4466319, 15579.7913921, 0.899592946724, 114.986198855, 8.5660868641, 7.09429336943, 0.340788506297, 0.010988521243, 0.0831540386759, 0.0751876233685, 89.0199235182, 0.0121965528822, -0.185210283501, 0.0761704313367, 1.19646127005, 1, 0.000000
