\
\ strid, ra1, dec1, ra2, dec2, ra1_err, dec1_err, corr1, ra2_err, dec2_err, corr2, start_mjd, end_mjd, flux, bg, length, sigma, length_err, sigma_err, pa_err, bg_err, fit_mag_err, ap_snr, ap_mag_err, dmag, dmag_err, chi2, numfit, prob
\ null, deg, deg, deg, deg, deg, deg, null, deg, deg, null, days, days, dn, dn, pixels, pixels, pixels, pixels, deg, dn, mag, null, mag, mag, mag, null, null, null
\
1, 134.314493941, 33.0295323778, 134.312773698, 33.0361831317, 0.00027037677199, 0.000279741254667, 0.343268062093, 0.000280216109488, 0.000288108989322, 0.48020778627, 58190.155, 58190.1553472, 616.91021953, 1.55383198558, 24.1954297426, -0.517616188875, 2.00094160113, 0.14715895496, 0.0206735783709, 0.252614943571, 0.268348792966, 42.2057468832, 0.025724842822, 0.447379536141, 0.269579009243, 85.0688860941, 0, 0.012000
2, 134.172627839, 33.0041296882, 134.163585256, 33.0008953316, 0.000267155938021, 0.000255949308161, 0.701248421507, 0.0002671488879, 0.000255943218012, 0.701218672407, 58190.155, 58190.1553472, 274.025150865, 2.76166163214, 29.3075927933, 1.05271746807, 1.87388541449, 0.186070268158, 0.0229629593049, 0.061255284589, 0.176457784768, 11.0260747902, 0.0984698748577, 0.802509115759, 0.202073417499, 1.419625654, 0, 0.000000
3, 134.052323885, 32.915829546, 134.046115119, 32.9117967004, 0.000816423736972, 0.000760059691351, 0.832113547521, 0.000816658846557, 0.000760389962631, 0.832273802687, 58190.155, 58190.1553472, 469.4457831, 2.75712095911, 23.4267313725, 3.42253683106, 5.95224657382, 1.14552195577, 0.196953528927, 0.193236236614, 0.42140399023, 7.02890408443, 0.15446735248, -0.00127278000102, 0.448822332292, 1.24650377535, 2, 0.000000
4, 134.366822526, 32.8992714078, 134.372665189, 32.8942084616, 0.000778206133455, 0.000786232911249, 0.866088939891, 0.000778475614381, 0.000786537403831, 0.866186649445, 58190.155, 58190.1553472, 467.463137314, 3.9666862931, -25.0609469385, 3.28945672656, 5.8261782013, 1.04799448852, 0.171017364928, 0.141723637138, 0.374694358901, 5.53263795408, 0.196242048326, 0.0760647211379, 0.422973762925, 1.25291191558, 7, 0.000000
5, 134.070908368, 32.9005702186, 134.0673355, 32.8965313427, 0.000175998836884, 0.000179082827567, 0.89916895569, 0.000176060847477, 0.000179140983603, 0.899272313168, 58190.155, 58190.1553472, 203.510960928, 3.11599842048, 17.8844689581, 0.942419244852, 1.27710118886, 0.151393581243, 0.0315126664671, 0.0680990779363, 0.162565137055, 5.20063718563, 0.208769842234, 0.0695776685877, 0.264598319745, 1.23002612016, 0, 0.000000
6, 134.377421471, 32.8790953166, 134.372788709, 32.8750448001, 0.000416604176388, 0.000416660950801, 0.916544668461, 0.000416599098976, 0.000416656742025, 0.916542680629, 58190.155, 58190.1553472, 277.556469739, 3.88489300622, 19.9658370381, 1.51798804554, 3.02666831084, 0.434712285671, 0.0814889535833, 0.190846147758, 0.314587083428, 4.93202217345, 0.220140171024, 0.0125447553848, 0.383961883471, 1.27944249648, 0, 0.000000
7, 134.359310664, 32.8554459012, 134.35438669, 32.8628908344, 0.000398965895722, 0.000415821808801, 0.815177191449, 0.000398965884021, 0.00041582179794, 0.815177171204, 58190.155, 58190.1553472, 236.501936801, 4.11595382869, 30.2757194036, 1.35158540997, 2.92509141984, 0.321298423577, 0.0389434544688, 0.0502718762524, 0.238988654665, 8.56162725856, 0.126814234254, 1.02633539394, 0.270550230212, 0.510338108666, 1, 0.000000
8, 134.412543434, 32.8601178593, 134.398396525, 32.853506547, 0.000421721127133, 0.000409320473803, 0.830108647305, 0.000421721127213, 0.00040932047378, 0.830108647206, 58190.155, 58190.1553472, 424.908389942, 4.3869723882, 48.3422494468, 1.44180934911, 2.97313825422, 0.271267795514, 0.0199988001239, 0.0540190988288, 0.188366227898, 5.73700158099, 0.189251508725, 0.168698073156, 0.267016796039, 1.26138009363, 0, 0.000000
9, 134.424917705, 32.8570756127, 134.413454806, 32.8510605201, 7.10646713183e-05, 7.00921320495e-05, 0.886875909056, 7.23425733621e-05, 7.12585788507e-05, 0.893503179512, 58190.155, 58190.1553472, 374.538772121, 3.39841402903, 40.3610041631, 0.605756462442, 0.50745196214, 0.0327418181281, 0.00284821230682, 0.0174416109287, 0.0518018421459, 17.2822544558, 0.0628237599172, 0.930887626952, 0.0814263818418, 1.10693278403, 0, 0.000000
10, 133.861483058, 32.7584924599, 133.853868816, 32.7492035805, 0.00142849284973, 0.00147875137019, 0.894009338901, 0.00150231160147, 0.00156944596278, 0.907882934388, 58190.155, 58190.1553472, 956.155733553, 0.512164638324, 40.1088677659, 3.83049102367, 11.3939114135, 1.15688411153, 0.099599381036, 0.358317168916, 0.511767864687, 22.377053748, 0.0485200695759, -0.20434678292, 0.514062782623, 1.34892315581, 2, 0.000000
