\
\ strid, ra1, dec1, ra2, dec2, ra1_err, dec1_err, corr1, ra2_err, dec2_err, corr2, start_mjd, end_mjd, flux, bg, length, sigma, length_err, sigma_err, pa_err, bg_err, fit_mag_err, ap_snr, ap_mag_err, dmag, dmag_err, chi2, numfit, prob
\ null, deg, deg, deg, deg, deg, deg, null, deg, deg, null, days, days, dn, dn, pixels, pixels, pixels, pixels, deg, dn, mag, null, mag, mag, mag, null, null, null
\
1, 190.159627659, 24.0888102833, 190.146033349, 24.0813980799, 8.93980179247e-05, 8.59435097524e-05, 0.861292619069, 8.93980179478e-05, 8.59435097665e-05, 0.86129261913, 58105.5398495, 58105.5401967, 2343.61955042, 0.0320510885215, 51.4246379469, 1.57060973019, 0.627571576173, 0.0579023435032, 0.00401967148313, 0.0497945488549, 0.0369107726951, 51.5024638754, 0.0210812478289, 0.160051390206, 0.0425067541807, 1.25017718678, 0, 0.126000
2, 190.138805673, 24.0838542879, 190.122964351, 24.0748978613, 3.31629426596e-05, 3.20815790271e-05, 0.882374151545, 3.31629422452e-05, 3.20815786429e-05, 0.882374146464, 58105.5398495, 58105.5401967, 3962.72837812, 0.117609401653, 60.5153385846, 1.38396619479, 0.233018166772, 0.0185328590239, 0.00109147002814, 0.0173415962246, 0.0130458892799, 65.9876974145, 0.0164536155571, 0.157056152277, 0.0209980163827, 1.32043333445, 0, 0.138000
3, 190.19943373, 23.980543489, 190.195694162, 23.991315307, 0.000244505685396, 0.00026683913648, 0.0919033368661, 0.000367938406873, 0.00038562922157, 0.880459530974, 58105.5398495, 58105.5401967, 2207.47911153, 0.208448668245, 40.1770908537, 2.43763412027, 2.33590512172, 0.189105062666, 0.0173135107994, 0.149482066672, 0.0957094666436, 42.0242139581, 0.0258359669937, -0.050466739737, 0.0991352570768, 1.20534057986, 0, 0.003000
4, 190.218530532, 23.9759081115, 190.210579797, 23.9886585147, 0.00024164618029, 0.000241627254117, 0.761288817934, 0.000855132267448, 0.000872154913123, 0.998452000914, 58105.5398495, 58105.5401967, 2585.74022051, -0.965548094081, 52.1669363836, 1.30270955424, 4.51626126036, 0.0536109655433, 0.00377018699745, 0.0948252722253, 0.0982045115932, 73.8129527347, 0.0147092910463, -0.21851229238, 0.0992999966784, 1.14242157291, 3, 0.054000
5, 190.20416922, 23.9625075077, 190.198426698, 23.9892545639, 0.00175009082933, 0.00171663171771, 0.995513057711, 0.00261623166235, 0.0026737277063, 0.999161358009, 58105.5398495, 58105.5401967, 4776.37845804, -0.738927249946, 96.9110495717, 1.64613782389, 15.9067681631, 0.0427925942222, 0.0015858253515, 0.0405159235636, 0.177614140894, 90.4664643808, 0.0120015324152, -0.114844235843, 0.178019155783, 1.09943339272, 0, 0.150000
6, 190.213589785, 23.9644375825, 190.211049091, 23.9769886482, 0.000297414512649, 0.0003000263452, 0.861786349121, 0.000425404350574, 0.000437992549227, 0.968945094109, 58105.5398495, 58105.5401967, 3462.31464598, -0.863021791941, 45.3820503068, 1.90039540857, 2.65741106648, 0.0750024949091, 0.00620255006587, 0.0786367691329, 0.0692246909489, 105.793217024, 0.0102628149072, -0.609236304701, 0.0699813061237, 1.46256948339, 1, 0.038000
7, 190.206801726, 23.9598119975, 190.204715388, 23.9712284459, 0.000527919379906, 0.000540937555885, 0.988659706584, 0.000377498491864, 0.000373841170177, 0.953791325015, 58105.5398495, 58105.5401967, 1887.33044207, -1.22901621081, 41.1531356283, 1.14799736943, 3.29375237734, 0.0451516107408, 0.00399575440152, 0.0854037823259, 0.0904396404843, 73.3652096977, 0.0147990608796, -0.0927692429614, 0.0916424616313, 1.05816242555, 0, 0.084000
8, 190.223910616, 23.9624797682, 190.218519381, 23.9684168919, 0.00385150204378, 0.00392589168303, 0.999865220236, 0.000356499717704, 0.000363913185038, 0.573480653704, 58105.5398495, 58105.5401967, 1187.08035801, 2.78996780596, 27.424167041, 1.27830679342, 19.6620782774, 0.150002583791, 0.0217094768893, 0.315195997556, 0.775194028596, 19.9672881128, 0.0543757469029, -0.129057294098, 0.77709877353, 1.35665102617, 0, 0.002000
9, 190.217633085, 23.9339242426, 190.213245415, 23.9481347496, 1.48593931639e-05, 1.60319218962e-05, 0.512954758059, 1.48593929874e-05, 1.60319217017e-05, 0.512954727886, 58105.5398495, 58105.5401967, 19079.4567155, 0.360210058763, 52.4933942744, 2.667463103, 0.111042842374, 0.012863513306, 0.000915994119411, 0.010851665135, 0.00480389105905, 156.684648591, 0.00692943574578, 0.336624100873, 0.00843175243127, 3.44210568319, 0, 0.001000
10, 190.205796963, 23.9393832652, 190.203675029, 23.9474115775, 9.6204754152e-05, 0.000101748488813, 0.459752945995, 9.61912295969e-05, 0.000101731664568, 0.459304296226, 58105.5398495, 58105.5401967, 802.091005882, 0.818443472054, 29.363366693, 0.999050174803, 0.709048549814, 0.0690077001354, 0.00841700551808, 0.0936225990507, 0.0696917234122, 13.4145420246, 0.0809372547172, -0.705653082994, 0.106807188491, 0.984776964145, 0, 0.000000
11, 189.925382899, 23.816702847, 189.919722956, 23.818875306, 0.000260427073414, 0.000216139082674, 0.608596864818, 0.000260426952632, 0.00021613891151, 0.608595829593, 58105.5398495, 58105.5401967, 1239.13853047, 1.24358575812, 19.9606158757, 3.03730151733, 1.80495731138, 0.343123013062, 0.0724223473708, 0.189233757886, 0.13674312566, 22.4921181436, 0.0482718522919, -5.96956493695e-05, 0.145013289525, 1.19137578582, 0, 0.000000
