\
\ strid, ra1, dec1, ra2, dec2, ra1_err, dec1_err, corr1, ra2_err, dec2_err, corr2, start_mjd, end_mjd, flux, bg, length, sigma, length_err, sigma_err, pa_err, bg_err, fit_mag_err, ap_snr, ap_mag_err, dmag, dmag_err, chi2, numfit, prob
\ null, deg, deg, deg, deg, deg, deg, null, deg, deg, null, days, days, dn, dn, pixels, pixels, pixels, pixels, deg, dn, mag, null, mag, mag, mag, null, null, null
\
1, 163.742742597, 10.9883171176, 163.733831629, 10.9843957493, 0.00012116796991, 0.000113142285837, 0.683104511843, 0.000121167969837, 0.000113142285488, 0.683104507659, 58153.4570949, 58153.4574421, 5409.85459559, 6.26258539682, 34.0717479711, 2.47359114277, 0.848001193825, 0.116297416964, 0.013107285329, 0.118340283584, 0.0487501809576, 52.7813370099, 0.0205704566475, 0.502830971134, 0.0529124165965, 1.42385651463, 3, 0.047000
2, 163.735117337, 10.9753792634, 163.711518585, 10.9734263458, 3.22260662794e-05, 3.04691003986e-05, 0.150350035336, 3.22260662601e-05, 3.04691003195e-05, 0.150350006879, 58153.4570949, 58153.4574421, 29412.7327282, 7.23922172994, 82.6367546304, -3.21648062141, 0.224674395455, 0.0230041606306, 0.00101947623419, 0.0162783894202, 0.007055832858, 81.2002252494, 0.013371098435, -0.316670610233, 0.0151185664228, 1.15111443175, 0, 0.265000
3, 163.764832257, 10.9878201242, 163.757696219, 10.9851876174, 0.000174913551657, 0.000164450883635, 0.611176752856, 0.000174913606482, 0.000164450949435, 0.611177441099, 58153.4570949, 58153.4574421, 1532.98240263, 4.03132373293, 26.5979747453, 1.5289965369, 1.22381380552, 0.152842640909, 0.0212441970411, 0.210867245606, 0.104452685365, 17.2011290108, 0.0631200547404, -0.171422543456, 0.122043044826, 0.98657474514, 0, 0.000000
4, 163.737941208, 10.9689640731, 163.71992582, 10.9640122782, 0.000122675288451, 0.000119119707483, 0.494306053759, 0.000122675288027, 0.000119119706921, 0.494306040464, 58153.4570949, 58153.4574421, 3973.4379011, 13.5737209689, 65.2791191333, 1.81483989388, 0.864082954861, 0.075335363355, 0.00415655578307, 0.025777289027, 0.0404309404313, 8.32571036508, 0.130407635763, -1.00199815783, 0.136531360535, 0.672495832461, 0, 0.013000
5, 163.705539576, 10.9645176154, 163.700169125, 10.9624346469, 0.000265461250592, 0.000184487053983, 0.562888207421, 0.000270810795421, 0.000194918477031, 0.62773262812, 58153.4570949, 58153.4574421, 4770.38483756, -3.17322772273, 20.148900838, 4.53003077254, 1.88057389685, 0.426214998438, 0.0870079449935, 0.666782562025, 0.14345246873, 124.875693733, 0.00869453592047, -0.0358466570407, 0.143715711527, 1.06180121276, 0, 0.066000
6, 163.785527303, 10.9612705555, 163.770724336, 10.9566615738, 0.000176303010944, 0.000166464479536, 0.550166516476, 0.000174878938641, 0.000164791264843, 0.527282709698, 58153.4570949, 58153.4574421, 6427.13447102, 2.07941910455, 54.1882296719, 2.65366106684, 1.22951043036, 0.14451164087, 0.00947745064421, 0.19582456288, 0.0588420831488, 49.8706129723, 0.0217710619551, -0.208012957585, 0.0627404963954, 1.05102912806, 0, 0.120000
7, 163.690185355, 10.9424142262, 163.684565559, 10.9409601012, 8.64132834959e-05, 8.07323064708e-05, 0.455797625894, 8.64127407366e-05, 8.07321712824e-05, 0.455793552393, 58153.4570949, 58153.4574421, 1262.32447102, 7.47437121874, 20.2809914487, 1.10133036683, 0.601699710717, 0.0724267808056, 0.0133005246207, 0.144201695086, 0.0669380607652, 16.0771325977, 0.0675329508021, 0.00589378922812, 0.095086294612, 1.08190249071, 0, 0.000000
8, 163.673076634, 10.9446978065, 163.65863035, 10.9398776877, 0.000162649779694, 0.000155040537763, 0.579418451701, 0.000161726384287, 0.000153974220894, 0.565273779241, 58153.4570949, 58153.4574421, 5819.96388731, 1.2615877222, 53.2447770073, 2.33467771664, 1.13836725001, 0.126148242518, 0.00846692192928, 0.173943051406, 0.0567832743058, 63.4277015691, 0.0171176974397, 0.0762253297919, 0.0593072997744, 1.19840679989, 0, 0.080000
9, 163.69477682, 10.9189726144, 163.668199651, 10.9128624324, 0.000278048869796, 0.000254763599869, 0.406083480598, 0.000278105126971, 0.000254833854899, 0.407017593417, 58153.4570949, 58153.4574421, 18875.4461331, 1.4540139252, 95.2629677224, 5.96786163449, 1.92830811672, 0.253989936019, 0.00976600200687, 0.102950988529, 0.0460575219383, 93.6158107371, 0.0115977867009, -0.0307383233392, 0.0474953048569, 1.09727096286, 1, 0.010000
10, 163.79619077, 10.8890846198, 163.805866526, 10.8910166369, 1.33090794537e-05, 1.26445973e-05, 0.365024852994, 1.33090795614e-05, 1.26445974193e-05, 0.365024892214, 58153.4570949, 58153.4574421, 14924.8736999, -0.150342100031, -34.4602307753, 1.36856832008, 0.0930384983021, 0.00965213747462, 0.00102285646708, 0.0703504971877, 0.00701963750711, 125.700596408, 0.00863747854652, 0.0476869125399, 0.0111301997454, 1.15045230995, 0, 0.710000
