\
\ strid, ra1, dec1, ra2, dec2, ra1_err, dec1_err, corr1, ra2_err, dec2_err, corr2, start_mjd, end_mjd, flux, bg, length, sigma, length_err, sigma_err, pa_err, bg_err, fit_mag_err, ap_snr, ap_mag_err, dmag, dmag_err, chi2, numfit, prob
\ null, deg, deg, deg, deg, deg, deg, null, deg, deg, null, days, days, dn, dn, pixels, pixels, pixels, pixels, deg, dn, mag, null, mag, mag, mag, null, null, null
\
1, 114.920315636, 42.0220813979, 114.920838952, 42.0271104857, 0.000472226961398, 0.000651860321396, 0.567552615829, 0.000546767441388, 0.00070731589835, 0.74889408401, 58155.2618519, 58155.2621991, 2004.74666959, -1.45462586266, -17.9342126681, 0.0974901948072, 4.84437616295, 0.0652030956802, 0.0516099472694, 0.411305059487, 0.55339993507, 36.037932655, 0.0301275940313, -0.518041134125, 0.554219415086, 51.0691891469, 2, 0.000000
2, 115.916732989, 41.8271721862, 115.913472867, 41.8362313916, 0.000180908172832, 0.000186818294843, 0.506430802032, 0.000180964794778, 0.000187005722249, 0.507150450415, 58155.2618519, 58155.2621991, 280.476158543, 0.268900971243, 33.3394072887, 0.720972006048, 1.31339301984, 0.101719724258, 0.0108171855997, 0.0398609264464, 0.136789684341, 11.9712537937, 0.0906952791633, -0.196523985905, 0.164125109001, 51.9176351662, 0, 0.000000
3, 115.863087276, 41.7234205962, 115.853854301, 41.7292080709, 0.000453479187227, 0.000443465375295, 0.87719223087, 0.000453479189184, 0.000443465377381, 0.877192232163, 58155.2618519, 58155.2621991, 4573.76160269, 1.49110968689, 31.9869686975, 3.18584720948, 3.27450852684, 0.511298872803, 0.064667731349, 0.235862317161, 0.169226949827, 48.7273267882, 0.0222818750037, 0.140871576126, 0.170687558133, 36.3232504948, 0, 0.019000
4, 115.867264124, 41.6950128777, 115.861459726, 41.7016775711, 0.000133029883895, 0.000153606709537, 0.766111290465, 0.000133029882783, 0.000153606708009, 0.766111285931, 58155.2618519, 58155.2621991, 7580.71934482, 0.0187441011298, 28.2584609387, 5.35857459603, 1.10706668297, 0.213197742708, 0.0360042642054, 0.0969163356936, 0.0456106009424, 86.4682087625, 0.0125564785058, 0.00612863028128, 0.047307420885, 2.41390880051, 0, 0.014000
5, 115.708433021, 41.6541517751, 115.692427321, 41.6512606512, 5.58109083875e-06, 5.37223067003e-06, 0.459356331234, 5.58111703913e-06, 5.37225463617e-06, 0.459370776908, 58155.2618519, 58155.2621991, 18293.9928861, 0.26888221019, 43.7325747431, 1.11381439854, 0.0391324849542, 0.00327857364047, 0.000268254059077, 0.0302673038888, 0.0028759409942, 135.483924756, 0.00801376404406, 0.0224494546225, 0.00851419113927, 2.54065919028, 0, 0.635000
6, 115.159045731, 41.541369336, 115.157822946, 41.5442567695, 5.73601341885e-05, 6.02138024197e-05, 0.763420637684, 4.5655024455e-05, 4.84244614789e-05, 0.234278906048, 58155.2618519, 58155.2621991, 1129.44854205, -1.24246302597, 10.7673587266, 0.418812893062, 0.384903991189, 0.0349450412614, 0.0107059537946, 0.412216087448, 0.0770192521718, 26.3079849721, 0.0412702153323, -0.982856309573, 0.087379607911, 63.1635003508, 0, 0.000000
