\
\ strid, ra1, dec1, ra2, dec2, ra1_err, dec1_err, corr1, ra2_err, dec2_err, corr2, start_mjd, end_mjd, flux, bg, length, sigma, length_err, sigma_err, pa_err, bg_err, fit_mag_err, ap_snr, ap_mag_err, dmag, dmag_err, chi2, numfit, prob
\ null, deg, deg, deg, deg, deg, deg, null, deg, deg, null, days, days, dn, dn, pixels, pixels, pixels, pixels, deg, dn, mag, null, mag, mag, mag, null, null, null
\
1, 235.399443538, 50.3740589552, 235.3942423, 50.3624626768, 0.00125235772226, 0.00134336015571, 0.55559087394, 0.00199255792527, 0.00197829181779, 0.934094068362, 58229.3888079, 58229.3891551, 1842.37698759, -0.102036670256, 42.8716099419, 2.10319941543, 12.1387496541, 0.195369508542, 0.0174095452927, 0.19621530625, 0.307899759635, 41.7256886608, 0.0260208097123, -0.15255054746, 0.30899732122, 1.10007761097, 0, 0.002000
2, 235.373803396, 50.3348254867, 235.353751731, 50.2873844767, 6.83081320595e-05, 6.98145783658e-05, 0.344457614319, 9.75314988599e-05, 9.55046884065e-05, 0.875863169775, 58229.3888079, 58229.3891551, 10049.1544836, 0.0123057330614, 174.669292781, 1.6791235355, 0.598329491586, 0.0172177034012, 0.000345135267259, 0.0108255192671, 0.0102270342298, 100.078731364, 0.0108488206232, 0.00409042742006, 0.0149093641062, 1.30614019792, 0, 0.006000
3, 235.37160298, 50.3075330926, 235.356655272, 50.2722051238, 9.90245748642e-05, 9.78578996294e-05, 0.754823002872, 7.88735102995e-05, 8.02981869497e-05, 0.0120544699669, 58229.3888079, 58229.3891551, 7161.04968833, -0.0752976859571, 130.087314875, 1.69370134424, 0.639066258352, 0.0283467709214, 0.000760209124325, 0.0241101106614, 0.0166606065625, 86.2411842403, 0.0125895326499, -0.00694416822859, 0.0208823404668, 1.22036812679, 0, 0.022000
4, 235.35261175, 50.2733910515, 235.339465726, 50.2433285707, 9.40663851624e-05, 9.670771662e-05, 0.316036917347, 0.000135699919131, 0.000133191822585, 0.876956546491, 58229.3888079, 58229.3891551, 6129.99496571, -0.00176854799283, 110.964692353, 1.63489179116, 0.832271683459, 0.0300466289819, 0.000952310218192, 0.0252273870586, 0.0188763887559, 80.2277273408, 0.0135331791233, 0.051833441469, 0.0232263856346, 1.23729993764, 0, 0.005000
5, 235.346480012, 50.2512667292, 235.328369066, 50.2086770088, 0.000122525389148, 0.00012588813408, 0.454552362386, 0.000182060933255, 0.000178190308456, 0.904935344735, 58229.3888079, 58229.3891551, 8759.28806924, -0.151324067814, 156.906594837, 1.85743014079, 1.10397923356, 0.0289469826966, 0.000645563636017, 0.0200299568464, 0.0163485419395, 99.0101143156, 0.010965912041, 0.0204711651011, 0.0196856813558, 1.16475263069, 0, 0.012000
6, 235.338078124, 50.2285868134, 235.324147611, 50.1955416492, 0.000331898080506, 0.000340356259331, 0.243058962801, 0.000459382422037, 0.000452153037422, 0.848991811354, 58229.3888079, 58229.3891551, 6639.0726822, 0.238352854761, 121.676812345, 1.89517996705, 2.86703861175, 0.0397781912511, 0.00116403798904, 0.0305679538941, 0.0310902911233, 74.5641340659, 0.0145611052601, -0.0403366992665, 0.0343312101232, 1.04765697836, 1, 0.026000
7, 235.322290063, 50.1705548587, 235.309570347, 50.1402390346, 9.556733908e-05, 9.4673921002e-05, 0.768364865292, 7.49597918751e-05, 7.68724887156e-05, 0.0279592920183, 58229.3888079, 58229.3891551, 6857.73727051, 0.180760348808, 111.609476452, 1.9639286496, 0.615091745628, 0.031246076467, 0.000987650017953, 0.0188698707285, 0.0159324662897, 79.713000405, 0.013620566272, 0.0336333519238, 0.0209609949106, 0.966686126152, 3, 0.079000
8, 235.299269667, 50.1387403252, 235.294842882, 50.1279083317, 0.00064660305435, 0.000661606972904, 0.726928403947, 0.000522520292024, 0.000559826261839, 0.037058984317, 58229.3888079, 58229.3891551, 1462.58304838, 0.319940050707, 39.8122242144, 1.95844369251, 4.38814950261, 0.20270680069, 0.0184984111349, 0.189738867811, 0.150942333517, 32.1671635234, 0.0337529357839, -0.0974367724696, 0.154670128731, 1.17194220637, 0, 0.002000
9, 235.278325559, 50.0907149596, 235.268969938, 50.0690072992, 0.000508122936663, 0.000527057397583, 0.918157767273, 0.000865433760994, 0.000842507069972, 0.989113700679, 58229.3888079, 58229.3891551, 3231.4916339, 0.0348259230466, 80.0848032567, 1.63475397111, 5.03374769289, 0.0604793183949, 0.0026971364207, 0.052603466088, 0.0740122474604, 55.6564564794, 0.0195078212563, -0.0182281016439, 0.0765399755965, 1.19844037409, 0, 0.075000
10, 235.269733544, 50.0670572724, 235.26331935, 50.0512564933, 0.00105795415294, 0.00105861993592, 0.766261863777, 0.000831603293368, 0.000864697806845, 0.0422956708892, 58229.3888079, 58229.3891551, 2115.53577102, 0.237865411072, 58.0621386921, 1.78440501598, 6.92934917708, 0.114292832993, 0.00724391112868, 0.0982752188449, 0.136302752979, 39.3568471838, 0.0275869710724, -0.124719569999, 0.13906646412, 1.20105298064, 1, 0.001000
11, 235.263481914, 50.055036851, 235.25994121, 50.0469854502, 0.000304042958908, 0.000330495978363, 0.211776376016, 0.000430864136032, 0.000434777449621, 0.846578224276, 58229.3888079, 58229.3891551, 1037.22300402, 0.426130425229, 29.7496102946, 1.55417957795, 2.76023442121, 0.169679890572, 0.0204469847966, 0.239578042973, 0.143973645709, 27.109672616, 0.0400497719076, -0.0684288854274, 0.149440271977, 1.24411287253, 0, 0.000000
12, 235.252311863, 50.0269033521, 235.24795813, 50.0179381475, 0.00071786299749, 0.000760524518806, 0.883197072392, 0.00131471982562, 0.00128280405824, 0.987478835488, 58229.3888079, 58229.3891551, 1178.42835421, 0.182749780174, 33.3966342059, 1.72140357618, 7.56686605626, 0.187246609659, 0.02089184925, 0.210007825574, 0.255995477042, 30.7992848149, 0.0352519940409, -0.0781694240072, 0.258411275585, 1.18104549969, 3, 0.001000
13, 235.233669363, 49.9829045916, 235.224286505, 49.9604353497, 0.000267386599115, 0.000275638506654, 0.0304421687601, 0.000342527695373, 0.000340539703322, 0.773725966607, 58229.3888079, 58229.3891551, 3556.86558573, 0.095532834763, 82.7397540138, 1.84077096114, 2.21802515203, 0.0693210504928, 0.00297125355142, 0.0534870115362, 0.0447616501933, 56.2610188014, 0.0192981966536, -0.0473510924822, 0.0487444942748, 1.1967511778, 1, 0.008000
14, 235.228658444, 49.9684666031, 235.222061543, 49.9540708556, 0.000236446054064, 0.000243933937626, 0.333673831167, 0.00026426097328, 0.000267731484608, 0.637631535289, 58229.3888079, 58229.3891551, 2375.07205858, 0.106901420562, 53.3749077468, 1.67306493751, 1.8335718684, 0.0883238346122, 0.00587630620688, 0.103541621126, 0.0615591852936, 46.8221087107, 0.0231885370962, -0.0114014665396, 0.065781772146, 1.16239901052, 3, 0.011000
15, 235.21419959, 49.9381720044, 235.209169592, 49.9263583154, 0.000305446365946, 0.000316620954722, 0.631197680858, 0.00026840354988, 0.000286710954421, 0.247105233705, 58229.3888079, 58229.3891551, 1974.08392432, 0.492164833456, 43.564868145, 2.17123450704, 2.14786124733, 0.174972398651, 0.0142273871326, 0.156782172874, 0.0951465500417, 36.5162950534, 0.0297329234296, -0.0460038232854, 0.0996840645264, 1.1435363218, 0, 0.002000
16, 235.201009471, 49.9080158563, 235.196244518, 49.8967747374, 0.000217649138981, 0.00022908198604, 0.131346193455, 0.0002928957065, 0.000292651201471, 0.813161267464, 58229.3888079, 58229.3891551, 1547.20968898, 0.0185955052962, 41.4438291617, 1.35725070802, 1.87616595424, 0.104258274441, 0.00889258845893, 0.155230927829, 0.0873002127563, 38.453040398, 0.0282353799211, -0.0352897660334, 0.0917527319843, 1.38366713191, 0, 0.004000
17, 235.177006177, 49.848873417, 235.172587218, 49.8382478065, 0.000214165508762, 0.000225652918648, 0.43414085578, 0.000216050987059, 0.000227158708121, 0.460754985441, 58229.3888079, 58229.3891551, 1469.52893792, 0.107580377814, 39.1291654577, 1.83231294637, 1.59593094068, 0.166160070706, 0.0149545656892, 0.158100357493, 0.0996761780658, 36.2613812118, 0.0299419428735, -0.0175422799385, 0.104076224071, 1.23888733297, 1, 0.002000
