\
\ strid, ra1, dec1, ra2, dec2, ra1_err, dec1_err, corr1, ra2_err, dec2_err, corr2, start_mjd, end_mjd, flux, bg, length, sigma, length_err, sigma_err, pa_err, bg_err, fit_mag_err, ap_snr, ap_mag_err, dmag, dmag_err, chi2, numfit, prob
\ null, deg, deg, deg, deg, deg, deg, null, deg, deg, null, days, days, dn, dn, pixels, pixels, pixels, pixels, deg, dn, mag, null, mag, mag, mag, null, null, null
\
1, 162.92708526, 29.3127007399, 162.920160881, 29.3101812713, 8.39786001202e-05, 7.92632839315e-05, 0.622936265777, 8.39786000629e-05, 7.92632837379e-05, 0.622936261846, 58158.3193519, 58158.3196991, 1489.94700835, 1.01718881878, 23.2616979021, 1.71500048751, 0.591257602755, 0.081715907243, 0.0135008564711, 0.0729762198511, 0.0495659827658, 31.9591826579, 0.0339725898619, 0.215119387021, 0.0600909602975, 1.35258033541, 0, 0.000000
2, 163.147042622, 29.1398802569, 163.126835143, 29.1616940032, 3.69207561243e-05, 3.5589592269e-05, 0.947499420155, 3.69207560088e-05, 3.55895921593e-05, 0.947499419618, 58158.3193519, 58158.3196991, 6418.34855073, 0.072332390732, 99.7345972121, 1.74067397013, 0.258638944424, 0.018002478703, 0.00063929638186, 0.0083088304171, 0.00997928874239, 93.9121020015, 0.0115611958589, 0.378415721933, 0.0152724409801, 1.52216247237, 0, 0.106000
3, 163.146301817, 29.1527763922, 163.143641741, 29.1572073138, 0.00010710444708, 0.000163374096442, 0.744856253294, 0.000107104444456, 0.00016337409378, 0.74485623994, 58158.3193519, 58158.3196991, 7282.82930374, 0.411098099337, 17.7836296603, 6.16129951136, 1.2199803178, 0.199130264422, 0.0750436099599, 0.0647195793191, 0.0367405490733, 70.8579601646, 0.0153227132454, 0.0623347852373, 0.0398077063821, 1.11354871279, 0, 0.025000
4, 163.157599111, 29.1415898062, 163.148888967, 29.1495102924, 8.45089388935e-05, 8.11070168394e-05, 0.969400113448, 8.44699462073e-05, 8.10690210503e-05, 0.969368887714, 58158.3193519, 58158.3196991, 1089.73650017, 1.83849970358, 39.0353920571, 0.932707859827, 0.591668438325, 0.048559694775, 0.00439151132799, 0.0753482370063, 0.0518444684093, 25.2705815834, 0.0429644328198, 0.210973451802, 0.0673334344302, 1.13445669555, 0, 0.000000
5, 163.153662525, 29.1381023398, 163.15165495, 29.1413109449, 6.19170388578e-05, 6.30882587536e-05, 0.76323833563, 6.16967975359e-05, 6.29047349544e-05, 0.760132254878, 58158.3193519, 58158.3196991, 446.380296898, 1.35989472676, 12.9972453726, 0.780706809986, 0.449828633596, 0.0572528472363, 0.0164065548945, 0.138438373974, 0.0751724423315, 14.1634235641, 0.0766577515558, -0.0838793244113, 0.107365296813, 1.10781490658, 0, 0.000000
6, 163.168905596, 29.0953028763, 163.155441303, 29.1345591824, 2.74556786676e-05, 2.7219600296e-05, 0.502104014834, 2.74556785471e-05, 2.72196001914e-05, 0.502104002974, 58158.3193519, 58158.3196991, 10633.4018067, 0.199734953484, 145.675159388, 1.64340724026, 0.194784507801, 0.010941570377, 0.000263687527515, 0.0061515404318, 0.00637643811161, 122.028286152, 0.00889741418974, 0.432322899435, 0.0109463666235, 1.80633149675, 0, 0.009000
7, 163.154031303, 29.1242112159, 163.149240585, 29.1340117181, 8.21604438794e-05, 8.24124135847e-05, 0.665243302262, 8.21604153684e-05, 8.24123620779e-05, 0.665242868451, 58158.3193519, 58158.3196991, 1270.11432448, 0.174157856175, 37.8802170669, 1.1413786795, 0.588771807875, 0.0539216083763, 0.00508373010051, 0.0623332723091, 0.0471840007938, 13.5795359912, 0.0799538515502, -1.56955913952, 0.0928382911768, 1.02627951041, 0, 0.000000
8, 163.167833626, 29.1265717297, 163.163481775, 29.1329442087, 0.000201875084146, 0.000201949919403, 0.838087769326, 0.00018182692456, 0.000185475469294, 0.765022946416, 58158.3193519, 58158.3196991, 862.694606928, 0.796633190196, 26.3753570907, 1.59175594156, 1.39689521503, 0.171504599405, 0.0236973684425, 0.166861745782, 0.117702439322, 18.8867850232, 0.0574865549339, -0.182081484792, 0.13099071807, 1.00930829013, 0, 0.000000
9, 163.175066885, 29.1049858047, 163.168979254, 29.1176423838, 8.04534763732e-05, 8.03697028661e-05, 0.66011112244, 8.04534636059e-05, 8.03696914864e-05, 0.660110881843, 58158.3193519, 58158.3196991, 1539.70948567, 2.20642109414, 48.8000747987, 1.2789045269, 0.574769360245, 0.0490822435851, 0.0035825672631, 0.0374582009338, 0.0379341797362, 14.8555392877, 0.0730862867872, -0.51213728856, 0.0823444430948, 0.920703078475, 0, 0.001000
10, 163.162785965, 29.0909391783, 163.15438982, 29.121249594, 0.000199187918398, 0.000202946995006, 0.316676581192, 0.000208740916155, 0.000210301710574, 0.484623132132, 58158.3193519, 58158.3196991, 4614.92269336, 0.780132102767, 110.856938838, 2.58526786031, 1.46831386687, 0.11308740815, 0.00359563801462, 0.0341383780639, 0.0436665327012, 59.7422132549, 0.0181736856672, 0.324244675032, 0.0472974516108, 1.99863391104, 0, 0.064000
11, 163.240753011, 29.0727728487, 163.21398229, 29.0562859721, 6.33916502662e-05, 6.46683131711e-05, 0.887581702466, 6.33916502436e-05, 6.46683131196e-05, 0.887581702088, 58158.3193519, 58158.3196991, 17154.5424852, 0.474246678758, 101.778476315, 3.66461061509, 0.458765343192, 0.045420679203, 0.00162097184318, 0.0174137764852, 0.0122778666605, 168.212785142, 0.00645454032427, 0.691041018542, 0.013871088657, 3.03874491198, 0, 0.003000
12, 163.221549313, 29.0719422323, 163.213530773, 29.0674428443, 5.35585396123e-05, 5.41927730582e-05, 0.850187141854, 5.35584517556e-05, 5.41927167266e-05, 0.850186739593, 58158.3193519, 58158.3196991, 1372.0846657, -0.00168057235211, 29.6128524172, 1.15076382935, 0.386318692804, 0.0397593104532, 0.00488361598125, 0.051213784073, 0.034531558666, 28.4926529103, 0.0381058305864, -0.57205147963, 0.0514245356672, 1.04931718337, 0, 0.000000
