\
\ strid, ra1, dec1, ra2, dec2, ra1_err, dec1_err, corr1, ra2_err, dec2_err, corr2, start_mjd, end_mjd, flux, bg, length, sigma, length_err, sigma_err, pa_err, bg_err, fit_mag_err, ap_snr, ap_mag_err, dmag, dmag_err, chi2, numfit, prob
\ null, deg, deg, deg, deg, deg, deg, null, deg, deg, null, days, days, dn, dn, pixels, pixels, pixels, pixels, deg, dn, mag, null, mag, mag, mag, null, null, null
\
1, 234.590742877, 58.6678279039, 234.585547449, 58.6693735036, 1.48455037652e-05, 1.43556287826e-05, 0.829155759526, 1.57221918427e-05, 1.48769954447e-05, 0.845124618904, 58217.4361227, 58217.4364699, 3363.6383812, -0.173365297255, 11.066947428, 0.433355850446, 0.106822558225, 0.0110440405055, 0.00362826810032, 0.483687931752, 0.0246978847387, 58.6731773574, 0.0185048135052, 0.0175494226827, 0.0308611994814, 20.5488595499, 0, 0.000000
2, 235.186228765, 58.4839257999, 235.177475507, 58.4829676734, 8.13828920477e-05, 7.80969454387e-05, 0.370585693677, 8.21617666548e-05, 7.83160261335e-05, 0.380458355674, 58217.4361227, 58217.4364699, 9527.40622621, -3.36265688329, 16.6293096205, 0.658367942518, 0.573429554115, 0.0588308631363, 0.0129835577348, 2.10077630884, 0.0886909827541, 89.1552801401, 0.0121780359285, -0.376736793129, 0.0895231533233, 146.809420277, 0, 0.014000
3, 235.370150095, 58.4292290281, 235.353694319, 58.4383061524, 3.41187486333e-05, 3.33286961625e-05, 0.975093954479, 3.41383972628e-05, 3.33479811757e-05, 0.975124319948, 58217.4361227, 58217.4364699, 2372.30580791, 0.38342199453, 44.4925244729, 0.923530057531, 0.240772294885, 0.0182617820918, 0.00145888953177, 0.0299679459365, 0.0192029977889, 49.9387733162, 0.0217413471069, 0.186198600303, 0.0290076075901, 2.14713696784, 0, 0.017000
4, 235.379096116, 58.4244069839, 235.371573655, 58.4287202924, 5.82905901403e-05, 5.72054223975e-05, 0.953310829078, 5.85414216158e-05, 5.74246591419e-05, 0.953762447202, 58217.4361227, 58217.4364699, 1070.81011166, 1.33833670821, 20.7671961846, 0.788266777687, 0.414664130581, 0.0421279519985, 0.00737411284165, 0.127453345812, 0.0533568956119, 30.567141215, 0.0355197169772, 0.246550955144, 0.0640984290251, 2.96772860988, 0, 0.000000
5, 235.38852951, 58.4193884983, 235.383678081, 58.4219831671, 6.1034638422e-05, 5.97745254433e-05, 0.938830186636, 6.16387472473e-05, 6.02148913917e-05, 0.939932638219, 58217.4361227, 58217.4364699, 639.70682738, 2.26217691171, 12.9111103391, 0.711401983739, 0.4367492263, 0.0531389213281, 0.0152447602764, 0.212057186226, 0.0759880344005, 22.2708511263, 0.0487514463906, 0.323597591616, 0.0902822512858, 2.1696760675, 0, 0.000000
6, 235.394175753, 58.4161820813, 235.389633956, 58.4185386283, 6.03046027769e-05, 5.88481408926e-05, 0.92894021913, 5.98880838813e-05, 5.84447751171e-05, 0.927952232943, 58217.4361227, 58217.4364699, 639.220416665, 2.41342229831, 11.9048584813, 0.777490461264, 0.42867659008, 0.0561292792621, 0.0178850817039, 0.204737598707, 0.0746272190811, 20.987197257, 0.0517332634492, 0.275344920295, 0.0908050239517, 1.77018679782, 0, 0.000000
7, 235.398746966, 58.4135083153, 235.39454731, 58.4159163404, 6.45660308842e-05, 6.38422489123e-05, 0.908002456185, 6.45695977512e-05, 6.38497136574e-05, 0.908013876877, 58217.4361227, 58217.4364699, 728.131225443, 2.01796354348, 11.5956736678, 0.942463424403, 0.465732133049, 0.0669883047154, 0.0225631589601, 0.172011979541, 0.0740327503888, 22.8901240006, 0.0474325173918, 0.300235946279, 0.0879243529192, 2.24611760916, 0, 0.000000
8, 235.405758592, 58.4099302395, 235.40141872, 58.4123315808, 5.16965499003e-05, 5.06940214813e-05, 0.932063877655, 5.15945433538e-05, 5.06899830712e-05, 0.931822458363, 58217.4361227, 58217.4364699, 673.141345371, 2.23864841665, 11.7567300605, 0.706967673497, 0.368581524896, 0.0470621611158, 0.0149133397377, 0.207708131889, 0.0676541652283, 20.9330467496, 0.0518670892845, 0.149149745704, 0.085248349096, 1.82195975024, 0, 0.000000
9, 235.429525221, 58.3965919223, 235.418877114, 58.4023894316, 4.06148399088e-05, 3.96888523125e-05, 0.965413861678, 4.05686903029e-05, 3.96431608637e-05, 0.965333417733, 58217.4361227, 58217.4364699, 1539.48510973, 0.876428053548, 28.6078264685, 0.866437035298, 0.287009000201, 0.0261475544756, 0.00329248861297, 0.0549198888434, 0.0296857035508, 34.9651935078, 0.0310519146567, 0.0638446557911, 0.0429588454123, 2.43922805626, 0, 0.000000
10, 235.435047134, 58.3934796506, 235.430484248, 58.3960901247, 6.06940829194e-05, 5.9682242022e-05, 0.932751942051, 6.07533636306e-05, 5.97874932016e-05, 0.932880671977, 58217.4361227, 58217.4364699, 634.250554306, 2.31722211157, 12.5865589619, 0.729548530062, 0.433824586325, 0.0536555579046, 0.0159694609061, 0.193249182984, 0.0748827725678, 19.0640134386, 0.0569521317354, 0.108666710943, 0.0940796201983, 2.22178196887, 0, 0.000000
11, 235.441369509, 58.389991829, 235.437110461, 58.3924146918, 4.63695747289e-05, 4.56534828497e-05, 0.925360377362, 4.61327157067e-05, 4.54500959964e-05, 0.924565171913, 58217.4361227, 58217.4364699, 721.365434317, 2.25758930291, 11.7129054852, 0.765112906669, 0.331182923, 0.0434864921938, 0.0140647863259, 0.160004907614, 0.0580772144332, 23.7226359489, 0.0457679410962, 0.307999523171, 0.0739436763254, 2.31115472824, 0, 0.000000
12, 235.453317751, 58.383708255, 235.448768655, 58.3861428278, 4.42536345667e-05, 4.32537599513e-05, 0.933278191088, 4.48656104414e-05, 4.38887399245e-05, 0.935129371796, 58217.4361227, 58217.4364699, 672.608056024, 2.37552566525, 12.1165939718, 0.727110267586, 0.31767719081, 0.0397864451502, 0.0123893520539, 0.155856450294, 0.0560216832969, 19.279084368, 0.056316793061, 0.0650718858752, 0.0794355725106, 1.79327286206, 0, 0.000000
13, 235.457451305, 58.3813120526, 235.45302642, 58.3837270111, 6.75512335336e-05, 6.63018760823e-05, 0.919123897611, 6.74647218877e-05, 6.6216187479e-05, 0.918914143746, 58217.4361227, 58217.4364699, 710.080668223, 2.44991284641, 11.905691647, 0.877326489453, 0.484087039692, 0.0668719022216, 0.0215981560974, 0.210104762258, 0.0792254643283, 19.9607461537, 0.0543935680758, 0.167433681208, 0.0961006474799, 2.38843400106, 0, 0.000000
14, 235.486665366, 58.3648864146, 235.481998553, 58.3675124626, 6.17964847252e-05, 6.07374445269e-05, 0.93024157917, 6.14230825974e-05, 6.0372348903e-05, 0.929366258715, 58217.4361227, 58217.4364699, 704.037045726, 1.66822980064, 12.7634889803, 0.789581622031, 0.440483351059, 0.0563268472675, 0.0166190296297, 0.198843273873, 0.0731782493201, 24.0229988404, 0.0451956981711, 0.28987580232, 0.0860099256292, 2.21088581788, 0, 0.000000
