\
\ strid, ra1, dec1, ra2, dec2, ra1_err, dec1_err, corr1, ra2_err, dec2_err, corr2, start_mjd, end_mjd, flux, bg, length, sigma, length_err, sigma_err, pa_err, bg_err, fit_mag_err, ap_snr, ap_mag_err, dmag, dmag_err, chi2, numfit, prob
\ null, deg, deg, deg, deg, deg, deg, null, deg, deg, null, days, days, dn, dn, pixels, pixels, pixels, pixels, deg, dn, mag, null, mag, mag, mag, null, null, null
\
1, 163.72486061, 10.9790758166, 163.700653581, 10.9771437371, 3.15578783487e-05, 2.9871660868e-05, 0.144718533817, 3.15578783299e-05, 2.98716607942e-05, 0.144718505667, 58153.4457292, 58153.4460764, 29802.5217822, 6.4554265721, 84.7444051588, 3.22919047694, 0.220087554071, 0.022306090417, 0.000962916435604, 0.0148910988642, 0.00680584576721, 90.8851348266, 0.0119462462902, -0.226165227225, 0.0137489031211, 1.29294348137, 0, 0.035000
2, 163.753186572, 10.9651324459, 163.702956586, 10.9456833745, 9.26920463848e-05, 8.25239850256e-05, 0.587406681802, 9.45224127575e-05, 8.49408493062e-05, 0.631865053349, 58153.4457292, 58153.4460764, 464582.371398, 3.06451999708, 188.413179773, 18.6351282659, 0.650287971788, 0.10153862134, 0.00212400676644, 0.0445625585525, 0.0060133759243, 575.300968426, 0.00188724904762, 0.11617269038, 0.00630257082266, 1.7026053454, 0, 0.003000
3, 163.688049335, 10.9769233679, 163.67760285, 10.9738075818, 0.00084004119305, 0.000685003803417, 0.498164817417, 0.00124639918379, 0.00118769494265, 0.938250661046, 58153.4457292, 58153.4460764, 7777.67640133, -2.88798762074, 38.0954811543, 4.49096225092, 7.65322193148, 0.447929962992, 0.0384721003401, 1.0301337766, 0.259654305963, 97.2574943753, 0.0111635222739, -0.336510993198, 0.259894176223, 1.03446465496, 0, 0.021000
4, 163.716012626, 10.9652033636, 163.710456596, 10.9673723273, 7.84218879421e-05, 7.23357752387e-05, 0.647058341465, 7.84218897659e-05, 7.23357773012e-05, 0.64705838423, 58153.4457292, 58153.4460764, 2429.28688661, 9.62404402992, 20.8652539137, 1.346888412, 0.544411136038, 0.0707985253319, 0.0128697593316, 0.167607723381, 0.0539374325225, 30.6158433008, 0.0354632140651, 0.351461296783, 0.0645514227492, 1.24625261911, 0, 0.018000
5, 163.777575329, 10.9619596497, 163.762826095, 10.9576067109, 8.44665379027e-05, 8.05087173038e-05, 0.517776735983, 8.44665377422e-05, 8.05087170378e-05, 0.517776727631, 58153.4457292, 58153.4460764, 5989.02310365, 4.32154006292, 53.7416776507, 2.28444886216, 0.591803486182, 0.0634576218418, 0.00432522183363, 0.0464023256009, 0.0277998456898, 6.21538006089, 0.174685408474, -2.23622144683, 0.176883643546, 0.970573540288, 0, 0.004000
6, 163.682082364, 10.9445726305, 163.675265746, 10.9424374914, 9.19902542802e-05, 8.73121249555e-05, 0.541536006887, 9.19903289434e-05, 8.73121307447e-05, 0.541536001648, 58153.4457292, 58153.4460764, 1488.97827682, 7.06917450357, 24.9685647359, 1.16646965481, 0.643983842489, 0.0722813464027, 0.0106553884031, 0.119668985009, 0.0625122789412, 17.3977807134, 0.0624065921191, -0.00557927347132, 0.0883310124381, 1.11938675192, 0, 0.000000
7, 163.665353564, 10.9473200729, 163.648307223, 10.9410705999, 0.000181859484712, 0.000180073549946, 0.817076533744, 0.000142852779543, 0.000137350107151, 0.318718568708, 58153.4457292, 58153.4460764, 6357.55135769, 1.62928311663, 63.4969033324, 2.00282767644, 1.16168336251, 0.0863222610686, 0.00481195536275, 0.139302871924, 0.0455012557555, 65.1685691058, 0.0166604272528, 0.0768142253875, 0.048455485877, 1.18024856996, 0, 0.289000
8, 163.736969093, 10.9354693943, 163.725068804, 10.9323750632, 0.000222917809536, 0.000209169848196, 0.535273728916, 0.000213747195951, 0.000198184560114, 0.37772100007, 58153.4457292, 58153.4460764, 4002.92391455, 2.1708010034, 42.960369158, 2.34192727168, 1.52718069076, 0.180086082228, 0.0148634821092, 0.270845914025, 0.0855211449188, 44.2663136492, 0.0245273689009, -0.00885123397835, 0.0889688600209, 1.16832456506, 1, 0.073000
9, 163.711207521, 10.9315377007, 163.707105479, 10.9294475998, 9.92294751081e-05, 9.68358244181e-05, 0.783781526608, 9.76567364582e-05, 9.49697632539e-05, 0.766246519629, 58153.4457292, 58153.4460764, 494.286762997, 7.26024299091, 16.1276811678, 0.657717483309, 0.69679696922, 0.0735397540993, 0.016488787728, 0.213910455647, 0.111822659669, 9.69903640327, 0.111942687873, -0.0147049636623, 0.158226017404, 1.00072867477, 0, 0.000000
10, 163.706070276, 10.9303280581, 163.701267134, 10.928365133, 7.66749289547e-05, 7.36961760422e-05, 0.669068336989, 7.65651336913e-05, 7.35551604954e-05, 0.66626749171, 58153.4457292, 58153.4460764, 798.518669495, 6.01315007947, 18.1557075926, 0.808173399989, 0.539180831453, 0.0591869459041, 0.0119504695751, 0.136773096467, 0.0733651978342, 14.0007315033, 0.0775485341252, -0.00942895562951, 0.106753114232, 1.21559742069, 0, 0.000000
11, 163.714242208, 10.9283237633, 163.70875077, 10.9265629242, 0.000147830340454, 0.000131895875653, 0.528723178292, 0.000147830340362, 0.000131895875292, 0.528723172382, 58153.4457292, 58153.4460764, 1763.82312615, 3.74869222218, 20.1599758979, 1.84644955005, 1.02032880758, 0.154923804554, 0.0304114059908, 0.175482660294, 0.0891189876123, 23.2632696051, 0.0466716941852, 0.136064442687, 0.10060040254, 1.20148027438, 0, 0.000000
12, 163.685628181, 10.9208870963, 163.676474758, 10.917554892, 0.000291988475543, 0.000253626466285, 0.226659242144, 0.000370195366319, 0.000351345704224, 0.815001615193, 58153.4457292, 58153.4460764, 4151.28909035, 3.66779106234, 34.0692350063, 3.15243529302, 2.35820589634, 0.286590878973, 0.0320155567599, 0.333618542586, 0.113929482704, 37.5394831259, 0.0289225134271, -0.0556550647335, 0.117543348651, 1.21189275116, 0, 0.040000
13, 163.485085472, 10.8358545492, 163.475359511, 10.8342768221, 1.08166975771e-05, 1.03441470492e-05, 0.298473729352, 1.08166790142e-05, 1.0344138292e-05, 0.298469291438, 58153.4457292, 58153.4460764, 14584.5133069, 0.280013851464, 34.4169425362, 1.16110620699, 0.0757428288133, 0.00726849701168, 0.000764603855594, 0.0679530184753, 0.00618197126627, 121.186459423, 0.00895922044366, 0.0291983460123, 0.0108850539592, 1.29022038817, 0, 0.908000
