\
\ strid, ra1, dec1, ra2, dec2, ra1_err, dec1_err, corr1, ra2_err, dec2_err, corr2, start_mjd, end_mjd, flux, bg, length, sigma, length_err, sigma_err, pa_err, bg_err, fit_mag_err, ap_snr, ap_mag_err, dmag, dmag_err, chi2, numfit, prob
\ null, deg, deg, deg, deg, deg, deg, null, deg, deg, null, days, days, dn, dn, pixels, pixels, pixels, pixels, deg, dn, mag, null, mag, mag, mag, null, null, null
\
1, 151.39321204, 34.7072984441, 151.383793625, 34.7158879789, 0.000568619383723, 0.000541821086285, 0.947433323354, 0.000568619383478, 0.000541821085706, 0.947433323357, 58183.258588, 58183.2589352, 865.283099472, 9.42183288638, 41.1243037895, 1.43649595224, 3.97878396017, 0.390635895486, 0.0341661861267, 0.177337047254, 0.273096617332, 10.8926967632, 0.0996756109494, 0.470608947119, 0.290718058979, 1.48738243646, 0, 0.000000
2, 151.386527331, 34.6953035854, 151.379855969, 34.7023359652, 0.000208703247756, 0.000200260006057, 0.919412955103, 0.000208688457399, 0.000200243512419, 0.919397328236, 58183.258588, 58183.2589352, 625.677214984, 11.1299523629, 31.7168568929, 0.970023922781, 1.46347816032, 0.134583844608, 0.0152165551303, 0.110076592485, 0.137709017815, 8.76717999142, 0.12384098488, 0.305616856948, 0.185203572114, 1.2556695981, 0, 0.000000
3, 151.37642037, 34.6849493195, 151.374575361, 34.6787971812, 0.000141153423686, 0.000149411142397, 0.490536630858, 0.000142857359176, 0.000152959795996, 0.52399880133, 58183.258588, 58183.2589352, 347.928168151, 9.50758261978, 22.5348349658, 0.558949939003, 1.04950859716, 0.0822483662493, 0.0129895567778, 0.161215934714, 0.14506820973, 5.64942458994, 0.192185272583, -0.121883019037, 0.240790291483, 1.18067813417, 1, 0.000000
4, 151.426247513, 34.6674600604, 151.417118817, 34.6730063467, 0.000253743437537, 0.000237431885765, 0.943072979853, 0.000253877106403, 0.000237544512652, 0.943144699446, 58183.258588, 58183.2589352, 423.618649427, 9.73283397432, 33.1931610921, 0.90102047904, 1.75716165995, 0.152150581751, 0.0164083294349, 0.0772289467172, 0.165930072861, 6.69760260664, 0.16210818535, 0.318741392213, 0.231973819292, 1.3459791337, 0, 0.000000
5, 151.448926489, 34.2501216531, 151.445703669, 34.2484842948, 5.56543516452e-05, 5.78516618206e-05, 0.87209256924, 4.76722634851e-05, 4.82179949534e-05, 0.748625143974, 58183.258588, 58183.2589352, 233.781135641, 8.73995426112, 11.1169806612, 0.395526942551, 0.38576885016, 0.0327273195499, 0.0106349389313, 0.10479794878, 0.0784110494287, 7.63644760044, 0.142178177808, 0.151511249468, 0.162366643487, 1.07497908828, 0, 0.000000
6, 152.130406732, 34.2623381487, 152.127759697, 34.2657256514, 0.000149021068432, 0.000146048784935, 0.842436994237, 0.000151589455838, 0.000148935414313, 0.850610475255, 58183.258588, 58183.2589352, 252.700560855, 10.6344235794, 14.3392899691, 0.650081513408, 1.07011786353, 0.115737942267, 0.0301077374358, 0.164704593815, 0.180272125081, 4.78945090067, 0.226693253, 0.0233491930043, 0.289634027761, 1.30890500222, 3, 0.000000
7, 151.48560428, 34.235586363, 151.477910245, 34.2447284115, 7.44449915842e-05, 7.16619588935e-05, 0.709670858089, 0.000131923176899, 0.000125129546534, 0.968353624294, 58183.258588, 58183.2589352, 327.075460569, 10.0352038265, 39.5984328101, 0.366324702544, 0.742480894549, 0.0386695154087, 0.0033481860061, 0.0603149016463, 0.0996045911175, 4.18445171503, 0.259469167934, -0.384441965867, 0.277930429568, 1.28237855053, 5, 0.000000
8, 151.487147858, 34.2339125958, 151.479104441, 34.238490558, 0.000264403338242, 0.000249772763471, 0.932468366758, 0.000316280661078, 0.000298610742581, 0.967492815253, 58183.258588, 58183.2589352, 235.286583203, 10.1196869149, 28.7049957223, 0.258752401905, 2.01930047863, 0.0342849912052, 0.00412391905523, 0.107045796654, 0.139830071413, 6.38159287327, 0.170135611331, 0.121430904979, 0.220223920395, 1.3218125082, 3, 0.000000
9, 151.454366086, 34.2271900129, 151.450354172, 34.2329610463, 0.000310998123628, 0.000306468335237, 0.79594081874, 0.000310875850503, 0.00030633747354, 0.795655681632, 58183.258588, 58183.2589352, 207.310263477, 10.913506894, 23.6669462447, 0.904052613669, 2.21427971546, 0.228639120069, 0.0346598590415, 0.137296449713, 0.258706967887, 4.31837792458, 0.2514222293, 0.446152786031, 0.360752591979, 1.32208977481, 3, 0.000000
10, 151.488802256, 34.2283743943, 151.483151424, 34.2324169213, 0.000655697269823, 0.000615074926423, 0.930252321262, 0.000655697285443, 0.000615074942964, 0.930252325194, 58183.258588, 58183.2589352, 279.612452438, 10.425255474, 21.967107094, 1.33158175001, 4.58646118308, 0.583935469521, 0.0993289798055, 0.206205031052, 0.455178420328, 3.25202887218, 0.333864257494, 0.125845883717, 0.564493345191, 1.38310455179, 7, 0.000000
11, 151.4401028, 34.228006371, 151.43544614, 34.2244434024, 0.000409782864101, 0.000434447767684, 0.997584487771, 0.000138587109654, 0.000146980748155, 0.903264660206, 58183.258588, 58183.2589352, 210.910901087, 8.9249996113, 18.6499032701, 0.293713999976, 2.23372404061, 0.0580207374901, 0.0105738344283, 0.169386820173, 0.205351789799, 6.18462461727, 0.175554099391, 0.0281994968836, 0.270164023117, 1.28915586204, 0, 0.000000
12, 151.483440616, 34.2199077733, 151.466450382, 34.2263404147, 0.000830044736409, 0.000780794862371, 0.487981549623, 0.00123582046945, 0.00116034594846, 0.91376155438, 58183.258588, 58183.2589352, 640.400448412, 10.8896619359, 54.9378645342, 1.427546291, 7.32012526869, 0.460424226876, 0.0294518594543, 0.17549338699, 0.341104039239, 4.94361463048, 0.219623956541, -0.0357020821413, 0.405692799876, 1.2744454244, 3, 0.000000
13, 151.45210352, 34.2216159108, 151.444298262, 34.2244856299, 0.000330846594318, 0.000312407859264, 0.996884527842, 0.00011796386323, 0.000118610001103, 0.842652178256, 58183.258588, 58183.2589352, 240.00872584, 10.0241847245, 25.1130528713, 0.204373108429, 1.73637510344, 0.0199397381847, 0.00319191366381, 0.1033058595, 0.108484632942, 7.12999650167, 0.152277242283, 0.0407918740614, 0.186968644702, 1.50283434142, 3, 0.000000
14, 152.146969191, 34.2374817766, 152.145366893, 34.2344417701, 0.000500266797114, 0.000573608906816, 0.689601273941, 0.000500260622729, 0.000573602545211, 0.68958691867, 58183.258588, 58183.2589352, 2005.46543897, 8.01822968036, 11.7913379477, 1.08306721397, 3.91852239432, 0.592354572595, 0.20041120952, 2.84590904841, 0.573003070826, 14.6971600573, 0.07387387771, -0.713711403679, 0.577745505377, 16.1480651272, 3, 0.005000
15, 152.129389194, 34.2355882639, 152.118043311, 34.2345070959, 0.000958583061118, 0.000692344826865, 0.598398752846, 0.000925079484126, 0.000587773492973, 0.300088916928, 58183.258588, 58183.2589352, 4460.97532765, 6.62563766632, 33.5813595345, 6.48943375872, 6.54921600017, 1.24462779419, 0.121644686339, 0.827092195695, 0.364616007782, 33.932729364, 0.0319967248467, -0.182039944623, 0.366017244856, 1.27354107758, 0, 0.007000
16, 151.500360776, 34.2146587334, 151.499146704, 34.2177603142, 0.000215194463814, 0.000232619641295, 0.494968743447, 0.000215179583488, 0.000232613008906, 0.494808715716, 58183.258588, 58183.2589352, 250.235035207, 8.18241310475, 11.590926183, 0.925814953029, 1.62549068689, 0.232640535416, 0.0779648318761, 0.240405522317, 0.26282553283, 4.07664328601, 0.266330931746, -0.0715294817434, 0.37417833437, 1.28421352308, 0, 0.000000
17, 151.461934458, 34.2175595831, 151.451597078, 34.213339057, 0.000146068293861, 0.000151833933306, 0.839832955138, 0.000121310156037, 0.000122646286631, 0.594880155847, 58183.258588, 58183.2589352, 295.459737163, 11.4941197261, 33.893689709, 0.315003002405, 0.98369274383, 0.038630996026, 0.00413606777664, 0.105721820057, 0.119459403472, 4.37910450279, 0.247935669054, -0.311073048836, 0.275213816999, 1.37243314086, 1, 0.000000
18, 151.443300062, 34.2060814515, 151.441204542, 34.2034973733, 0.000118173145173, 0.00012858384735, 0.892087847727, 0.000114817221083, 0.000124085492638, 0.883834777022, 58183.258588, 58183.2589352, 256.144230297, 9.14135191827, 11.0615715913, 0.642385927319, 0.876587182541, 0.106713255365, 0.03625707726, 0.232105836535, 0.170130379116, 5.65000419554, 0.19216555726, 0.042491198267, 0.256655308332, 1.20966485266, 0, 0.000000
19, 151.456996226, 34.1940154868, 151.453455639, 34.1874227655, 0.00063610336027, 0.000713685902448, 0.737878954103, 0.000620567977042, 0.000698892940447, 0.711170572577, 58183.258588, 58183.2589352, 560.907293408, 8.1310373728, 25.6467845835, 1.78843561183, 4.86245942524, 0.684520160604, 0.0948677648993, 0.474580381532, 0.44420579192, 6.54671213057, 0.165844500736, -0.0523963203844, 0.474155231965, 1.3185812914, 6, 0.000000
