\
\ strid, ra1, dec1, ra2, dec2, ra1_err, dec1_err, corr1, ra2_err, dec2_err, corr2, start_mjd, end_mjd, flux, bg, length, sigma, length_err, sigma_err, pa_err, bg_err, fit_mag_err, ap_snr, ap_mag_err, dmag, dmag_err, chi2, numfit, prob
\ null, deg, deg, deg, deg, deg, deg, null, deg, deg, null, days, days, dn, dn, pixels, pixels, pixels, pixels, deg, dn, mag, null, mag, mag, mag, null, null, null
\
1, 144.295236033, 29.4069424211, 144.292772633, 29.4105362991, 0.000156781321213, 0.000170020426923, 0.798629550079, 0.00015678132014, 0.00017002042636, 0.798629545492, 58154.3093403, 58154.3096875, 839.792834749, 1.10701520521, 14.8790902889, 1.40957076555, 1.19382347063, 0.185159468248, 0.0490791280484, 0.287605318315, 0.142228531009, 20.9312169097, 0.0518716235871, 0.0398907976108, 0.15139227314, 1.36044670024, 0, 0.000000
2, 144.300302366, 29.354448078, 144.296160835, 29.3494652554, 0.000205869157193, 0.000214080297299, 0.869785747399, 0.000181256871858, 0.00019480278877, 0.818332554089, 58154.3093403, 58154.3096875, 1998.04794229, -2.05651706826, 21.8706134826, 2.5788307327, 1.49677528376, 0.271283576314, 0.0436648217791, 0.536604086799, 0.145898693237, 70.6793579983, 0.0153614327508, -0.0371405730271, 0.146705154322, 0.987491055232, 0, 0.061000
3, 144.341301258, 29.2844031273, 144.329470871, 29.3120560714, 2.47761445448e-05, 2.5320135467e-05, 0.655857579948, 2.47761441628e-05, 2.53201350316e-05, 0.655857554473, 58154.3093403, 58154.3096875, 10838.6679065, -0.3048614794, 104.905234568, 1.34041480689, 0.178516737325, 0.0106650745894, 0.000357595183219, 0.0134225591671, 0.00763756325488, 123.667865043, 0.00877945296768, 0.302329853925, 0.0116366303922, 1.86263896767, 0, 0.021000
4, 144.338648952, 29.2973394087, 144.33216121, 29.3067974891, 8.86971185535e-05, 9.15415880976e-05, 0.540291886837, 0.00017104310264, 0.000172902855091, 0.969344323875, 58154.3093403, 58154.3096875, 1605.92456226, 0.694584742538, 39.1739356207, 0.889414085723, 0.982546767127, 0.047541620634, 0.00429893347761, 0.148308310844, 0.0571917217898, 10.6799624062, 0.101661051178, -1.83290393832, 0.116644169884, 0.78479400451, 0, 0.001000
5, 144.339423265, 29.2761305042, 144.338396579, 29.2826254903, 5.31832093027e-05, 5.68169873789e-05, 0.270351695658, 5.31828728548e-05, 5.68167111383e-05, 0.270311450231, 58154.3093403, 58154.3096875, 1342.6592428, -0.946948496446, 23.3029175575, 0.996025901383, 0.394790687525, 0.0425050853329, 0.0066718922583, 0.0898229843104, 0.0427919728336, 50.0492120655, 0.0216933725817, -0.177478028626, 0.0479766125623, 1.35080825752, 0, 0.016000
6, 143.74486002, 29.1746178312, 143.744158973, 29.1710692314, 0.000462017582586, 0.000469068054025, 0.889364886929, 0.000346682853983, 0.000367204485314, 0.622873624821, 58154.3093403, 58154.3096875, 2273.64343513, -2.64974309094, 12.800507853, 0.221462028437, 3.00374577826, 0.0237037010915, 0.00698394044379, 1.45748544797, 0.241084402772, 43.568649915, 0.0249201250641, -0.309332108748, 0.242368937558, 152.688410092, 1, 0.004000
