\
\ strid, ra1, dec1, ra2, dec2, ra1_err, dec1_err, corr1, ra2_err, dec2_err, corr2, start_mjd, end_mjd, flux, bg, length, sigma, length_err, sigma_err, pa_err, bg_err, fit_mag_err, ap_snr, ap_mag_err, dmag, dmag_err, chi2, numfit, prob
\ null, deg, deg, deg, deg, deg, deg, null, deg, deg, null, days, days, dn, dn, pixels, pixels, pixels, pixels, deg, dn, mag, null, mag, mag, mag, null, null, null
\
1, 183.140112071, 8.85661364192, 183.138066239, 8.86053622485, 4.73557416462e-05, 4.82672561753e-05, 0.746042551172, 5.56137120625e-05, 5.83175817883e-05, 0.86473733775, 58230.2310648, 58230.231412, 1114.39762768, 20.566610837, 15.6911237783, 0.387943305004, 0.376924670013, 0.0242196361737, 0.00523548809313, 0.243126342805, 0.0588526350621, 24.6856669899, 0.0439824536724, 0.441196976818, 0.0734716876409, 1.16425011197, 0, 0.000000
2, 182.769731182, 8.74289661442, 182.765601964, 8.7487815585, 0.000556545143405, 0.000582713222984, 0.897701388946, 0.000556539276814, 0.000582707972356, 0.897697884172, 58230.2310648, 58230.231412, 1173.28687834, 33.817459789, 25.4618292937, 1.15726872826, 4.10089344901, 0.468759497442, 0.065229676772, 1.25684569434, 0.433898354954, 7.49693692543, 0.144823974852, -0.0888074050192, 0.45742952039, 1.23478590921, 0, 0.000000
3, 182.770248709, 8.74563023829, 182.769171018, 8.74182974884, 7.08508435608e-05, 7.39487413173e-05, 0.382117175563, 7.50176049631e-05, 7.7218843006e-05, 0.544962147593, 58230.2310648, 58230.231412, 829.079947351, 34.8489822958, 14.0349971691, 0.535777733686, 0.533677449194, 0.0563123961883, 0.0134178094452, 0.273758184273, 0.0999917984528, 6.03807293743, 0.179815019793, -0.525047652534, 0.205746934609, 1.43398481639, 4, 0.000000
4, 182.73065458, 8.73894642834, 182.729060125, 8.73119898705, 0.000187276739245, 0.000198334562108, 0.351714870767, 0.000187276739101, 0.000198334561226, 0.351714868076, 58230.2310648, 58230.231412, 919.718244959, 36.1443532211, 28.112532631, 1.29092344064, 1.38525127245, 0.154086941603, 0.020173641864, 0.107373502273, 0.120020650303, 3.42359227226, 0.317133618263, -0.391501306916, 0.33908507536, 1.16993177587, 1, 0.000000
5, 182.778504266, 8.7379390935, 182.777756389, 8.73140205594, 0.000113980523171, 0.000117830790076, 0.237888930208, 0.000112896114213, 0.000116144221301, 0.158765927352, 58230.2310648, 58230.231412, 1154.68492206, 35.3417531966, 23.3920168746, 0.563726542197, 0.823020478747, 0.0645021728217, 0.0105954117584, 0.31915598082, 0.114632633054, 10.8111345901, 0.100427591175, 0.0155356729122, 0.152401908224, 1.26483686575, 0, 0.000000
6, 182.716366247, 8.73246486422, 182.713187064, 8.73855288607, 0.000110722389558, 0.000115823278076, 0.82563598721, 0.000105380281067, 0.00010990040316, 0.787898972219, 58230.2310648, 58230.231412, 1053.90867057, 34.4569634753, 24.3579363078, 0.575406863352, 0.791492783902, 0.0636104325178, 0.00939611300325, 0.226324685147, 0.108652761219, 13.1312362927, 0.0826834717278, 0.340191298202, 0.136535632775, 1.18045488429, 5, 0.000000
7, 182.709386499, 8.73466016061, 182.706265437, 8.73607985114, 9.16918170625e-05, 8.80656320594e-05, 0.706580692864, 9.1502832286e-05, 8.75697112166e-05, 0.699245073365, 58230.2310648, 58230.231412, 568.544997678, 32.6208588487, 12.074435739, 0.663381921234, 0.645853835002, 0.0767725444743, 0.0242326328021, 0.275344112016, 0.118085209198, 7.26558862213, 0.14943540864, 0.158073053284, 0.190460121776, 1.56978011829, 0, 0.000000
8, 182.718442738, 8.72707981564, 182.71181012, 8.7337533826, 0.000501502285092, 0.000512690690425, 0.935217189589, 0.000501502284551, 0.000512690689294, 0.935217189371, 58230.2310648, 58230.231412, 2279.22701415, 34.9216535444, 33.2599503306, 1.96358576992, 3.6557891079, 0.458758673565, 0.0515574617048, 0.368349782835, 0.240842481866, 7.10838395598, 0.152740230618, -0.216865629334, 0.285192354597, 1.48430937902, 0, 0.000000
9, 182.736215867, 8.72942949115, 182.732251643, 8.72700380384, 0.000123343326126, 0.000120787267497, 0.986469269262, 5.25632189075e-05, 5.08232264428e-05, 0.429653649841, 58230.2310648, 58230.231412, 450.125408537, 37.4301642504, 16.3890346241, 0.185765332379, 0.667185758682, 0.0196587729527, 0.00515624293889, 0.388505625942, 0.108014485573, 4.77610058612, 0.227326913489, -0.691745222298, 0.251683640093, 1.14169691954, 8, 0.000000
10, 182.782946592, 8.72747896627, 182.779270683, 8.7177677991, 0.000774811218993, 0.00082355053786, 0.597958506648, 0.000774811295639, 0.000823550599671, 0.597958681431, 58230.2310648, 58230.231412, 2090.23803917, 37.1970020124, 36.8703737784, 2.24907800834, 5.77300489674, 0.741322285365, 0.0747115563137, 0.471285260429, 0.346167296615, 6.11019916066, 0.177692441148, -0.170045049109, 0.389109754294, 1.22703609905, 0, 0.000000
11, 182.720584527, 8.72341332524, 182.718878137, 8.72684810064, 0.000361562962268, 0.000404419837692, 0.724710479418, 0.000361562942083, 0.000404419811248, 0.724710429722, 58230.2310648, 58230.231412, 1109.2391627, 36.5611733458, 13.6043945773, 1.31923609021, 2.80269402752, 0.438545868974, 0.127712506835, 1.10611165874, 0.360172933696, 6.7060948336, 0.161902900525, -0.0577828944062, 0.39488870757, 1.32822968565, 0, 0.000000
12, 182.776092866, 8.7177371592, 182.775209602, 8.72389767047, 0.000403586233096, 0.000437364999409, 0.28390024329, 0.000403587115719, 0.000437369109087, 0.283912612527, 58230.2310648, 58230.231412, 946.154078871, 39.629129585, 22.1220296489, 1.09171200755, 3.0260337524, 0.350182836211, 0.0581670082967, 0.589483518871, 0.328018667005, 6.05516383591, 0.179307486004, 0.0320606103576, 0.373828062672, 1.25443313211, 1, 0.000000
13, 182.736286312, 8.7145319542, 182.734559985, 8.72061500227, 0.000300538582248, 0.000321245021562, 0.452198454534, 0.000315047897022, 0.00033543385739, 0.576064319923, 58230.2310648, 58230.231412, 1112.34987419, 37.3739827977, 22.4618716227, 0.925338123758, 2.28694096987, 0.233772279394, 0.0375709214007, 0.694243766154, 0.258600968791, 5.75692192966, 0.188596652521, -0.404105775486, 0.320067427899, 1.37033608046, 2, 0.000000
14, 182.780934431, 8.70220940304, 182.777955419, 8.70139275178, 0.000229996523348, 0.000206730755663, 0.495430325872, 0.000230257272484, 0.000206474569003, 0.491823872835, 58230.2310648, 58230.231412, 449.737290547, 34.1546268163, 10.8675248013, 0.790943796397, 1.58191978661, 0.216136780659, 0.0768414044632, 0.410026551091, 0.280171311279, 2.20128538908, 0.493228279325, -0.810209398887, 0.567247828721, 1.27777645039, 2, 0.000000
15, 182.734716517, 8.69363183812, 182.731125089, 8.69771508131, 0.000306712459389, 0.000317285659355, 0.921084844559, 0.000306712449837, 0.000317285655805, 0.921084838867, 58230.2310648, 58230.231412, 1078.17619079, 34.3004839612, 19.2364223314, 1.27976430551, 2.25300534906, 0.296503441362, 0.0587893358862, 0.336127973762, 0.237189180059, 11.9054291125, 0.0911967300383, 0.67054609056, 0.254117198762, 1.33481737636, 0, 0.000000
16, 182.722708529, 8.68990512479, 182.719261047, 8.69110867111, 0.000122182592103, 0.000122719642548, 0.742092551044, 0.000102065905286, 0.000104379606331, 0.416066676974, 58230.2310648, 58230.231412, 401.624465865, 30.3420485117, 12.8509818854, 0.294329481787, 0.80359191159, 0.0327492294784, 0.00901021074746, 0.219883889076, 0.113313296181, 6.45782681799, 0.168127178904, -0.157035017178, 0.202747753077, 0.916212613229, 0, 0.000000
