\
\ strid, ra1, dec1, ra2, dec2, ra1_err, dec1_err, corr1, ra2_err, dec2_err, corr2, start_mjd, end_mjd, flux, bg, length, sigma, length_err, sigma_err, pa_err, bg_err, fit_mag_err, ap_snr, ap_mag_err, dmag, dmag_err, chi2, numfit, prob
\ null, deg, deg, deg, deg, deg, deg, null, deg, deg, null, days, days, dn, dn, pixels, pixels, pixels, pixels, deg, dn, mag, null, mag, mag, mag, null, null, null
\
1, 108.831958126, 44.3046611979, 108.824560307, 44.3029482312, 2.51516633294e-05, 2.49177970866e-05, 0.531944331885, 2.47284027695e-05, 2.42120241671e-05, 0.463688223701, 58097.3913542, 58097.3917014, 390.855701375, -0.229420762714, 19.7826780081, 0.205172531988, 0.176451491454, 0.0199964208117, 0.00435240077552, 0.220657872041, 0.0981474190078, 25.2193480114, 0.0430517158599, 0.493694009334, 0.107174465692, 3.03750778943, 0, 0.000000
2, 108.442632339, 44.2526057378, 108.435963573, 44.2470955716, 0.000474256121666, 0.000500970568063, 0.932583443137, 0.000474256121612, 0.000500970568045, 0.932583443119, 58097.3913542, 58097.3917014, 2050.55159666, -1.26886360436, 25.9266186238, 1.48104120936, 3.51433824058, 0.434386918836, 0.0624295095931, 0.710466075643, 0.301880245136, 59.5681914701, 0.0182267780499, -0.627972294974, 0.30242998833, 23.4088496048, 0, 0.009000
3, 108.567300131, 44.1904901108, 108.560364912, 44.194330135, 0.000769642875026, 0.000718464805135, 0.904945132877, 0.000769601248799, 0.000718434588066, 0.904936498221, 58097.3913542, 58097.3917014, 1162.64087488, -0.925714470391, 22.3385839908, 1.51921553809, 5.4014622211, 0.748118399044, 0.121733800264, 1.42759589731, 0.549408277959, 50.9995617765, 0.0212891281207, 0.234437179086, 0.549820591526, 8.2522536427, 2, 0.008000
4, 108.542056554, 44.1575928706, 108.536971398, 44.1540824287, 0.000527562978652, 0.000546243981955, 0.911871211768, 0.000527562979908, 0.000546243983359, 0.911871212227, 58097.3913542, 58097.3917014, 1204.65401836, -1.98107863245, 18.0005051294, 1.41736820279, 3.89717974424, 0.558831628888, 0.119167035891, 1.00002022872, 0.419582187206, 41.0084345188, 0.0264759242214, -0.113613129625, 0.420416681857, 13.6828080644, 0, 0.001000
5, 107.749197283, 44.1311730774, 107.746466809, 44.1342933817, 0.000649885396363, 0.000693649129327, 0.767065799553, 0.000649885356935, 0.000693649102282, 0.767065758502, 58097.3913542, 58097.3917014, 876.633444482, -0.412075865339, 13.1025130539, 1.6147536082, 4.96992153646, 0.856719352565, 0.270705215757, 1.28580955295, 0.593307762428, 37.4534451996, 0.0289889541262, -0.0196378992023, 0.59401553887, 12.852269276, 1, 0.001000
6, 107.699803982, 44.0976880246, 107.696771335, 44.1012638497, 0.000379242994645, 0.000388235931227, 0.789865916415, 0.000379241214839, 0.000388233596409, 0.789863039776, 58097.3913542, 58097.3917014, 851.074270474, -1.90269059935, 14.8888682226, 1.13335511932, 2.77996007878, 0.389458146195, 0.100976325537, 0.704955054318, 0.358139544427, 21.2093677005, 0.0511913518635, -0.52328719526, 0.361779612179, 15.3099991506, 3, 0.000000
7, 108.687600349, 44.1015477907, 108.682448555, 44.1038288534, 0.000572909558947, 0.000515037140546, 0.816571584018, 0.00057290956084, 0.000515037142569, 0.816571586149, 58097.3913542, 58097.3917014, 1371.35978687, -3.49920074487, 15.4545179802, 1.49434168959, 3.98305890268, 0.626716421043, 0.159257423513, 1.54357944553, 0.460882784522, 32.3999947609, 0.0335103821088, -0.109281098232, 0.462099433865, 13.6692790735, 0, 0.001000
8, 108.389975744, 44.0879594348, 108.376973389, 44.0833156559, 0.000298480560126, 0.000297883092048, 0.736592310689, 0.000298480559434, 0.000297883091044, 0.736592306986, 58097.3913542, 58097.3917014, 3579.70592347, 2.20620692153, 37.0893205649, 1.46563212937, 2.13729417006, 0.221106885119, 0.0217693699492, 0.306252939018, 0.150062340184, 23.1607594285, 0.0468782644244, -0.868900385408, 0.157214113924, 30.6497227979, 2, 0.018000
9, 108.448815081, 44.0610748532, 108.440572772, 44.0618462563, 0.000938929751144, 0.000798520234522, 0.268158489974, 0.000938261952115, 0.000797902969019, 0.26328756649, 58097.3913542, 58097.3917014, 1317.98744434, -2.39608056313, 21.2395165814, 1.90123918897, 6.37918415829, 1.00558952498, 0.175613508507, 1.62181161127, 0.617516028697, 55.3774864601, 0.0196060939953, -0.00261968302308, 0.617827196407, 9.77576141521, 0, 0.007000
