\
\ strid, ra1, dec1, ra2, dec2, ra1_err, dec1_err, corr1, ra2_err, dec2_err, corr2, start_mjd, end_mjd, flux, bg, length, sigma, length_err, sigma_err, pa_err, bg_err, fit_mag_err, ap_snr, ap_mag_err, dmag, dmag_err, chi2, numfit, prob
\ null, deg, deg, deg, deg, deg, deg, null, deg, deg, null, days, days, dn, dn, pixels, pixels, pixels, pixels, deg, dn, mag, null, mag, mag, mag, null, null, null
\
1, 161.261896786, 40.4190767024, 161.254721619, 40.4226879716, 0.000181368878845, 0.000171234575802, 0.898809239155, 0.000194075747855, 0.000182989207018, 0.919160098262, 58183.2580903, 58183.2584375, 290.356432804, 8.82388489784, 23.2827821059, 0.506569478715, 1.30687664998, 0.113667468601, 0.0168529830905, 0.238182961045, 0.219129991413, 6.47922600237, 0.167571898921, 0.0924152687219, 0.275859193149, 1.48532237755, 1, 0.000000
2, 161.215227798, 40.4143848546, 161.214794821, 40.4112986641, 0.000135027501639, 0.000149188619852, 0.217121962365, 0.000135540422112, 0.000150273552796, 0.24760129932, 58183.2580903, 58183.2584375, 278.801163608, 10.9201328922, 11.034426584, 0.673655168901, 1.02980889685, 0.134627011232, 0.0421945353992, 0.284632433444, 0.197698006572, 5.66814525663, 0.191550525895, 0.0794447019808, 0.275274600669, 1.09719969603, 0, 0.000000
3, 161.244498603, 40.3806903856, 161.244376724, 40.4072052805, 0.000904506486378, 0.00117232262042, 0.165864865257, 0.000905931540113, 0.0011621952666, 0.123508624444, 58183.2580903, 58183.2584375, 20582.363689, 12.7186388786, 94.264148062, 13.2579626841, 7.88620572225, 1.39707661206, 0.0590117284997, 0.178868741382, 0.13529980222, 37.9618088501, 0.0286007500076, -0.0334145357205, 0.138289693693, 1.96112787397, 0, 0.004000
4, 161.274996477, 40.3757421665, 161.26326125, 40.3827954977, 0.000467530831589, 0.000438354260138, 0.900570475407, 0.000467532216909, 0.000438355486538, 0.900571107142, 58183.2580903, 58183.2584375, 1740.62260198, 14.970744348, 40.4857002268, 3.08516336546, 3.28700126374, 0.465841910472, 0.0438574238158, 0.119046622456, 0.161032461721, 16.8897566944, 0.0642837090199, 0.872401255286, 0.173389298901, 1.18577429827, 0, 0.000000
5, 161.267844656, 40.3597117295, 161.266136693, 40.3675002153, 0.000101874619018, 0.000106202619578, 0.0373366004804, 0.000110613427548, 0.000112200974404, 0.486518238823, 58183.2580903, 58183.2584375, 309.139478201, 12.490714415, 28.0722118539, 0.402150531684, 0.776033413822, 0.0503090137653, 0.00638337041888, 0.0867320147383, 0.120598766683, 4.95797853715, 0.218987677462, -0.116288678673, 0.24999933081, 0.905074111458, 8, 0.000000
6, 161.227619952, 40.3601141261, 161.219220865, 40.3643694592, 8.57325021477e-05, 8.23067425644e-05, 0.890845600743, 9.64884527231e-05, 9.29285320323e-05, 0.929919748312, 58183.2580903, 58183.2584375, 242.683313347, 14.585409613, 27.3248062925, 0.314280097079, 0.648097215916, 0.0423389873999, 0.00597611095355, 0.0959343859462, 0.129802350019, 5.23543406863, 0.207382270606, 0.134792406469, 0.244654973855, 1.60325004871, 0, 0.000000
7, 161.224775807, 40.3531175495, 161.221436933, 40.3455006323, 6.16872263844e-05, 6.44300407587e-05, 0.455638539933, 7.18686574697e-05, 7.57812121938e-05, 0.755520493596, 58183.2580903, 58183.2584375, 410.720742289, 11.3771503304, 28.5488666979, 0.429632100557, 0.48853337657, 0.0335557134299, 0.00421526461117, 0.0474601766524, 0.0744802865264, 7.45024954366, 0.14573152193, 0.0458280953289, 0.163661203604, 1.30401384267, 0, 0.000000
