\
\ strid, ra1, dec1, ra2, dec2, ra1_err, dec1_err, corr1, ra2_err, dec2_err, corr2, start_mjd, end_mjd, flux, bg, length, sigma, length_err, sigma_err, pa_err, bg_err, fit_mag_err, ap_snr, ap_mag_err, dmag, dmag_err, chi2, numfit, prob
\ null, deg, deg, deg, deg, deg, deg, null, deg, deg, null, days, days, dn, dn, pixels, pixels, pixels, pixels, deg, dn, mag, null, mag, mag, mag, null, null, null
\
1, 163.735882811, 10.9910921788, 163.725701313, 10.9868646782, 0.000104853326935, 9.83361512594e-05, 0.660795166865, 0.000104853326778, 9.83361509083e-05, 0.660795161637, 58153.4467245, 58153.4470717, 6926.60405783, 4.77241356417, 38.5697909572, 2.53796460779, 0.733735905098, 0.0962854192219, 0.00948292106302, 0.101937399126, 0.0390250276246, 67.7677610681, 0.0160214265256, 0.497952574624, 0.0421857664268, 1.59352991176, 1, 0.020000
2, 163.727343141, 10.9779139224, 163.703090393, 10.9758883495, 3.22950190697e-05, 3.05726343125e-05, 0.15194782193, 3.22950190477e-05, 3.0572634235e-05, 0.151947794358, 58153.4467245, 58153.4470717, 30018.5846792, 6.73597118131, 84.9275902476, 3.23788942429, 0.225241590064, 0.0228364014083, 0.000983580182009, 0.0155810445519, 0.00695091082175, 93.5994298785, 0.0115998164323, -0.175292753065, 0.0135229768363, 1.27216015597, 0, 0.061000
3, 163.773028735, 10.9818695635, 163.731219429, 10.9724332534, 0.000224819923486, 0.000211472192395, 0.40574824411, 0.00022481992311, 0.000211472191716, 0.405748232588, 58153.4467245, 58153.4470717, 50846.4138201, 7.85880872252, 149.681683224, 7.14434927454, 1.56749471452, 0.177519729359, 0.00437719000732, 0.0423634368845, 0.0250443712485, 268.606573638, 0.00404210585784, 1.32172954451, 0.0253684676517, 2.98043683693, 0, 0.005000
4, 163.730397585, 10.9802425573, 163.726208486, 10.9764186168, 0.000174393787224, 0.000173251049522, 0.868112815942, 0.000174393787268, 0.000173251049298, 0.868112815702, 58153.4467245, 58153.4470717, 2572.62374618, 10.5724363497, 19.9586114527, 2.48206090933, 1.28450766179, 0.220689416614, 0.0462502432407, 0.235167006752, 0.0981610218268, 14.5933803159, 0.0743992263106, -0.119907854953, 0.123169927668, 1.06095379584, 0, 0.007000
5, 163.737309251, 10.969481462, 163.735264579, 10.9674047277, 9.32227309738e-05, 9.49208226359e-05, 0.826067325475, 9.32227311908e-05, 9.49208228554e-05, 0.826067326283, 58153.4467245, 58153.4470717, 1936.15119525, 14.3627339145, 10.2654154187, 1.88452903486, 0.720519981631, 0.13697907586, 0.0635487829253, 0.287082000221, 0.0816685622488, 6.31600995964, 0.171902231266, -0.920842555059, 0.190315872102, 0.971038682081, 0, 0.000000
6, 163.715545824, 10.9633840485, 163.710567823, 10.96477949, 7.01959582602e-05, 6.61258809116e-05, 0.520470410941, 6.96903802148e-05, 6.57699307996e-05, 0.506906179727, 58153.4467245, 58153.4470717, 607.608672739, 13.6225490164, 18.0642894931, 0.739435610101, 0.487268657095, 0.0510147488506, 0.0103839139371, 0.0740083449225, 0.068367690215, 12.0259356291, 0.0902828884371, 0.244716909044, 0.113248139101, 0.721655297648, 0, 0.000000
7, 163.778611808, 10.9619299856, 163.762692416, 10.9571683227, 0.000102472369309, 9.80310132827e-05, 0.525228947707, 0.000102472369099, 9.80310129843e-05, 0.525228940201, 58153.4467245, 58153.4470717, 5556.92803098, 4.45432659759, 58.0676748313, 2.31840373456, 0.718806441557, 0.0749037282783, 0.00470238589118, 0.047931428209, 0.032296659072, 1.82178384672, 0.595974218738, -3.4688693681, 0.596848677294, 0.960733622339, 0, 0.004000
8, 163.705809921, 10.9601619388, 163.702094279, 10.9602399073, 0.000123437893355, 0.000106894683337, 0.0474284555987, 0.000123437789528, 0.000106894680689, 0.0474274429008, 58153.4467245, 58153.4470717, 587.413212376, 11.3454547678, 12.9682834665, 1.16453533063, 0.839529315222, 0.125376593, 0.0385574177262, 0.107072513062, 0.111767977622, 26.2411236864, 0.041375370115, 1.19980923573, 0.119180544024, 0.822943789423, 0, 0.001000
9, 163.679918719, 10.9478858511, 163.67419884, 10.9461690434, 0.000411497177725, 0.00034702508394, 0.488088241652, 0.000411497177169, 0.000347025082404, 0.488088231794, 58153.4467245, 58153.4470717, 1312.34055857, 6.25448768982, 20.8717774566, 2.58256859695, 2.81361721935, 0.484412502249, 0.0964476447017, 0.25454240353, 0.208789006145, 13.5882367972, 0.0799026555812, 0.254251310806, 0.223555996242, 1.23745671776, 0, 0.000000
10, 163.668061153, 10.9450703311, 163.653919262, 10.940014412, 0.000123917919229, 0.000118107788268, 0.462442690267, 0.000139790053446, 0.000135995347592, 0.723984751098, 58153.4467245, 58153.4470717, 6371.58505923, 1.37590620262, 52.5201615922, 2.13312271591, 0.933231618082, 0.0889647887131, 0.0060706876539, 0.147679225851, 0.043748092247, 67.8849793712, 0.0159937620195, 0.0896647545113, 0.0465799956933, 1.12993542526, 0, 0.153000
11, 163.712568901, 10.9321073574, 163.707493138, 10.9293148513, 0.000135262545647, 0.000131363380912, 0.802666634403, 0.000135255098174, 0.000131353794571, 0.802611286046, 58153.4467245, 58153.4470717, 726.119916413, 6.5561088803, 20.3041322163, 0.976470808666, 0.957754371175, 0.109119663314, 0.0197930513302, 0.164338451432, 0.113171324188, 10.9459237812, 0.0991909158566, 0.000470025756247, 0.150487828102, 1.22422283059, 0, 0.000000
12, 163.70694295, 10.9297135497, 163.702733332, 10.9278031439, 7.53397675978e-05, 7.15451516982e-05, 0.706537126122, 7.53316091797e-05, 7.15383045042e-05, 0.706432130301, 58153.4467245, 58153.4470717, 877.82601462, 6.88724686091, 16.1837538094, 0.96458475644, 0.529233955135, 0.0663374194152, 0.0154375281186, 0.130174202303, 0.0699675433956, 5.87600782924, 0.184774465302, -0.978041093547, 0.197577985, 1.11993697288, 1, 0.000000
13, 163.693569552, 10.9254690306, 163.685288081, 10.9231814719, 0.000254325161733, 0.000233193676632, 0.464641244654, 0.00025615297143, 0.000235462623916, 0.490325946686, 58153.4467245, 58153.4470717, 1685.66619154, 6.23567091949, 30.0226356549, 2.00361186536, 1.77203371718, 0.235598750218, 0.0293257528835, 0.197740980067, 0.124953995212, 12.9416087909, 0.0838949949967, -0.224945524011, 0.150505385634, 1.21292816509, 0, 0.000000
14, 163.688754408, 10.9278428247, 163.681507082, 10.9239055189, 0.000860213681619, 0.000656709193988, 0.821749162282, 0.000814470231201, 0.000584827773177, 0.760931071342, 58153.4467245, 58153.4470717, 4298.02434595, 3.24672116826, 28.9052231835, 6.44892175376, 6.37576711569, 1.72956482251, 0.163210414894, 1.73052048685, 0.599965189655, 43.7566128183, 0.0248130770374, -0.266170308385, 0.600478074196, 1.22612431745, 1, 0.022000
15, 163.513325488, 10.8405508555, 163.503706784, 10.8388704609, 5.04761009752e-05, 4.8122076454e-05, 0.320395352683, 5.04761124738e-05, 4.81220918115e-05, 0.320396930731, 58153.4467245, 58153.4470717, 14580.6817824, 0.173593805257, 34.1077813879, 1.23645585688, 0.353147251082, 0.0350897971951, 0.00373678583481, 0.307673972847, 0.0281382966546, 122.041524359, 0.00889644906074, 0.0376538921361, 0.0295111935461, 18.9638759858, 0, 0.565000
