\
\ strid, ra1, dec1, ra2, dec2, ra1_err, dec1_err, corr1, ra2_err, dec2_err, corr2, start_mjd, end_mjd, flux, bg, length, sigma, length_err, sigma_err, pa_err, bg_err, fit_mag_err, ap_snr, ap_mag_err, dmag, dmag_err, chi2, numfit, prob
\ null, deg, deg, deg, deg, deg, deg, null, deg, deg, null, days, days, dn, dn, pixels, pixels, pixels, pixels, deg, dn, mag, null, mag, mag, mag, null, null, null
\
1, 229.410912812, 47.4089405734, 229.408589951, 47.4128189526, 0.000205456165195, 0.000231153437475, 0.881675518561, 0.000151875875528, 0.000167599348015, 0.525941069253, 58230.3660648, 58230.366412, 879.487928566, -0.693794841679, 14.8811139947, 0.402264286663, 1.37467904668, 0.10639453959, 0.0242643645638, 1.26387120053, 0.251862440983, 30.4259621203, 0.0356845315347, -0.0982064244656, 0.254377819333, 55.7344866226, 1, 0.000000
2, 229.365276449, 47.3919889655, 229.363491602, 47.3945636467, 4.4508497283e-05, 4.95640639538e-05, 0.992023030786, 1.62411916362e-05, 1.59596224078e-05, 0.549399137996, 58230.3660648, 58230.366412, 2615.35533896, 2.85274881956, 10.112846697, 0.0719185647117, 0.250187596292, 0.0089245669496, 0.00597652374119, 0.958020813406, 0.123165725365, 50.4184683451, 0.0215344940137, -0.0130466903343, 0.125034116692, 422.614860044, 7, 0.021000
3, 229.405502257, 47.0278820564, 229.400026244, 47.030744662, 0.000342873642567, 0.000359919019748, 0.834943912353, 0.00034287364441, 0.000359919021637, 0.834943914629, 58230.3660648, 58230.366412, 541.936315337, 1.00970155384, 16.722335336, 1.49275127536, 2.55997512926, 0.387000722743, 0.0905641826631, 0.297889005724, 0.278396224778, 16.2668779408, 0.0667452112635, 0.188456935789, 0.286285488974, 5.34124153192, 0, 0.000000
4, 229.427301742, 47.0179942792, 229.42004738, 47.0216184477, 4.98187413297e-05, 5.40039447021e-05, 0.861006152969, 4.98372397864e-05, 5.40214331019e-05, 0.861140265394, 58230.3660648, 58230.366412, 667.930635109, 0.419272672896, 21.7973933653, 0.916886473085, 0.372709111055, 0.0398495146116, 0.00667684135769, 0.0558835646553, 0.0436572726485, 25.4084768185, 0.0427312590406, 0.233603382661, 0.0610894258796, 1.16821902674, 0, 0.000000
5, 229.445474155, 47.0101002453, 229.437009042, 47.0142121528, 8.15831265577e-05, 8.8107278057e-05, 0.84963488124, 8.1674293715e-05, 8.82273288618e-05, 0.850345445854, 58230.3660648, 58230.366412, 794.340428478, 0.314519816395, 25.1942242245, 1.05573391653, 0.609904156704, 0.0659108327037, 0.00941147026988, 0.109969871741, 0.0644057113496, 27.4164941615, 0.0396015697107, 0.155569073659, 0.0756067455853, 1.07679215379, 0, 0.000000
6, 229.50978893, 46.9787329312, 229.50248783, 46.9826491123, 7.39002410274e-05, 8.06940980569e-05, 0.886851773091, 7.38787489198e-05, 8.06740802748e-05, 0.886773864073, 58230.3660648, 58230.366412, 574.091114165, -0.0732970208824, 22.5269014504, 0.928010099233, 0.554987430352, 0.0591132716498, 0.00950824721743, 0.0851747644707, 0.0647064458083, 25.2126036226, 0.0430632322235, 0.0275256299208, 0.0777262252954, 1.1556313741, 0, 0.000000
7, 229.531272062, 46.9687113202, 229.520697297, 46.9736146095, 3.68911090783e-05, 4.00597712393e-05, 0.838743367756, 3.68982189847e-05, 4.00676580796e-05, 0.838854649326, 58230.3660648, 58230.366412, 980.328658648, 0.063816652126, 31.0173558345, 0.961827799628, 0.275461831124, 0.025396372036, 0.0029510568129, 0.0262624096513, 0.0260096410475, 31.4440152663, 0.0345291845066, 0.0597750174643, 0.0432292263419, 1.15885556586, 0, 0.000000
8, 229.364600252, 46.805209059, 229.364339877, 46.8080350884, 6.07479045348e-05, 7.10158959908e-05, 0.705285816408, 6.95994838831e-05, 9.25012590905e-05, 0.869981310127, 58230.3660648, 58230.366412, 356.119676406, -0.445396060717, 10.0680226236, 0.166137908997, 0.580299730224, 0.0147072312437, 0.0110693408456, 0.174455562578, 0.0803552928125, 19.0643205504, 0.0569512142795, -0.0323927011066, 0.0984906792083, 4.38827355561, 1, 0.000000
