\
\ strid, ra1, dec1, ra2, dec2, ra1_err, dec1_err, corr1, ra2_err, dec2_err, corr2, start_mjd, end_mjd, flux, bg, length, sigma, length_err, sigma_err, pa_err, bg_err, fit_mag_err, ap_snr, ap_mag_err, dmag, dmag_err, chi2, numfit, prob
\ null, deg, deg, deg, deg, deg, deg, null, deg, deg, null, days, days, dn, dn, pixels, pixels, pixels, pixels, deg, dn, mag, null, mag, mag, mag, null, null, null
\
1, 162.758671268, 10.7092857863, 162.749009746, 10.7075511953, 1.30532614342e-05, 1.2597268347e-05, 0.324926910893, 1.30531713297e-05, 1.2597027877e-05, 0.324833644544, 58153.4195602, 58153.4199074, 15266.7027393, 0.983744227173, 34.312859434, 1.02558949302, 0.0917384955434, 0.00831490252403, 0.000871418536872, 0.112542046192, 0.00798928898113, 122.994096024, 0.00882754733649, 0.0492561695413, 0.0119060627582, 1.27470280741, 0, 0.931000
2, 162.860956435, 9.9620256506, 162.856164052, 9.97126416913, 7.61746466305e-05, 7.49815487425e-05, 0.872230258605, 6.04955879634e-05, 5.92202688954e-05, 0.655568663445, 58153.4195602, 58153.4199074, 489.543041955, 16.2728087306, 36.905225667, 0.326960741917, 0.485250888359, 0.024540591854, 0.00190948173695, 0.0504016049044, 0.0617469309507, 6.74585758845, 0.160948580743, -0.146031293146, 0.172386568865, 1.11234544442, 2, 0.000000
3, 162.730174365, 9.95899637465, 162.730287487, 9.9542019671, 0.000284381397329, 0.000361605999129, 0.0284703553079, 0.000284381780646, 0.000361605999863, 0.0285145620177, 58153.4195602, 58153.4199074, 678.959363724, 15.3334193926, 17.0556965498, 2.31523450756, 2.42401654765, 0.436115587389, 0.107091908261, 0.219210479345, 0.217073469493, 1.87345822954, 0.579535848538, -1.02721222639, 0.61885595327, 1.22832149512, 0, 0.000000
4, 162.838328999, 9.95917291181, 162.835896793, 9.95615485727, 8.01347410491e-05, 8.17594693095e-05, 0.976745427087, 4.75196602194e-05, 4.67298550738e-05, 0.895593407921, 58153.4195602, 58153.4199074, 288.593366051, 17.1808374843, 13.6994433702, 0.33453232866, 0.481220794629, 0.0309518190439, 0.00834568570194, 0.141134499171, 0.0873871331642, 4.83469263116, 0.22457191958, -0.312640008758, 0.240975223014, 1.03005413367, 0, 0.000000
5, 162.818280568, 9.95434076056, 162.81103143, 9.95959059124, 0.000460802558532, 0.000441659119975, 0.901908067653, 0.000489720937183, 0.000472576469288, 0.91991484207, 58153.4195602, 58153.4199074, 1059.14865449, 15.5025352944, 31.5256791579, 1.53719277888, 3.36246743581, 0.384162620078, 0.0435031876851, 0.420842079032, 0.268992348954, 6.56640168168, 0.165347211059, -0.258289565339, 0.315747658742, 1.18738111025, 0, 0.000000
6, 162.800782634, 9.95252088376, 162.797946719, 9.94836734535, 4.29386947878e-05, 4.44551500164e-05, 0.670033607638, 8.77136693193e-05, 8.96844331315e-05, 0.975386500863, 58153.4195602, 58153.4199074, 258.044564028, 17.6600440416, 17.7961553051, 0.263467066749, 0.492780740806, 0.0356176657574, 0.00698192027928, 0.179335887439, 0.128780188301, 5.02747754627, 0.215960428419, -0.167755425423, 0.251442326472, 1.17608984939, 0, 0.000000
7, 162.764023856, 9.95139490903, 162.762618935, 9.94707628044, 0.000366916231271, 0.000409662621631, 0.549186506854, 0.000366916391933, 0.000409662801019, 0.549187409548, 58153.4195602, 58153.4199074, 508.029692159, 17.8495860377, 16.1252553862, 1.22220645355, 2.82001664372, 0.398674145785, 0.0941285705117, 0.479517045916, 0.348074301664, 5.87447903586, 0.184822551605, 0.221322906754, 0.39410036166, 1.39092001949, 0, 0.000000
8, 162.808379076, 9.94731137567, 162.804955324, 9.95215047525, 0.000104564993962, 0.000104672357854, 0.872746847252, 0.000123150445322, 0.000121605478263, 0.929551274999, 58153.4195602, 58153.4199074, 424.14059776, 19.1391350192, 20.9819454625, 0.497884919569, 0.812103103696, 0.068474170837, 0.0113920426428, 0.187362417941, 0.133294179224, 4.21838428707, 0.257382004785, -0.407772896175, 0.28984967587, 1.20125666487, 0, 0.000000
9, 162.807512461, 9.94590406658, 162.802594877, 9.94945797083, 4.48665562606e-05, 4.35156522106e-05, 0.879807240246, 6.47382457702e-05, 6.47295380074e-05, 0.974317120141, 58153.4195602, 58153.4199074, 381.578805223, 19.2461722973, 21.3706532621, 0.309162894653, 0.396456633122, 0.0209148473152, 0.00340435086095, 0.0773238180825, 0.0631485759953, 5.92533709292, 0.183236191922, -0.202248028052, 0.193812395579, 1.09058444957, 0, 0.000000
10, 162.798854086, 9.94759872963, 162.792586399, 9.94501705359, 0.000342720712266, 0.000333581301567, 0.669407579993, 0.000342743802182, 0.000333582606334, 0.66939795517, 58153.4195602, 58153.4199074, 360.970695626, 19.3569350564, 23.7916654801, 0.902022407828, 2.42306093755, 0.246244204358, 0.0376573011131, 0.154247216511, 0.271626368653, 8.53380886613, 0.127227621545, 1.00061707445, 0.299946248237, 1.22908415767, 0, 0.000000
